# Problem number  Optimum          TTS
               1     -882     0.002300
               2     -736     0.000655
               3     -786     0.000867
               4     -776     0.002480
               5     -850     0.001280
               6     -732     0.001240
               7     -784     0.000914
               8     -768     0.001560
               9     -834     0.001500
              10     -810     0.001900
              11     -854     0.000615
              12     -826     0.001580
              13     -754     0.001760
              14     -870     0.000984
              15     -824     0.000761
              16     -858     0.000736
              17     -776     0.001660
              18     -804     0.001960
              19     -694     0.001000
              20     -872     0.000614
              21     -816     0.003160
              22     -804     0.000600
              23     -804     0.002140
              24     -794     0.002200
              25     -852     0.000574
              26     -878     0.000779
              27     -848     0.000899
              28     -714     0.001420
              29     -778     0.000633
              30     -774     0.000870
              31     -744     0.001020
              32     -766     0.000996
              33     -778     0.001000
              34     -754     0.001180
              35     -778     0.002240
              36     -880     0.001280
              37     -748     0.002280
              38     -788     0.000617
              39     -800     0.000659
              40     -812     0.003940
              41     -790     0.000790
              42     -802     0.001380
              43     -752     0.000597
              44     -810     0.005020
              45     -822     0.001380
              46     -850     0.001300
              47     -710     0.002260
              48     -732     0.001240
              49     -810     0.000562
              50     -820     0.001920
              51     -854     0.001420
              52     -732     0.001840
              53     -812     0.002300
              54     -792     0.000763
              55     -812     0.000861
              56     -900     0.000752
              57     -864     0.004280
              58     -716     0.003420
              59     -776     0.001940
              60     -788     0.000611
              61     -776     0.000630
              62     -766     0.002200
              63     -756     0.001360
              64     -748     0.001280
              65     -848     0.001160
              66     -796     0.001120
              67     -790     0.000597
              68     -884     0.000508
              69     -762     0.005780
              70     -842     0.000952
              71     -882     0.000904
              72     -832     0.001500
              73     -810     0.000923
              74     -832     0.000729
              75     -736     0.005420
              76     -844     0.001060
              77     -740     0.001320
              78     -828     0.001540
              79     -800     0.000755
              80     -860     0.001100
              81     -860     0.000495
              82     -788     0.001040
              83     -810     0.000705
              84     -848     0.002080
              85     -784     0.001440
              86     -828     0.000929
              87     -780     0.000954
              88     -790     0.000935
              89     -754     0.000951
              90     -762     0.000933
              91     -758     0.005100
              92     -866     0.000876
              93     -780     0.001340
              94     -768     0.001160
              95     -836     0.002200
              96     -778     0.001120
              97     -732     0.001280
              98     -826     0.002760
              99     -786     0.002840
             100     -814     0.000817
             101     -790     0.001440
             102     -784     0.000649
             103     -768     0.000683
             104     -756     0.001660
             105     -768     0.001540
             106     -836     0.000907
             107     -834     0.001860
             108     -790     0.003120
             109     -848     0.001360
             110     -734     0.001320
             111     -830     0.000675
             112     -854     0.001200
             113     -794     0.001440
             114     -828     0.002120
             115     -832     0.003560
             116     -726     0.001100
             117     -854     0.000706
             118     -822     0.000497
             119     -806     0.001520
             120     -896     0.003740
             121     -710     0.007060
             122     -772     0.000734
             123     -820     0.000585
             124     -788     0.001480
             125     -852     0.001240
             126     -868     0.002680
             127     -834     0.001320
             128     -856     0.002080
             129     -752     0.000988
             130     -860     0.001820
             131     -754     0.000571
             132     -690     0.002780
             133     -790     0.000786
             134     -788     0.001220
             135     -786     0.000767
             136     -892     0.000695
             137     -838     0.001920
             138     -876     0.000684
             139     -874     0.000644
             140     -766     0.001440
             141     -888     0.001920
             142     -858     0.001380
             143     -796     0.001480
             144     -854     0.001460
             145     -848     0.002000
             146     -840     0.003120
             147     -810     0.002440
             148     -798     0.000940
             149     -776     0.004460
             150     -828     0.000557
             151     -846     0.001100
             152     -842     0.000541
             153     -882     0.000617
             154     -872     0.000693
             155     -822     0.000904
             156     -798     0.000833
             157     -846     0.000591
             158     -832     0.000992
             159     -774     0.001000
             160     -772     0.001260
             161     -860     0.000728
             162     -832     0.001620
             163     -808     0.000490
             164     -816     0.000752
             165     -758     0.000694
             166     -856     0.000621
             167     -800     0.001480
             168     -806     0.001740
             169     -910     0.001920
             170     -812     0.002600
             171     -790     0.002100
             172     -776     0.002040
             173     -784     0.000737
             174     -848     0.003180
             175     -778     0.000888
             176     -782     0.001040
             177     -816     0.002000
             178     -866     0.001060
             179     -766     0.001680
             180     -772     0.000805
             181     -760     0.004400
             182     -802     0.003320
             183     -778     0.001440
             184     -806     0.001460
             185     -792     0.001420
             186     -864     0.001320
             187     -788     0.002540
             188     -850     0.000794
             189     -828     0.000836
             190     -880     0.001880
             191     -750     0.000984
             192     -844     0.000485
             193     -832     0.001160
             194     -788     0.001740
             195     -772     0.001200
             196     -866     0.001580
             197     -778     0.000832
             198     -814     0.000820
             199     -806     0.003120
             200     -840     0.004120
             201     -726     0.000749
             202     -804     0.000694
             203     -784     0.000600
             204     -730     0.000577
             205     -836     0.001440
             206     -762     0.000694
             207     -802     0.002000
             208     -768     0.002940
             209     -766     0.001600
             210     -816     0.000613
             211     -846     0.015020
             212     -796     0.000916
             213     -774     0.001560
             214     -774     0.001200
             215     -792     0.004540
             216     -828     0.000554
             217     -830     0.000595
             218     -772     0.001560
             219     -828     0.000459
             220     -864     0.000998
             221     -780     0.000794
             222     -718     0.001360
             223     -772     0.000963
             224     -776     0.000896
             225     -660     0.001400
             226     -784     0.001500
             227     -794     0.001900
             228     -760     0.001860
             229     -748     0.003200
             230     -784     0.000850
             231     -876     0.003340
             232     -856     0.002400
             233     -850     0.001340
             234     -724     0.000666
             235     -820     0.000538
             236     -808     0.000739
             237     -784     0.003140
             238     -832     0.001000
             239     -750     0.004000
             240     -816     0.000847
             241     -840     0.000978
             242     -774     0.001480
             243     -790     0.001220
             244     -874     0.002280
             245     -872     0.000567
             246     -850     0.001200
             247     -794     0.001480
             248     -830     0.001940
             249     -870     0.001720
             250     -844     0.000707
             251     -772     0.002120
             252     -826     0.001680
             253     -812     0.000859
             254     -772     0.000600
             255     -808     0.001020
             256     -922     0.000978
             257     -746     0.001760
             258     -836     0.001040
             259     -800     0.000919
             260     -764     0.001300
             261     -870     0.001000
             262     -798     0.000747
             263     -806     0.002060
             264     -776     0.002440
             265     -808     0.001000
             266     -740     0.001560
             267     -724     0.000479
             268     -842     0.002340
             269     -822     0.001200
             270     -770     0.001340
             271     -748     0.001880
             272     -742     0.000620
             273     -822     0.000852
             274     -830     0.000958
             275     -740     0.006340
             276     -806     0.000821
             277     -820     0.003580
             278     -810     0.001680
             279     -814     0.000656
             280     -806     0.000785
             281     -794     0.002360
             282     -794     0.001520
             283     -732     0.005200
             284     -772     0.001160
             285     -800     0.003200
             286     -732     0.001400
             287     -772     0.002240
             288     -802     0.001280
             289     -832     0.001440
             290     -878     0.002620
             291     -826     0.000896
             292     -780     0.001440
             293     -748     0.001740
             294     -836     0.000982
             295     -878     0.000607
             296     -784     0.001320
             297     -752     0.000535
             298     -800     0.000893
             299     -828     0.002540
             300     -834     0.000929
             301     -830     0.001500
             302     -812     0.001880
             303     -816     0.003320
             304     -792     0.000816
             305     -730     0.002240
             306     -802     0.000936
             307     -802     0.002800
             308     -822     0.002460
             309     -824     0.001860
             310     -836     0.001700
             311     -922     0.000394
             312     -834     0.001100
             313     -742     0.002200
             314     -760     0.002160
             315     -766     0.001040
             316     -806     0.001500
             317     -774     0.001640
             318     -780     0.000517
             319     -740     0.005560
             320     -848     0.000847
             321     -802     0.001160
             322     -828     0.000692
             323     -860     0.001420
             324     -778     0.000969
             325     -794     0.001280
             326     -840     0.000805
             327     -794     0.000732
             328     -774     0.001320
             329     -802     0.000583
             330     -822     0.000790
             331     -728     0.000804
             332     -754     0.001360
             333     -806     0.003440
             334     -820     0.000540
             335     -836     0.000534
             336     -854     0.004560
             337     -780     0.001080
             338     -850     0.000761
             339     -822     0.001000
             340     -842     0.001460
             341     -806     0.003140
             342     -864     0.001180
             343     -830     0.001260
             344     -842     0.003860
             345     -768     0.001140
             346     -740     0.000954
             347     -886     0.002140
             348     -782     0.001000
             349     -786     0.000693
             350     -850     0.000653
             351     -762     0.001120
             352     -854     0.001120
             353     -786     0.000822
             354     -856     0.001640
             355     -832     0.004940
             356     -770     0.000584
             357     -820     0.001260
             358     -872     0.000727
             359     -842     0.001180
             360     -860     0.001600
             361     -790     0.001780
             362     -894     0.000855
             363     -844     0.001380
             364     -804     0.000583
             365     -798     0.000736
             366     -848     0.001360
             367     -782     0.000916
             368     -796     0.000928
             369     -898     0.000579
             370     -854     0.002100
             371     -788     0.000888
             372     -678     0.001120
             373     -858     0.000903
             374     -844     0.003620
             375     -848     0.001140
             376     -844     0.001040
             377     -846     0.001520
             378     -874     0.000847
             379     -794     0.002020
             380     -798     0.002080
             381     -812     0.001160
             382     -812     0.000600
             383     -802     0.001520
             384     -784     0.002180
             385     -758     0.001340
             386     -842     0.001840
             387     -810     0.001620
             388     -790     0.002080
             389     -864     0.000988
             390     -812     0.001060
             391     -796     0.000495
             392     -816     0.000593
             393     -838     0.000924
             394     -836     0.003140
             395     -806     0.000559
             396     -782     0.000952
             397     -828     0.003340
             398     -854     0.001000
             399     -848     0.001840
             400     -812     0.000916
             401     -876     0.002920
             402     -870     0.003180
             403     -820     0.001340
             404     -770     0.000718
             405     -764     0.001240
             406     -808     0.000618
             407     -820     0.021920
             408     -808     0.001480
             409     -806     0.002040
             410     -822     0.001140
             411     -796     0.000791
             412     -790     0.001500
             413     -770     0.000842
             414     -814     0.000742
             415     -852     0.001820
             416     -794     0.001020
             417     -884     0.001360
             418     -860     0.001000
             419     -814     0.001420
             420     -832     0.001180
             421     -842     0.001920
             422     -836     0.001020
             423     -758     0.001080
             424     -766     0.000624
             425     -822     0.000661
             426     -850     0.000952
             427     -814     0.000706
             428     -794     0.001320
             429     -758     0.001240
             430     -774     0.001460
             431     -808     0.001060
             432     -806     0.001560
             433     -826     0.002720
             434     -734     0.001480
             435     -738     0.001120
             436     -812     0.000627
             437     -776     0.001380
             438     -764     0.001360
             439     -856     0.001400
             440     -754     0.001980
             441     -822     0.000926
             442     -806     0.002520
             443     -830     0.000833
             444     -790     0.000478
             445     -826     0.000971
             446     -842     0.013860
             447     -752     0.003040
             448     -784     0.002480
             449     -756     0.003500
             450     -838     0.000782
             451     -750     0.000994
             452     -770     0.003260
             453     -916     0.002520
             454     -846     0.000921
             455     -812     0.000599
             456     -776     0.000588
             457     -768     0.001280
             458     -814     0.000564
             459     -854     0.000631
             460     -740     0.001700
             461     -790     0.001060
             462     -820     0.001640
             463     -758     0.001000
             464     -792     0.001040
             465     -784     0.003040
             466     -808     0.000602
             467     -756     0.000870
             468     -798     0.000907
             469     -858     0.000710
             470     -768     0.006600
             471     -718     0.002100
             472     -778     0.000845
             473     -826     0.004360
             474     -770     0.001360
             475     -808     0.002580
             476     -848     0.001780
             477     -840     0.000425
             478     -722     0.002580
             479     -806     0.001020
             480     -746     0.001360
             481     -758     0.001180
             482     -842     0.001020
             483     -748     0.000804
             484     -732     0.000792
             485     -874     0.001320
             486     -860     0.001140
             487     -780     0.000891
             488     -824     0.001140
             489     -774     0.003280
             490     -696     0.001120
             491     -808     0.000803
             492     -822     0.001900
             493     -842     0.001320
             494     -812     0.000669
             495     -878     0.003960
             496     -786     0.001460
             497     -758     0.001460
             498     -772     0.001440
             499     -778     0.000960
             500     -812     0.000622
             501     -804     0.001220
             502     -774     0.000551
             503     -730     0.000988
             504     -764     0.000602
             505     -822     0.000903
             506     -784     0.002080
             507     -842     0.001900
             508     -802     0.001700
             509     -798     0.002180
             510     -858     0.001120
             511     -892     0.004940
             512     -812     0.001360
             513     -780     0.000885
             514     -814     0.001500
             515     -834     0.000722
             516     -836     0.001000
             517     -794     0.000969
             518     -802     0.001500
             519     -824     0.001840
             520     -872     0.001260
             521     -808     0.002440
             522     -880     0.000570
             523     -778     0.003240
             524     -770     0.000762
             525     -778     0.001680
             526     -822     0.000845
             527     -752     0.000845
             528     -798     0.001580
             529     -820     0.001980
             530     -856     0.000512
             531     -780     0.000693
             532     -786     0.004320
             533     -788     0.001120
             534     -810     0.012640
             535     -840     0.001380
             536     -788     0.001720
             537     -802     0.000982
             538     -842     0.001000
             539     -830     0.000994
             540     -784     0.000623
             541     -894     0.002200
             542     -768     0.000582
             543     -838     0.001980
             544     -828     0.002480
             545     -768     0.006360
             546     -788     0.000643
             547     -680     0.001880
             548     -774     0.002300
             549     -828     0.001360
             550     -796     0.000702
             551     -860     0.000790
             552     -880     0.001700
             553     -758     0.002200
             554     -762     0.000839
             555     -814     0.002020
             556     -778     0.001240
             557     -834     0.000736
             558     -796     0.002680
             559     -818     0.000667
             560     -808     0.001880
             561     -792     0.000986
             562     -834     0.000756
             563     -872     0.001280
             564     -768     0.000747
             565     -836     0.002720
             566     -826     0.001300
             567     -782     0.002220
             568     -768     0.000509
             569     -748     0.001520
             570     -778     0.001200
             571     -854     0.000713
             572     -742     0.001320
             573     -844     0.003920
             574     -792     0.002280
             575     -680     0.001400
             576     -758     0.002540
             577     -814     0.001400
             578     -748     0.001080
             579     -786     0.000921
             580     -768     0.001060
             581     -770     0.003580
             582     -774     0.000673
             583     -802     0.001440
             584     -884     0.001700
             585     -794     0.000579
             586     -778     0.000833
             587     -896     0.002060
             588     -844     0.000426
             589     -784     0.000564
             590     -818     0.002960
             591     -822     0.004920
             592     -754     0.000945
             593     -792     0.000551
             594     -774     0.002080
             595     -866     0.000839
             596     -878     0.000883
             597     -716     0.000618
             598     -876     0.001880
             599     -802     0.001980
             600     -842     0.001000
             601     -856     0.001000
             602     -870     0.000984
             603     -782     0.001960
             604     -728     0.001880
             605     -788     0.001400
             606     -800     0.000969
             607     -742     0.001800
             608     -772     0.001320
             609     -792     0.002080
             610     -790     0.000873
             611     -812     0.000855
             612     -738     0.000688
             613     -756     0.000855
             614     -776     0.000718
             615     -762     0.000786
             616     -768     0.001400
             617     -802     0.000832
             618     -880     0.004920
             619     -868     0.000799
             620     -796     0.003200
             621     -806     0.001340
             622     -846     0.000739
             623     -684     0.006900
             624     -816     0.001160
             625     -728     0.001040
             626     -734     0.004420
             627     -776     0.001200
             628     -836     0.001520
             629     -854     0.000635
             630     -724     0.002380
             631     -756     0.007220
             632     -772     0.001280
             633     -880     0.002420
             634     -852     0.000988
             635     -812     0.001240
             636     -774     0.001700
             637     -754     0.001960
             638     -794     0.006400
             639     -780     0.002780
             640     -796     0.000753
             641     -838     0.001600
             642     -788     0.001120
             643     -712     0.000661
             644     -788     0.002680
             645     -770     0.001580
             646     -834     0.003540
             647     -776     0.001500
             648     -852     0.000904
             649     -784     0.001280
             650     -822     0.001800
             651     -752     0.002760
             652     -788     0.002720
             653     -730     0.001000
             654     -830     0.000996
             655     -850     0.000747
             656     -864     0.000521
             657     -850     0.000733
             658     -750     0.000859
             659     -824     0.001760
             660     -824     0.001280
             661     -768     0.001000
             662     -746     0.000579
             663     -764     0.009600
             664     -796     0.001100
             665     -852     0.000858
             666     -786     0.001380
             667     -800     0.000784
             668     -828     0.001320
             669     -832     0.001640
             670     -854     0.000824
             671     -738     0.000814
             672     -762     0.002160
             673     -834     0.002060
             674     -814     0.001260
             675     -854     0.000561
             676     -736     0.001220
             677     -826     0.001600
             678     -794     0.001560
             679     -802     0.003500
             680     -798     0.000552
             681     -808     0.002900
             682     -768     0.001000
             683     -820     0.000917
             684     -810     0.000649
             685     -776     0.001460
             686     -750     0.001080
             687     -770     0.001300
             688     -796     0.001080
             689     -790     0.000813
             690     -792     0.000591
             691     -800     0.000960
             692     -748     0.001240
             693     -782     0.000847
             694     -736     0.001280
             695     -778     0.001720
             696     -822     0.005640
             697     -810     0.001160
             698     -776     0.000883
             699     -766     0.001620
             700     -814     0.001460
             701     -804     0.000816
             702     -864     0.001220
             703     -840     0.001300
             704     -796     0.000975
             705     -796     0.000605
             706     -762     0.003500
             707     -738     0.001100
             708     -786     0.002440
             709     -900     0.000849
             710     -818     0.002360
             711     -838     0.001420
             712     -890     0.000487
             713     -794     0.000919
             714     -822     0.001620
             715     -814     0.001320
             716     -708     0.000839
             717     -836     0.002320
             718     -850     0.001380
             719     -832     0.001820
             720     -756     0.001180
             721     -858     0.001000
             722     -722     0.001480
             723     -840     0.001400
             724     -796     0.000542
             725     -752     0.007220
             726     -834     0.001160
             727     -802     0.000734
             728     -830     0.000500
             729     -794     0.002220
             730     -848     0.000624
             731     -812     0.000879
             732     -808     0.003100
             733     -768     0.002100
             734     -826     0.001620
             735     -736     0.001680
             736     -790     0.000580
             737     -738     0.000744
             738     -752     0.000849
             739     -790     0.000616
             740     -848     0.004480
             741     -798     0.001860
             742     -794     0.002820
             743     -840     0.000825
             744     -782     0.002600
             745     -870     0.000685
             746     -802     0.002760
             747     -812     0.038420
             748     -800     0.001860
             749     -808     0.002540
             750     -768     0.002140
             751     -814     0.000658
             752     -742     0.001120
             753     -832     0.000548
             754     -876     0.001140
             755     -854     0.001680
             756     -808     0.001120
             757     -800     0.001180
             758     -804     0.000938
             759     -862     0.000674
             760     -856     0.000756
             761     -842     0.000870
             762     -794     0.002560
             763     -796     0.001260
             764     -788     0.000406
             765     -868     0.000849
             766     -772     0.001640
             767     -900     0.001780
             768     -770     0.002380
             769     -816     0.000773
             770     -744     0.000613
             771     -854     0.001000
             772     -864     0.001200
             773     -812     0.000774
             774     -812     0.000743
             775     -812     0.001400
             776     -868     0.001220
             777     -808     0.001940
             778     -774     0.001900
             779     -832     0.002580
             780     -758     0.000574
             781     -810     0.001520
             782     -862     0.002180
             783     -778     0.000813
             784     -834     0.002000
             785     -766     0.001840
             786     -826     0.001840
             787     -822     0.002400
             788     -846     0.000980
             789     -806     0.001200
             790     -830     0.001140
             791     -730     0.002000
             792     -772     0.001080
             793     -844     0.001220
             794     -810     0.000906
             795     -760     0.000963
             796     -788     0.002280
             797     -746     0.001660
             798     -818     0.001320
             799     -766     0.008700
             800     -832     0.002620
             801     -744     0.003660
             802     -800     0.002020
             803     -754     0.003340
             804     -782     0.000909
             805     -852     0.001140
             806     -840     0.000523
             807     -802     0.000982
             808     -824     0.001200
             809     -810     0.001360
             810     -762     0.000971
             811     -892     0.001400
             812     -888     0.000870
             813     -796     0.001440
             814     -784     0.002520
             815     -816     0.000694
             816     -778     0.000746
             817     -810     0.001360
             818     -770     0.000744
             819     -852     0.000608
             820     -792     0.004220
             821     -792     0.000577
             822     -842     0.002980
             823     -774     0.000500
             824     -850     0.001080
             825     -758     0.001360
             826     -870     0.001340
             827     -812     0.001200
             828     -796     0.001480
             829     -800     0.000782
             830     -778     0.000740
             831     -844     0.000870
             832     -750     0.001780
             833     -846     0.001040
             834     -802     0.001860
             835     -778     0.000712
             836     -798     0.001220
             837     -772     0.000597
             838     -794     0.001400
             839     -806     0.001740
             840     -826     0.005920
             841     -852     0.000883
             842     -778     0.001120
             843     -870     0.001140
             844     -860     0.001800
             845     -762     0.001240
             846     -796     0.000903
             847     -780     0.001580
             848     -856     0.003620
             849     -794     0.000996
             850     -756     0.001780
             851     -810     0.000600
             852     -846     0.001160
             853     -848     0.002680
             854     -792     0.002100
             855     -784     0.001120
             856     -816     0.000996
             857     -798     0.001540
             858     -760     0.000816
             859     -804     0.000813
             860     -810     0.002860
             861     -828     0.002000
             862     -788     0.002200
             863     -832     0.001120
             864     -850     0.004200
             865     -798     0.000556
             866     -766     0.001280
             867     -744     0.004900
             868     -860     0.001180
             869     -804     0.001320
             870     -794     0.000584
             871     -878     0.001140
             872     -820     0.000744
             873     -852     0.000638
             874     -790     0.000755
             875     -828     0.001880
             876     -846     0.001340
             877     -796     0.001960
             878     -826     0.000883
             879     -708     0.003380
             880     -774     0.001040
             881     -794     0.001120
             882     -760     0.001240
             883     -788     0.000914
             884     -742     0.001060
             885     -770     0.001000
             886     -776     0.002760
             887     -796     0.002180
             888     -768     0.001000
             889     -790     0.002720
             890     -814     0.000478
             891     -864     0.000688
             892     -760     0.005320
             893     -802     0.000760
             894     -776     0.002500
             895     -846     0.001120
             896     -762     0.003560
             897     -852     0.001380
             898     -802     0.001760
             899     -756     0.000804
             900     -842     0.000858
             901     -782     0.001260
             902     -822     0.001040
             903     -804     0.001220
             904     -790     0.002020
             905     -842     0.000754
             906     -858     0.001120
             907     -844     0.004000
             908     -774     0.002160
             909     -772     0.001540
             910     -826     0.000581
             911     -822     0.002720
             912     -738     0.001000
             913     -852     0.001020
             914     -834     0.000761
             915     -770     0.001160
             916     -798     0.000849
             917     -790     0.002920
             918     -786     0.014720
             919     -790     0.000843
             920     -762     0.000564
             921     -806     0.001380
             922     -790     0.002160
             923     -828     0.001340
             924     -736     0.000800
             925     -794     0.000630
             926     -882     0.001880
             927     -806     0.000693
             928     -852     0.001040
             929     -780     0.001680
             930     -682     0.001040
             931     -804     0.000644
             932     -788     0.003100
             933     -784     0.002120
             934     -772     0.001760
             935     -914     0.001960
             936     -870     0.000876
             937     -846     0.000577
             938     -804     0.001160
             939     -802     0.000774
             940     -788     0.000744
             941     -728     0.003200
             942     -788     0.002860
             943     -808     0.001620
             944     -850     0.000647
             945     -754     0.001240
             946     -716     0.001300
             947     -804     0.001640
             948     -808     0.000781
             949     -776     0.002000
             950     -802     0.001640
             951     -850     0.001120
             952     -774     0.001840
             953     -738     0.001160
             954     -724     0.001920
             955     -814     0.001080
             956     -878     0.000868
             957     -854     0.002720
             958     -784     0.001980
             959     -858     0.000751
             960     -834     0.000399
             961     -754     0.003300
             962     -820     0.001600
             963     -746     0.001900
             964     -800     0.002360
             965     -746     0.002040
             966     -834     0.001780
             967     -762     0.001320
             968     -790     0.001360
             969     -806     0.002360
             970     -788     0.001000
             971     -750     0.001760
             972     -822     0.000856
             973     -758     0.000898
             974     -846     0.002100
             975     -830     0.000741
             976     -766     0.001000
             977     -784     0.001160
             978     -758     0.001920
             979     -832     0.000551
             980     -838     0.001060
             981     -756     0.001400
             982     -780     0.004420
             983     -774     0.000660
             984     -804     0.001680
             985     -870     0.000730
             986     -794     0.002920
             987     -828     0.000566
             988     -824     0.001340
             989     -812     0.000686
             990     -734     0.001280
             991     -754     0.001100
             992     -810     0.001640
             993     -782     0.001340
             994     -746     0.002240
             995     -784     0.000838
             996     -776     0.007100
             997     -880     0.000814
             998     -766     0.001600
             999     -796     0.000432
            1000     -794     0.000708
