N=8
Mode: 1
Seed: 131
Search strategy: 0
Target time to run: 10s
Initialising random weight matrix with 439 working nodes
439 working nodes out of 512
States are 0,1
           1       -432          1     0.00
           2       -435          1     0.00
          20       -436          1     0.00
         191       -437          1     0.02
        1157       -438          1     0.16
       36489       -438         15     5.16
       71851       -438         27    10.16
      107188       -438         34    15.16
      142524       -438         47    20.16
      177909       -438         60    25.16
      213204       -438         71    30.16
      248530       -438         78    35.16
      283891       -438         85    40.16
      319189       -438         95    45.16
      352666       -438        106    50.16
      388141       -438        115    55.18
      427177       -438        120    60.70
      470173       -438        125    66.78
      517459       -438        134    73.46
      569323       -438        145    80.81
      626527       -438        165    88.90
      689505       -438        182    97.80
      758665       -438        194   107.59
      834634       -438        215   118.35
      918211       -438        235   130.19
     1010123       -438        253   143.21
     1111362       -438        279   157.54
     1222500       -438        313   173.30
     1344961       -438        351   190.64
     1479686       -438        391   209.71
     1628044       -438        416   230.69
     1791247       -438        458   253.76
     1918243       -438        500   271.71
Time to solution 0.54342s, assuming true minimum is -438
