N=8
Mode: 1
Seed: 363
Search strategy: 0
Target time to run: 10s
Initialising random weight matrix with 439 working nodes
439 working nodes out of 512
States are 0,1
           1       -375          1     0.00
           3       -380          1     0.00
          10       -383          1     0.00
          22       -384          1     0.00
          29       -385          1     0.00
          41       -386          1     0.00
         193       -387          1     0.03
         323       -388          1     0.04
       34953       -388         13     5.04
       69632       -388         33    10.04
      104294       -388         48    15.04
      138909       -388         63    20.04
      173580       -388         76    25.04
      208280       -388         95    30.04
      242884       -388        106    35.04
      277604       -388        123    40.04
      312247       -388        133    45.04
      346920       -388        148    50.04
      381587       -388        158    55.05
      419770       -388        165    60.56
      461780       -388        190    66.62
      507993       -388        209    73.29
      558808       -388        241    80.62
      614761       -388        269    88.69
      676188       -388        293    97.56
      743708       -388        322   107.32
      818145       -388        357   118.06
      900057       -388        387   129.87
      989971       -388        433   142.86
     1088955       -388        491   157.15
     1106350       -388        500   159.65
Time to solution 0.3193s, assuming true minimum is -388
