N=8
Mode: 1
Seed: 443
Search strategy: 0
Target time to run: 10s
Initialising random weight matrix with 439 working nodes
439 working nodes out of 512
States are 0,1
           1       -444          1     0.00
           2       -445          1     0.00
          11       -448          1     0.00
        2811       -449          1     0.39
       38692       -449         28     5.39
       74600       -449         49    10.39
      110537       -449         74    15.39
      146467       -449         91    20.39
      182440       -449        119    25.39
      218335       -449        135    30.39
      254291       -449        154    35.39
      290222       -449        173    40.39
      326106       -449        189    45.39
      362027       -449        210    50.39
      398268       -449        232    55.43
      438151       -449        255    60.98
      481968       -449        274    67.08
      530132       -449        305    73.79
      583190       -449        336    81.17
      641500       -449        361    89.29
      705684       -449        398    98.22
      776321       -449        431   108.05
      854014       -449        482   118.86
      900639       -449        500   125.35
Time to solution 0.2507s, assuming true minimum is -449
