N=8
Mode: 1
Seed: 450
Search strategy: 0
Target time to run: 10s
Initialising random weight matrix with 439 working nodes
439 working nodes out of 512
States are 0,1
           1       -431          1     0.00
           2       -436          1     0.00
           3       -438          1     0.00
         109       -439          1     0.02
        2675       -440          1     0.43
       35566       -440         30     5.43
       68500       -440         58    10.43
      101321       -440         86    15.43
      134283       -440        120    20.43
      167172       -440        150    25.43
      200117       -440        191    30.43
      233042       -440        220    35.43
      265955       -440        258    40.43
      298841       -440        288    45.43
      331737       -440        322    50.43
      364885       -440        356    55.48
      401498       -440        392    61.03
      441632       -440        437    67.14
      485845       -440        497    73.86
      489129       -440        500    74.36
Time to solution 0.14872s, assuming true minimum is -440
