N=8
Mode: 1
Seed: 535
Search strategy: 0
Target time to run: 10s
Initialising random weight matrix with 439 working nodes
439 working nodes out of 512
States are 0,1
           1       -401          1     0.00
          45       -402          1     0.00
         124       -403          1     0.02
         807       -404          1     0.11
       36007       -404          6     5.11
       71333       -404         16    10.11
      106607       -404         22    15.11
      141902       -404         28    20.11
      177197       -404         34    25.11
      212434       -404         41    30.11
      247708       -404         49    35.11
      283070       -404         57    40.11
      318250       -404         65    45.11
      353572       -404         70    50.11
      388995       -404         78    55.13
      427962       -404         86    60.65
      470765       -404         94    66.72
      517896       -404        109    73.40
      569873       -404        124    80.75
      626866       -404        137    88.83
      689563       -404        152    97.72
      758671       -404        170   107.50
      834542       -404        187   118.26
      918107       -404        205   130.09
     1009973       -404        225   143.10
     1111036       -404        246   157.41
     1221918       -404        268   173.16
     1344311       -404        289   190.48
     1478770       -404        320   209.53
     1626853       -404        346   230.49
     1789741       -404        379   253.54
     1968833       -404        406   278.90
     2165546       -404        447   306.79
     2382221       -404        495   337.47
     2428235       -404        500   343.99
Time to solution 0.68798s, assuming true minimum is -404
