N=8
Mode: 1
Seed: 567
Search strategy: 0
Target time to run: 10s
Initialising random weight matrix with 439 working nodes
439 working nodes out of 512
States are 0,1
           1       -399          1     0.00
           2       -404          1     0.00
           9       -405          1     0.00
          44       -407          1     0.00
         226       -408          1     0.03
        4797       -409          1     0.70
       38949       -409         14     5.70
       72870       -409         18    10.70
      107072       -409         25    15.70
      141299       -409         37    20.70
      175516       -409         42    25.70
      209686       -409         49    30.70
      243823       -409         57    35.70
      277998       -409         64    40.70
      312241       -409         73    45.70
      346373       -409         78    50.70
      381041       -409         85    55.78
      419211       -409         96    61.36
      461207       -409        104    67.50
      507326       -409        117    74.25
      558019       -409        132    81.68
      613809       -409        145    89.85
      675169       -409        158    98.84
      742626       -409        174   108.73
      817001       -409        182   119.61
      898740       -409        201   131.58
      988618       -409        220   144.74
     1087045       -409        241   159.22
     1195802       -409        267   175.15
     1315492       -409        297   192.67
     1447173       -409        321   211.94
     1591958       -409        353   233.14
     1751276       -409        394   256.46
     1924333       -409        438   282.11
     2117084       -409        484   310.33
     2224002       -409        500   325.98
Time to solution 0.65196s, assuming true minimum is -409
