N=8
Mode: 1
Seed: 726
Search strategy: 0
Target time to run: 10s
Initialising random weight matrix with 439 working nodes
439 working nodes out of 512
States are 0,1
           1       -406          1     0.00
          14       -408          1     0.00
         263       -409          1     0.04
        1357       -410          1     0.19
       37186       -410         20     5.19
       73105       -410         40    10.20
      108916       -410         71    15.20
      144736       -410         89    20.20
      180542       -410        115    25.20
      216305       -410        141    30.20
      252134       -410        163    35.20
      287759       -410        184    40.20
      323585       -410        211    45.20
      359414       -410        237    50.20
      395489       -410        264    55.23
      435122       -410        293    60.76
      478632       -410        327    66.84
      526511       -410        366    73.53
      579195       -410        409    80.89
      637183       -410        450    88.98
      695221       -410        500    97.08
Time to solution 0.19416s, assuming true minimum is -410
