N=8
Mode: 1
Seed: 760
Search strategy: 0
Target time to run: 10s
Initialising random weight matrix with 439 working nodes
439 working nodes out of 512
States are 0,1
           1       -421          1     0.00
           3       -422          1     0.00
          12       -423          1     0.00
          22       -425          1     0.00
          45       -426          1     0.00
         387       -427          1     0.05
        5560       -428          1     0.78
       41014       -428          7     5.78
       76508       -428         14    10.79
      111992       -428         18    15.79
      147476       -428         27    20.79
      182901       -428         30    25.79
      218371       -428         37    30.79
      253812       -428         38    35.79
      289263       -428         42    40.79
      324769       -428         47    45.79
      360186       -428         51    50.79
      396225       -428         59    55.87
      435950       -428         66    61.46
      479624       -428         70    67.61
      527662       -428         78    74.38
      580443       -428         86    81.82
      638536       -428         98    90.01
      702416       -428        105    99.02
      772782       -428        116   108.93
      850123       -428        127   119.83
      935195       -428        143   131.82
     1028647       -428        161   145.01
     1131606       -428        177   159.52
     1244697       -428        191   175.48
     1369179       -428        210   193.03
     1506264       -428        233   212.34
     1656885       -428        255   233.58
     1822316       -428        269   256.94
     2004364       -428        298   282.64
     2204627       -428        327   310.91
     2424820       -428        361   342.01
     2667373       -428        398   376.22
     2934126       -428        449   413.85
     3201365       -428        500   451.53
Time to solution 0.90306s, assuming true minimum is -428
