N=8
Mode: 1
Seed: 858
Search strategy: 0
Target time to run: 10s
Initialising random weight matrix with 439 working nodes
439 working nodes out of 512
States are 0,1
           1       -433          1     0.00
           2       -437          1     0.00
           3       -438          1     0.00
           8       -439          1     0.00
          29       -440          1     0.00
         437       -442          1     0.06
         913       -443          1     0.14
       33517       -443          6     5.14
       66112       -443          8    10.14
       98664       -443         11    15.14
      131198       -443         13    20.14
      163810       -443         18    25.14
      196474       -443         21    30.14
      229095       -443         23    35.14
      261768       -443         30    40.14
      294378       -443         36    45.14
      326952       -443         39    50.14
      359734       -443         41    55.16
      395795       -443         42    60.68
      434918       -443         48    66.75
      478468       -443         55    73.43
      526408       -443         62    80.78
      579106       -443         69    88.86
      637105       -443         75    97.75
      700917       -443         82   107.53
      771112       -443         91   118.29
      848094       -443        101   130.12
      933111       -443        106   143.14
     1026515       -443        113   157.46
     1129342       -443        133   173.21
     1242409       -443        142   190.54
     1366508       -443        155   209.60
     1503239       -443        169   230.56
     1653654       -443        188   253.62
     1819068       -443        205   278.99
     2000986       -443        221   306.89
     2199660       -443        238   337.58
     2420127       -443        251   371.34
     2662575       -443        282   408.48
     2929033       -443        301   449.33
     3222321       -443        335   494.27
     3544581       -443        386   543.70
     3899507       -443        413   598.07
     4288843       -443        466   657.88
     4589623       -443        500   704.06
Time to solution 1.40812s, assuming true minimum is -443
