N=8
Mode: 1
Seed: 876
Search strategy: 0
Target time to run: 10s
Initialising random weight matrix with 439 working nodes
439 working nodes out of 512
States are 0,1
           1       -418          1     0.00
           3       -419          1     0.00
           6       -420          1     0.00
          10       -421          1     0.00
          23       -422          1     0.00
         361       -423          1     0.04
       35656       -423         33     5.04
       70988       -423         61    10.04
      106334       -423         92    15.04
      141677       -423        127    20.04
      176957       -423        162    25.04
      212283       -423        191    30.04
      247514       -423        220    35.04
      282936       -423        253    40.04
      318376       -423        283    45.04
      353848       -423        313    50.04
      389211       -423        342    55.05
      428238       -423        372    60.56
      471074       -423        411    66.62
      518212       -423        457    73.29
      566678       -423        500    80.16
Time to solution 0.16032s, assuming true minimum is -423
