N=8
Mode: 1
Seed: 884
Search strategy: 0
Target time to run: 10s
Initialising random weight matrix with 439 working nodes
439 working nodes out of 512
States are 0,1
           1       -410          1     0.00
           2       -412          1     0.00
           7       -414          1     0.00
          19       -415          1     0.00
          52       -416          1     0.01
        1131       -417          1     0.18
       32949       -417         10     5.18
       64837       -417         25    10.18
       96693       -417         32    15.18
      128530       -417         38    20.18
      160485       -417         42    25.18
      192309       -417         48    30.18
      224173       -417         56    35.18
      256005       -417         61    40.18
      287888       -417         71    45.18
      319808       -417         76    50.18
      351774       -417         82    55.20
      387059       -417         93    60.73
      425748       -417        103    66.81
      468459       -417        122    73.50
      515372       -417        139    80.86
      566895       -417        149    88.95
      623635       -417        161    97.85
      685973       -417        179   107.64
      754675       -417        195   118.41
      830023       -417        212   130.26
      913074       -417        236   143.29
     1004475       -417        252   157.62
     1104942       -417        290   173.39
     1215471       -417        325   190.73
     1337187       -417        363   209.81
     1471027       -417        402   230.80
     1618350       -417        446   253.89
     1780198       -417        482   279.28
     1838440       -417        500   288.42
Time to solution 0.57684s, assuming true minimum is -417
