N=8
Mode: 1
Seed: 967
Search strategy: 0
Target time to run: 10s
Initialising random weight matrix with 439 working nodes
439 working nodes out of 512
States are 0,1
           1       -420          1     0.00
           2       -422          1     0.00
           5       -424          1     0.00
          12       -425          1     0.00
          36       -426          1     0.00
         455       -427          1     0.06
        3579       -428          1     0.47
       41003       -428         24     5.47
       78526       -428         41    10.47
      116022       -428         61    15.47
      153473       -428         81    20.47
      191071       -428        100    25.47
      228606       -428        116    30.47
      266068       -428        146    35.47
      303488       -428        159    40.47
      341029       -428        177    45.47
      378505       -428        203    50.47
      416363       -428        221    55.52
      458023       -428        246    61.08
      503840       -428        272    67.19
      554302       -428        297    73.91
      609728       -428        319    81.31
      670846       -428        343    89.45
      737919       -428        369    98.40
      811868       -428        413   108.25
      893060       -428        460   119.08
      982488       -428        499   130.99
      990734       -428        500   132.09
Time to solution 0.26418s, assuming true minimum is -428
