N=8
Mode: 1
Seed: 97
Search strategy: 0
Target time to run: 10s
Initialising random weight matrix with 439 working nodes
439 working nodes out of 512
States are 0,1
           1       -431          1     0.00
          32       -433          1     0.00
         126       -434          1     0.02
        2976       -435          1     0.42
       38517       -435         19     5.42
       74019       -435         31    10.42
      109544       -435         55    15.42
      145037       -435         71    20.42
      180499       -435         86    25.42
      216015       -435        107    30.42
      251522       -435        129    35.42
      286924       -435        154    40.42
      322397       -435        183    45.42
      357967       -435        205    50.42
      393811       -435        221    55.47
      433227       -435        249    61.02
      476606       -435        276    67.13
      524375       -435        302    73.85
      576831       -435        334    81.24
      634515       -435        364    89.37
      697976       -435        387    98.31
      767889       -435        434   108.15
      844710       -435        477   118.97
      877499       -435        500   123.58
Time to solution 0.24716s, assuming true minimum is -435
