N=8
Mode: 1
Seed: 995
Search strategy: 0
Target time to run: 10s
Initialising random weight matrix with 439 working nodes
439 working nodes out of 512
States are 0,1
           1       -401          1     0.00
           2       -402          1     0.00
           3       -407          1     0.00
           9       -408          1     0.00
          35       -409          1     0.00
         177       -410          1     0.02
         229       -411          1     0.03
       36562       -411         16     5.03
       72931       -411         32    10.04
      109138       -411         52    15.04
      145527       -411         70    20.04
      181708       -411         81    25.04
      218008       -411         97    30.04
      254280       -411        115    35.04
      290567       -411        129    40.04
      326871       -411        143    45.04
      363096       -411        158    50.04
      399452       -411        168    55.05
      439503       -411        179    60.56
      483425       -411        198    66.62
      531801       -411        215    73.29
      584981       -411        230    80.62
      643554       -411        248    88.69
      707905       -411        278    97.56
      778736       -411        314   107.32
      856591       -411        345   118.06
      942230       -411        375   129.87
     1036511       -411        407   142.86
     1140218       -411        453   157.15
     1241865       -411        500   171.17
Time to solution 0.34234s, assuming true minimum is -411
