N=8
Mode: 3
Seed: 143
Target time to run: 10s
Initialising random weight matrix with 439 working nodes
439 working nodes out of 512
States are -1,1
           1       -923          1     0.00
           3       -927          1     0.00
          24       -931          1     0.00
          31       -935          1     0.01
         397       -939          1     0.10
       12314       -939         38     5.10
       24813       -939         86    10.10
       36780       -939        130    15.13
       48800       -939        172    20.15
       60620       -939        207    25.15
       71877       -939        237    30.16
       83248       -939        265    35.16
       94638       -939        299    40.16
      105860       -939        334    45.16
      117853       -939        376    50.19
      129435       -939        414    55.25
      142745       -939        464    60.82
      156857       -939        491    66.91
      159137       -939        500    67.79
Time to solution 0.13558s, assuming true minimum is -939
