N=8
Mode: 3
Seed: 184
Target time to run: 10s
Initialising random weight matrix with 439 working nodes
439 working nodes out of 512
States are -1,1
           1       -929          1     0.00
           2       -933          1     0.00
           5       -937          1     0.00
          13       -941          1     0.00
          27       -949          1     0.00
         132       -953          1     0.03
       10108       -953         19     5.05
       20476       -953         29    10.06
       31057       -953         41    15.06
       41555       -953         52    20.07
       52168       -953         69    25.07
       62684       -953         82    30.07
       73369       -953        107    35.07
       83617       -953        115    40.07
       94490       -953        133    45.07
      104932       -953        143    50.07
      115311       -953        154    55.08
      126951       -953        168    60.59
      139529       -953        183    66.69
      153590       -953        205    73.36
      169057       -953        233    80.72
      185848       -953        253    88.82
      204822       -953        283    97.75
      225033       -953        314   107.53
      247627       -953        343   118.33
      272386       -953        382   130.17
      299788       -953        427   143.19
      329736       -953        460   157.51
      360018       -953        500   172.10
Time to solution 0.3442s, assuming true minimum is -953
