N=8
Mode: 3
Seed: 199
Target time to run: 10s
Initialising random weight matrix with 439 working nodes
439 working nodes out of 512
States are -1,1
           1       -901          1     0.00
           2       -921          1     0.00
           3       -929          1     0.00
          32       -933          1     0.01
         152       -937          1     0.04
       12094       -937         48     5.04
       23017       -937         91    10.04
       34195       -937        129    15.04
       45176       -937        167    20.04
       56422       -937        205    25.04
       67545       -937        243    30.06
       78629       -937        286    35.06
       89465       -937        331    40.06
       99088       -937        361    45.06
      110134       -937        403    50.06
      117835       -937        427    55.18
      129741       -937        474    60.70
      135213       -937        500    63.90
Time to solution 0.1278s, assuming true minimum is -937
