N=8
Mode: 3
Seed: 209
Target time to run: 10s
Initialising random weight matrix with 439 working nodes
439 working nodes out of 512
States are -1,1
           1       -889          1     0.00
           2       -901          1     0.00
          12       -905          1     0.00
          84       -909          1     0.02
          98       -913          1     0.02
       11152       -913         29     5.02
       22529       -913         71    10.02
       34317       -913        114    15.02
       45927       -913        146    20.02
       57197       -913        175    25.02
       67859       -913        210    30.02
       80046       -913        257    35.05
       91729       -913        294    40.05
      102788       -913        333    45.05
      114597       -913        370    50.05
      125919       -913        400    55.08
      138979       -913        445    60.60
      152949       -913        490    66.67
      157369       -913        500    68.61
Time to solution 0.13722s, assuming true minimum is -913
