N=8
Mode: 3
Seed: 22
Target time to run: 10s
Initialising random weight matrix with 439 working nodes
439 working nodes out of 512
States are -1,1
           1       -941          1     0.00
           6       -945          1     0.00
           8       -949          1     0.00
          33       -957          1     0.01
         608       -961          1     0.29
       10021       -961         19     5.29
       19765       -961         35    10.29
       29335       -961         56    15.35
       38674       -961         79    20.35
       48137       -961         95    25.35
       57300       -961        119    30.35
       66897       -961        142    35.35
       76777       -961        164    40.35
       86646       -961        186    45.36
       96415       -961        204    50.36
      106407       -961        222    55.40
      117276       -961        242    60.97
      129321       -961        266    67.07
      142189       -961        295    73.79
      156228       -961        326    81.22
      171274       -961        357    89.35
      188585       -961        396    98.29
      208042       -961        437   108.12
      229258       -961        482   118.94
      242020       -961        500   125.60
Time to solution 0.2512s, assuming true minimum is -961
