N=8
Mode: 3
Seed: 23
Target time to run: 10s
Initialising random weight matrix with 439 working nodes
439 working nodes out of 512
States are -1,1
           1       -849          1     0.00
           2       -857          1     0.00
          12       -861          1     0.00
          16       -869          1     0.00
         245       -873          1     0.12
       10748       -873         37     5.12
       21583       -873         75    10.13
       31795       -873        113    15.16
       42036       -873        150    20.16
       52365       -873        186    25.16
       63076       -873        231    30.20
       73333       -873        262    35.22
       83612       -873        299    40.22
       93737       -873        338    45.22
      103855       -873        373    50.22
      114034       -873        410    55.27
      125326       -873        452    60.81
      137067       -873        500    66.54
Time to solution 0.13308s, assuming true minimum is -873
