N=8
Mode: 3
Seed: 265
Target time to run: 10s
Initialising random weight matrix with 439 working nodes
439 working nodes out of 512
States are -1,1
           1       -877          1     0.00
           3       -889          1     0.00
           5       -901          1     0.00
         159       -905          1     0.04
         187       -909          1     0.05
        9687       -909          8     5.05
       19398       -909         17    10.05
       28910       -909         25    15.05
       38566       -909         33    20.05
       48201       -909         44    25.05
       57898       -909         54    30.11
       67810       -909         68    35.14
       77460       -909         78    40.19
       86849       -909         92    45.22
       96467       -909        103    50.27
      106311       -909        116    55.30
      117231       -909        128    60.83
      128951       -909        147    66.96
      142234       -909        164    73.70
      156809       -909        179    81.08
      172360       -909        196    89.19
      189140       -909        212    98.11
      208430       -909        240   107.95
      229745       -909        264   118.77
      252963       -909        290   130.66
      278553       -909        322   143.73
      306252       -909        357   158.12
      336680       -909        387   173.94
      370348       -909        434   191.37
      407855       -909        465   210.51
      444813       -909        500   229.36
Time to solution 0.45872s, assuming true minimum is -909
