N=8
Mode: 3
Seed: 268
Target time to run: 10s
Initialising random weight matrix with 439 working nodes
439 working nodes out of 512
States are -1,1
           1       -893          1     0.00
           5       -901          1     0.00
          14       -905          1     0.00
          36       -913          1     0.01
       11135       -913         33     5.02
       21912       -913         63    10.06
       33430       -913         95    15.08
       45111       -913        128    20.08
       56667       -913        168    25.08
       67534       -913        203    30.08
       78995       -913        239    35.08
       90476       -913        269    40.12
      102325       -913        300    45.12
      113671       -913        339    50.12
      125605       -913        388    55.14
      138221       -913        422    60.66
      151985       -913        461    66.73
      166054       -913        500    73.00
Time to solution 0.146s, assuming true minimum is -913
