N=8
Mode: 3
Seed: 275
Target time to run: 10s
Initialising random weight matrix with 439 working nodes
439 working nodes out of 512
States are -1,1
           1       -915          1     0.00
           2       -939          1     0.00
          29       -943          1     0.01
         193       -947          1     0.05
       11697       -947         34     5.05
       23640       -947         80    10.08
       34495       -947        109    15.09
       45470       -947        142    20.09
       56103       -947        162    25.10
       67747       -947        192    30.10
       79021       -947        220    35.10
       90295       -947        260    40.10
      101228       -947        291    45.10
      112730       -947        328    50.11
      123870       -947        363    55.13
      136370       -947        400    60.65
      149169       -947        431    66.78
      164135       -947        472    73.46
      173920       -947        500    77.85
Time to solution 0.1557s, assuming true minimum is -947
