N=8
Mode: 3
Seed: 277
Target time to run: 10s
Initialising random weight matrix with 439 working nodes
439 working nodes out of 512
States are -1,1
           1       -955          1     0.00
           7       -959          1     0.00
          36       -963          1     0.01
         122       -967          1     0.03
        1941       -971          1     0.60
       12256       -971         20     5.60
       22277       -971         40    10.60
       32195       -971         59    15.60
       42265       -971         86    20.60
       52867       -971        114    25.60
       63258       -971        132    30.60
       73393       -971        157    35.60
       84125       -971        186    40.60
       94701       -971        211    45.66
      105256       -971        236    50.66
      115694       -971        257    55.73
      126994       -971        277    61.34
      139738       -971        298    67.49
      153809       -971        324    74.24
      169403       -971        357    81.67
      186760       -971        395    89.91
      204682       -971        432    98.95
      225008       -971        477   108.87
      235559       -971        500   114.03
Time to solution 0.22806s, assuming true minimum is -971
