N=8
Mode: 3
Seed: 28
Target time to run: 10s
Initialising random weight matrix with 439 working nodes
439 working nodes out of 512
States are -1,1
           1       -905          1     0.00
           3       -921          1     0.00
          13       -925          1     0.00
          42       -929          1     0.01
         271       -933          1     0.14
       10390       -933         18     5.14
       20082       -933         34    10.17
       29951       -933         48    15.20
       39916       -933         62    20.20
       49761       -933         73    25.20
       59304       -933         88    30.21
       69113       -933         96    35.21
       78907       -933        108    40.21
       88727       -933        119    45.21
       98793       -933        132    50.21
      108698       -933        144    55.24
      119467       -933        157    60.77
      131073       -933        175    66.85
      144188       -933        199    73.54
      158931       -933        219    80.90
      174707       -933        235    89.06
      192638       -933        254    97.97
      211651       -933        279   107.84
      232987       -933        310   118.64
      256226       -933        341   130.51
      282185       -933        378   143.57
      310844       -933        412   157.93
      342219       -933        455   173.78
      376600       -933        494   191.18
      382554       -933        500   194.30
Time to solution 0.3886s, assuming true minimum is -933
