N=8
Mode: 3
Seed: 306
Target time to run: 10s
Initialising random weight matrix with 439 working nodes
439 working nodes out of 512
States are -1,1
           1       -935          1     0.00
           2       -939          1     0.00
           3       -951          1     0.00
          13       -955          1     0.00
          68       -959          1     0.02
        1037       -963          1     0.27
       11964       -963         27     5.27
       22879       -963         49    10.27
       33842       -963         75    15.30
       44477       -963         98    20.30
       55204       -963        118    25.30
       66204       -963        145    30.34
       77225       -963        171    35.34
       89041       -963        205    40.34
      100065       -963        233    45.40
      110980       -963        262    50.43
      122312       -963        287    55.48
      134341       -963        307    61.03
      147562       -963        331    67.14
      162560       -963        356    73.86
      179003       -963        394    81.25
      197005       -963        428    89.38
      216443       -963        469    98.32
      230027       -963        500   104.59
Time to solution 0.20918s, assuming true minimum is -963
