N=8
Mode: 3
Seed: 32
Target time to run: 10s
Initialising random weight matrix with 439 working nodes
439 working nodes out of 512
States are -1,1
           1       -905          1     0.00
          14       -909          1     0.00
          91       -913          1     0.02
         221       -917          1     0.05
         706       -921          1     0.18
       11614       -921         37     5.23
       22127       -921         78    10.29
       32754       -921        116    15.32
       43197       -921        151    20.32
       53390       -921        186    25.32
       63518       -921        218    30.34
       73702       -921        245    35.34
       83992       -921        279    40.34
       94122       -921        315    45.34
      105485       -921        352    50.36
      115713       -921        380    55.41
      127319       -921        419    60.96
      140425       -921        460    67.06
      152937       -921        500    73.06
Time to solution 0.14612s, assuming true minimum is -921
