N=8
Mode: 3
Seed: 324
Target time to run: 10s
Initialising random weight matrix with 439 working nodes
439 working nodes out of 512
States are -1,1
           1       -953          1     0.00
           2       -961          1     0.00
          40       -965          1     0.00
         833       -969          1     0.21
       11723       -969         30     5.21
       22895       -969         56    10.22
       33949       -969         84    15.22
       45045       -969        107    20.23
       56094       -969        123    25.23
       67194       -969        152    30.23
       78224       -969        179    35.24
       89358       -969        209    40.24
      100253       -969        229    45.28
      110960       -969        255    50.28
      121779       -969        284    55.31
      133567       -969        307    60.88
      146916       -969        354    66.97
      161971       -969        388    73.67
      178349       -969        420    81.07
      196168       -969        461    89.22
      213864       -969        500    97.32
Time to solution 0.19464s, assuming true minimum is -969
