N=8
Mode: 3
Seed: 352
Target time to run: 10s
Initialising random weight matrix with 439 working nodes
439 working nodes out of 512
States are -1,1
           1       -939          1     0.00
           3       -947          1     0.00
           5       -951          1     0.00
         106       -955          1     0.02
         335       -959          1     0.16
       10920       -959         41     5.16
       20977       -959         74    10.16
       31184       -959        100    15.16
       42028       -959        135    20.20
       53162       -959        166    25.21
       63515       -959        200    30.26
       74061       -959        232    35.31
       84878       -959        262    40.31
       95463       -959        302    45.32
      105701       -959        331    50.32
      116712       -959        360    55.39
      128141       -959        393    60.93
      141015       -959        434    67.04
      155894       -959        477    73.75
      163963       -959        500    77.68
Time to solution 0.15536s, assuming true minimum is -959
