N=8
Mode: 3
Seed: 360
Target time to run: 10s
Initialising random weight matrix with 439 working nodes
439 working nodes out of 512
States are -1,1
           1       -915          1     0.00
           2       -935          1     0.00
           3       -943          1     0.00
          10       -947          1     0.00
          16       -951          1     0.00
          34       -955          1     0.01
         154       -959          1     0.04
       10412       -959         34     5.04
       21338       -959         78    10.04
       32330       -959        125    15.04
       43132       -959        166    20.04
       53826       -959        204    25.04
       64266       -959        234    30.04
       75410       -959        282    35.04
       85876       -959        321    40.04
       96754       -959        361    45.04
      107223       -959        407    50.04
      117822       -959        453    55.08
      128832       -959        496    60.61
      129902       -959        500    61.12
Time to solution 0.12224s, assuming true minimum is -959
