N=8
Mode: 3
Seed: 384
Target time to run: 10s
Initialising random weight matrix with 439 working nodes
439 working nodes out of 512
States are -1,1
           1       -889          1     0.00
           3       -905          1     0.00
          12       -909          1     0.00
          98       -913          1     0.02
         327       -917          1     0.15
       10130       -917         21     5.18
       20272       -917         49    10.18
       30360       -917         78    15.18
       39698       -917        107    20.18
       49338       -917        135    25.19
       59112       -917        163    30.19
       69061       -917        186    35.23
       79299       -917        214    40.23
       89552       -917        240    45.23
       99597       -917        270    50.29
      109693       -917        293    55.32
      120918       -917        322    60.86
      132887       -917        366    66.97
      146062       -917        406    73.67
      160824       -917        453    81.04
      176888       -917        495    89.15
      178163       -917        500    89.87
Time to solution 0.17974s, assuming true minimum is -917
