N=8
Mode: 3
Seed: 391
Target time to run: 10s
Initialising random weight matrix with 439 working nodes
439 working nodes out of 512
States are -1,1
           1       -901          1     0.00
           3       -921          1     0.00
         466       -925          1     0.26
       10291       -925         22     5.26
       19463       -925         46    10.29
       29330       -925         78    15.29
       38489       -925        104    20.30
       47828       -925        126    25.37
       57921       -925        155    30.37
       67348       -925        183    35.44
       76498       -925        207    40.44
       86017       -925        235    45.45
       95215       -925        263    50.51
      105019       -925        290    55.57
      115427       -925        312    61.13
      126550       -925        343    67.33
      139171       -925        382    74.07
      152961       -925        417    81.48
      168195       -925        464    89.66
      182995       -925        500    97.60
Time to solution 0.1952s, assuming true minimum is -925
