N=8
Mode: 3
Seed: 392
Target time to run: 10s
Initialising random weight matrix with 439 working nodes
439 working nodes out of 512
States are -1,1
           1       -897          1     0.00
           2       -909          1     0.00
           6       -913          1     0.00
          48       -917          1     0.01
         118       -925          1     0.03
        1797       -929          1     0.46
       12380       -929         12     5.46
       22697       -929         31    10.46
       33038       -929         44    15.49
       43459       -929         54    20.50
       53884       -929         64    25.50
       64447       -929         76    30.50
       74984       -929         89    35.50
       86179       -929        107    40.50
       96581       -929        117    45.50
      107032       -929        127    50.50
      117592       -929        141    55.62
      129291       -929        156    61.23
      142400       -929        174    67.38
      156290       -929        188    74.14
      171750       -929        208    81.56
      188607       -929        231    89.73
      207434       -929        249    98.71
      228073       -929        268   108.59
      250458       -929        295   119.49
      275523       -929        313   131.44
      302588       -929        353   144.59
      333038       -929        390   159.05
      366452       -929        433   174.96
      403329       -929        482   192.46
      424677       -929        500   202.62
Time to solution 0.40524s, assuming true minimum is -929
