N=8
Mode: 3
Seed: 424
Target time to run: 10s
Initialising random weight matrix with 439 working nodes
439 working nodes out of 512
States are -1,1
           1       -871          1     0.00
           2       -875          1     0.00
           4       -887          1     0.00
         129       -895          1     0.03
       12136       -895         37     5.03
       23152       -895         64    10.04
       34214       -895         97    15.04
       45451       -895        127    20.10
       56291       -895        150    25.14
       68421       -895        185    30.14
       80045       -895        210    35.18
       91385       -895        240    40.18
      102716       -895        271    45.18
      113282       -895        295    50.18
      124550       -895        327    55.20
      136781       -895        357    60.73
      150288       -895        404    66.82
      165003       -895        440    73.52
      182220       -895        478    80.88
      191010       -895        500    85.00
Time to solution 0.17s, assuming true minimum is -895
