N=8
Mode: 3
Seed: 429
Target time to run: 10s
Initialising random weight matrix with 439 working nodes
439 working nodes out of 512
States are -1,1
           1       -855          1     0.00
           4       -867          1     0.00
           9       -875          1     0.00
          69       -879          1     0.02
         375       -887          1     0.18
        9946       -887         18     5.22
       19308       -887         39    10.22
       28606       -887         59    15.22
       38227       -887         77    20.25
       48094       -887         96    25.28
       57286       -887        122    30.29
       66782       -887        139    35.29
       76471       -887        161    40.34
       86007       -887        187    45.40
       95022       -887        212    50.44
      104339       -887        234    55.49
      115000       -887        259    61.04
      126314       -887        294    67.15
      138632       -887        324    73.87
      152806       -887        368    81.26
      168254       -887        401    89.49
      185027       -887        442    98.48
      203385       -887        484   108.33
      210676       -887        500   112.29
Time to solution 0.22458s, assuming true minimum is -887
