N=8
Mode: 3
Seed: 443
Target time to run: 10s
Initialising random weight matrix with 439 working nodes
439 working nodes out of 512
States are -1,1
           1       -913          1     0.00
           7       -929          1     0.00
          20       -933          1     0.00
          74       -937          1     0.02
        9594       -937         40     5.02
       19637       -937         80    10.02
       29136       -937        113    15.06
       38726       -937        145    20.10
       48633       -937        182    25.10
       58078       -937        212    30.10
       67696       -937        250    35.14
       77219       -937        283    40.14
       86922       -937        322    45.14
       96474       -937        361    50.19
      106424       -937        395    55.24
      117120       -937        436    60.80
      128942       -937        479    66.88
      134347       -937        500    69.62
Time to solution 0.13924s, assuming true minimum is -937
