N=8
Mode: 3
Seed: 5
Target time to run: 10s
Initialising random weight matrix with 439 working nodes
439 working nodes out of 512
States are -1,1
           1       -927          1     0.00
          51       -931          1     0.01
        1215       -935          1     0.52
       11066       -935         19     5.55
       21262       -935         41    10.58
       31350       -935         66    15.64
       41676       -935         86    20.70
       52242       -935         97    25.76
       61880       -935        116    30.76
       71714       -935        135    35.79
       81810       -935        153    40.88
       91718       -935        176    45.88
      101909       -935        196    50.88
      111976       -935        220    56.05
      123298       -935        241    61.69
      135586       -935        267    67.86
      149803       -935        300    74.68
      164786       -935        332    82.18
      181176       -935        369    90.43
      199046       -935        399    99.48
      219196       -935        431   109.43
      241364       -935        467   120.38
      256662       -935        500   128.04
Time to solution 0.25608s, assuming true minimum is -935
