N=8
Mode: 3
Seed: 524
Target time to run: 10s
Initialising random weight matrix with 439 working nodes
439 working nodes out of 512
States are -1,1
           1       -907          1     0.00
           3       -915          1     0.00
          12       -919          1     0.00
         130       -923          1     0.03
        2177       -927          1     0.56
       13165       -927         33     5.57
       24297       -927         55    10.57
       34882       -927         80    15.57
       46060       -927        108    20.57
       57501       -927        140    25.57
       68717       -927        167    30.57
       79952       -927        200    35.58
       91173       -927        227    40.58
      102000       -927        242    45.58
      112607       -927        266    50.58
      123449       -927        295    55.64
      135402       -927        315    61.24
      148294       -927        343    67.37
      163343       -927        384    74.11
      179330       -927        424    81.57
      197992       -927        476    89.73
      205865       -927        500    93.67
Time to solution 0.18734s, assuming true minimum is -927
