N=8
Mode: 3
Seed: 526
Target time to run: 10s
Initialising random weight matrix with 439 working nodes
439 working nodes out of 512
States are -1,1
           1       -897          1     0.00
          76       -905          1     0.02
       11413       -905         31     5.02
       22717       -905         56    10.02
       33958       -905         82    15.02
       45033       -905        111    20.02
       56125       -905        141    25.02
       67250       -905        166    30.02
       78491       -905        198    35.02
       89138       -905        224    40.02
      100155       -905        250    45.02
      111597       -905        281    50.02
      122735       -905        315    55.06
      135328       -905        346    60.57
      148706       -905        380    66.66
      164082       -905        423    73.33
      180796       -905        475    80.70
      192411       -905        500    85.91
Time to solution 0.17182s, assuming true minimum is -905
