N=8
Mode: 3
Seed: 563
Target time to run: 10s
Initialising random weight matrix with 439 working nodes
439 working nodes out of 512
States are -1,1
           1       -927          1     0.00
           3       -931          1     0.00
          12       -935          1     0.00
          22       -943          1     0.00
         544       -947          1     0.19
       11608       -947         30     5.19
       22371       -947         48    10.20
       33144       -947         64    15.20
       43836       -947         80    20.20
       54445       -947        100    25.22
       64980       -947        125    30.22
       75669       -947        147    35.22
       86342       -947        167    40.22
       96982       -947        182    45.26
      107792       -947        201    50.26
      118422       -947        223    55.29
      129748       -947        240    60.85
      142980       -947        262    66.94
      157615       -947        293    73.67
      173219       -947        318    81.04
      190523       -947        349    89.18
      209820       -947        383    98.15
      230557       -947        420   107.97
      253760       -947        462   118.77
      276125       -947        500   129.10
Time to solution 0.2582s, assuming true minimum is -947
