N=8
Mode: 3
Seed: 566
Target time to run: 10s
Initialising random weight matrix with 439 working nodes
439 working nodes out of 512
States are -1,1
           1       -945          1     0.00
           5       -949          1     0.00
          10       -953          1     0.00
          32       -957          1     0.01
         507       -961          1     0.13
       11051       -961         42     5.14
       21144       -961         84    10.14
       31986       -961        116    15.14
       42021       -961        154    20.20
       52990       -961        190    25.20
       63585       -961        223    30.20
       74320       -961        263    35.24
       84337       -961        296    40.24
       94688       -961        333    45.24
      105790       -961        371    50.24
      116166       -961        403    55.27
      127670       -961        442    60.80
      140543       -961        476    66.88
      146335       -961        500    69.44
Time to solution 0.13888s, assuming true minimum is -961
