N=8
Mode: 3
Seed: 573
Target time to run: 10s
Initialising random weight matrix with 439 working nodes
439 working nodes out of 512
States are -1,1
           1       -871          1     0.00
           2       -883          1     0.00
           3       -887          1     0.00
          28       -891          1     0.00
         436       -895          1     0.11
       12290       -895         40     5.11
       23651       -895         74    10.15
       35128       -895        110    15.15
       46652       -895        143    20.16
       58503       -895        175    25.16
       70062       -895        204    30.16
       82238       -895        241    35.16
       94381       -895        272    40.18
      106230       -895        311    45.18
      118327       -895        354    50.18
      129630       -895        384    55.20
      143137       -895        426    60.73
      157816       -895        487    66.81
      163005       -895        500    69.13
Time to solution 0.13826s, assuming true minimum is -895
