N=8
Mode: 3
Seed: 608
Target time to run: 10s
Initialising random weight matrix with 439 working nodes
439 working nodes out of 512
States are -1,1
           1       -967          1     0.00
          27       -971          1     0.00
          30       -975          1     0.01
         102       -979          1     0.02
         433       -983          1     0.11
       10381       -983         18     5.11
       19719       -983         36    10.11
       29521       -983         48    15.11
       39445       -983         63    20.11
       49556       -983         78    25.11
       59937       -983         99    30.15
       70047       -983        115    35.15
       79592       -983        134    40.15
       89662       -983        149    45.20
       99191       -983        167    50.28
      108733       -983        188    55.31
      119340       -983        207    60.86
      131453       -983        227    66.95
      144781       -983        252    73.70
      159334       -983        279    81.08
      175498       -983        308    89.19
      193145       -983        335    98.11
      212396       -983        370   107.99
      233362       -983        410   118.79
      256066       -983        458   130.76
      279821       -983        500   142.93
Time to solution 0.28586s, assuming true minimum is -983
