N=8
Mode: 3
Seed: 622
Target time to run: 10s
Initialising random weight matrix with 439 working nodes
439 working nodes out of 512
States are -1,1
           1       -883          1     0.00
           3       -891          1     0.00
           7       -899          1     0.00
          11       -903          1     0.00
          89       -907          1     0.02
         188       -911          1     0.04
       11333       -911         45     5.04
       21659       -911         80    10.04
       32034       -911        118    15.04
       42909       -911        154    20.06
       53109       -911        191    25.10
       63882       -911        231    30.10
       74365       -911        272    35.10
       84658       -911        313    40.10
       94903       -911        352    45.10
      105333       -911        389    50.10
      116967       -911        438    55.13
      129253       -911        484    60.65
      133454       -911        500    62.73
Time to solution 0.12546s, assuming true minimum is -911
