N=8
Mode: 3
Seed: 660
Target time to run: 10s
Initialising random weight matrix with 439 working nodes
439 working nodes out of 512
States are -1,1
           1      -1027          1     0.00
           2      -1031          1     0.00
          11      -1035          1     0.00
          16      -1039          1     0.00
        1092      -1043          1     0.29
       12263      -1043         19     5.29
       23572      -1043         43    10.29
       34384      -1043         56    15.30
       44818      -1043         72    20.30
       55547      -1043         89    25.30
       66600      -1043        109    30.32
       77805      -1043        129    35.32
       88931      -1043        152    40.33
       99575      -1043        170    45.36
      110666      -1043        192    50.36
      122061      -1043        213    55.40
      134274      -1043        233    60.96
      147386      -1043        253    67.10
      162025      -1043        275    73.81
      178521      -1043        301    81.20
      195725      -1043        324    89.33
      215305      -1043        357    98.28
      236933      -1043        398   108.11
      260373      -1043        439   118.93
      287256      -1043        499   130.83
      288319      -1043        500   131.35
Time to solution 0.2627s, assuming true minimum is -1043
