N=8
Mode: 3
Seed: 672
Target time to run: 10s
Initialising random weight matrix with 439 working nodes
439 working nodes out of 512
States are -1,1
           1       -921          1     0.00
           2       -933          1     0.00
           3       -937          1     0.00
          38       -941          1     0.01
         643       -945          1     0.16
       11398       -945         20     5.16
       21801       -945         33    10.17
       32771       -945         53    15.17
       42760       -945         69    20.17
       53392       -945         90    25.17
       63570       -945        105    30.19
       74239       -945        119    35.19
       84767       -945        138    40.23
       95199       -945        147    45.23
      105979       -945        159    50.23
      116591       -945        169    55.30
      128074       -945        184    60.83
      140547       -945        192    66.92
      154398       -945        213    73.64
      169544       -945        227    81.04
      186111       -945        245    89.15
      204805       -945        269    98.08
      225160       -945        294   107.90
      247720       -945        328   118.70
      272488       -945        351   130.58
      299277       -945        384   143.66
      328944       -945        419   158.03
      362801       -945        457   173.84
      399343       -945        498   191.23
      400977       -945        500   192.09
Time to solution 0.38418s, assuming true minimum is -945
