N=8
Mode: 3
Seed: 677
Target time to run: 10s
Initialising random weight matrix with 439 working nodes
439 working nodes out of 512
States are -1,1
           1       -889          1     0.00
           5       -893          1     0.00
           9       -897          1     0.00
          30       -909          1     0.00
         159       -913          1     0.04
       11425       -913         30     5.04
       22896       -913         69    10.04
       34100       -913         98    15.04
       45773       -913        130    20.04
       56375       -913        157    25.04
       67234       -913        191    30.08
       77952       -913        220    35.10
       89040       -913        247    40.10
      100601       -913        276    45.10
      111628       -913        308    50.10
      122943       -913        347    55.12
      135131       -913        372    60.64
      148399       -913        404    66.75
      162792       -913        436    73.43
      178609       -913        476    80.78
      186229       -913        500    84.26
Time to solution 0.16852s, assuming true minimum is -913
