N=8
Mode: 3
Seed: 680
Target time to run: 10s
Initialising random weight matrix with 439 working nodes
439 working nodes out of 512
States are -1,1
           1       -941          1     0.00
           6       -945          1     0.00
          15       -949          1     0.00
         152       -953          1     0.04
         703       -957          1     0.18
        3408       -961          1     1.55
       12229       -961          9     6.55
       21536       -961         19    11.57
       30712       -961         27    16.58
       40320       -961         41    21.58
       49236       -961         53    26.60
       58376       -961         65    31.60
       67411       -961         74    36.60
       76788       -961         86    41.66
       85490       -961         97    46.67
       94753       -961        107    51.69
      104353       -961        115    56.86
      115228       -961        126    62.57
      126384       -961        138    68.87
      139291       -961        148    75.80
      153208       -961        166    83.39
      167964       -961        185    91.73
      183909       -961        201   100.91
      202096       -961        227   111.01
      222170       -961        251   122.12
      243730       -961        278   134.34
      267891       -961        312   147.78
      294705       -961        344   162.60
      324354       -961        371   178.86
      356679       -961        404   196.75
      391939       -961        445   216.43
      431836       -961        491   238.15
      441131       -961        500   243.38
Time to solution 0.48676s, assuming true minimum is -961
