N=8
Mode: 3
Seed: 682
Target time to run: 10s
Initialising random weight matrix with 439 working nodes
439 working nodes out of 512
States are -1,1
           1       -891          1     0.00
           2       -895          1     0.00
          10       -903          1     0.00
         230       -907          1     0.06
        1365       -911          1     0.44
       12140       -911         19     5.48
       23136       -911         38    10.48
       33865       -911         54    15.48
       44091       -911         71    20.50
       54822       -911         89    25.50
       65459       -911        107    30.52
       76274       -911        120    35.52
       87099       -911        139    40.53
       97415       -911        159    45.56
      108180       -911        175    50.56
      118963       -911        203    55.62
      130592       -911        220    61.19
      143463       -911        240    67.31
      157257       -911        271    74.05
      172920       -911        287    81.48
      190789       -911        322    89.63
      209900       -911        353    98.63
      230823       -911        391   108.50
      254286       -911        432   119.36
      279879       -911        482   131.32
      286621       -911        500   134.55
Time to solution 0.2691s, assuming true minimum is -911
