N=8
Mode: 3
Seed: 72
Target time to run: 10s
Initialising random weight matrix with 439 working nodes
439 working nodes out of 512
States are -1,1
           1       -939          1     0.00
           3       -951          1     0.00
           5       -963          1     0.00
        1347       -967          1     0.44
       11037       -967         23     5.44
       21781       -967         49    10.45
       31785       -967         75    15.45
       42230       -967         99    20.46
       52794       -967        120    25.46
       63579       -967        150    30.46
       73790       -967        171    35.48
       84210       -967        193    40.48
       94323       -967        214    45.49
      104795       -967        242    50.50
      115754       -967        267    55.56
      126787       -967        297    61.12
      139531       -967        318    67.24
      153701       -967        353    73.98
      168407       -967        386    81.38
      185233       -967        434    89.60
      203387       -967        480    98.56
      212137       -967        500   102.78
Time to solution 0.20556s, assuming true minimum is -967
