N=8
Mode: 3
Seed: 721
Target time to run: 10s
Initialising random weight matrix with 439 working nodes
439 working nodes out of 512
States are -1,1
           1       -889          1     0.00
           2       -901          1     0.00
           7       -905          1     0.00
          37       -909          1     0.01
          82       -913          1     0.02
         799       -917          1     0.29
       11001       -917         13     5.31
       21070       -917         29    10.31
       31644       -917         39    15.31
       41922       -917         59    20.32
       51994       -917         74    25.32
       62018       -917         91    30.32
       71901       -917        106    35.32
       82006       -917        121    40.32
       92133       -917        132    45.36
      102670       -917        148    50.36
      113009       -917        168    55.47
      124566       -917        190    61.02
      137365       -917        209    67.13
      151304       -917        224    73.88
      166394       -917        252    81.27
      182873       -917        279    89.44
      201285       -917        309    98.44
      221288       -917        330   108.29
      243251       -917        361   119.12
      267270       -917        392   131.05
      293795       -917        432   144.16
      323716       -917        485   158.58
      333573       -917        500   163.34
Time to solution 0.32668s, assuming true minimum is -917
