N=8
Mode: 3
Seed: 722
Target time to run: 10s
Initialising random weight matrix with 439 working nodes
439 working nodes out of 512
States are -1,1
           1       -925          1     0.00
           2       -933          1     0.00
           6       -937          1     0.00
          18       -941          1     0.00
          27       -945          1     0.00
         139       -949          1     0.03
        1332       -953          1     0.45
       11997       -953         19     5.45
       22905       -953         35    10.48
       33428       -953         56    15.48
       43990       -953         75    20.48
       54476       -953         90    25.52
       65299       -953        109    30.56
       75548       -953        128    35.56
       86045       -953        144    40.57
       96393       -953        162    45.57
      106912       -953        182    50.62
      117734       -953        195    55.73
      129491       -953        215    61.31
      142061       -953        231    67.51
      155941       -953        256    74.27
      171410       -953        284    81.72
      188320       -953        310    89.90
      206772       -953        348    98.90
      227625       -953        382   108.80
      250177       -953        423   119.68
      274974       -953        457   131.66
      302204       -953        496   144.83
      304167       -953        500   145.82
Time to solution 0.29164s, assuming true minimum is -953
