N=8
Mode: 3
Seed: 742
Target time to run: 10s
Initialising random weight matrix with 439 working nodes
439 working nodes out of 512
States are -1,1
           1       -881          1     0.00
           3       -885          1     0.00
           4       -889          1     0.00
          28       -893          1     0.00
          49       -897          1     0.01
        3307       -901          1     0.91
       14120       -901          3     5.91
       24856       -901          7    10.94
       35615       -901         12    15.96
       46463       -901         17    20.96
       57348       -901         20    25.96
       68137       -901         24    30.96
       79016       -901         25    35.96
       89791       -901         28    40.96
      100630       -901         36    45.96
      111434       -901         40    50.96
      122447       -901         43    56.06
      134618       -901         50    61.67
      147932       -901         54    67.85
      162847       -901         62    74.64
      178886       -901         67    82.11
      196905       -901         76    90.36
      216521       -901         80    99.40
      237881       -901         86   109.35
      261669       -901         93   120.33
      287547       -901         98   132.40
      316009       -901        105   145.67
      347519       -901        114   160.24
      382312       -901        126   176.27
      420315       -901        142   193.90
      462366       -901        156   213.30
      508162       -901        173   234.64
      558994       -901        190   258.11
      614640       -901        204   283.93
      675810       -901        225   312.35
      743281       -901        245   343.59
      817520       -901        270   377.96
      899109       -901        290   415.76
      988853       -901        323   457.36
     1087816       -901        362   503.10
     1196242       -901        404   553.43
     1315294       -901        437   608.78
     1447076       -901        476   669.70
     1515594       -901        500   701.42
Time to solution 1.40284s, assuming true minimum is -901
