N=8
Mode: 3
Seed: 743
Target time to run: 10s
Initialising random weight matrix with 439 working nodes
439 working nodes out of 512
States are -1,1
           1       -861          1     0.00
           8       -869          1     0.00
          36       -873          1     0.01
         893       -877          1     0.22
       11937       -877         22     5.23
       22663       -877         39    10.23
       33333       -877         57    15.23
       43685       -877         73    20.23
       54319       -877        103    25.27
       65056       -877        134    30.27
       75478       -877        160    35.27
       86305       -877        180    40.27
       96789       -877        204    45.27
      106779       -877        225    50.27
      117620       -877        241    55.30
      129064       -877        268    60.83
      142040       -877        302    66.92
      155883       -877        331    73.62
      172165       -877        363    81.02
      189541       -877        389    89.13
      209136       -877        427    98.05
      229622       -877        467   107.86
      245769       -877        500   115.76
Time to solution 0.23152s, assuming true minimum is -877
