N=8
Mode: 3
Seed: 784
Target time to run: 10s
Initialising random weight matrix with 439 working nodes
439 working nodes out of 512
States are -1,1
           1       -883          1     0.00
           2       -887          1     0.00
           3       -895          1     0.00
          20       -899          1     0.00
         484       -903          1     0.12
        1276       -907          1     0.33
       12293       -907         23     5.33
       23381       -907         51    10.38
       34013       -907         73    15.41
       44885       -907         97    20.45
       55154       -907        116    25.45
       65464       -907        135    30.48
       75642       -907        153    35.49
       86362       -907        174    40.49
       97027       -907        197    45.49
      107710       -907        221    50.49
      117999       -907        242    55.54
      129762       -907        261    61.10
      142799       -907        286    67.26
      156998       -907        314    74.02
      173559       -907        358    81.43
      190472       -907        389    89.62
      208360       -907        419    98.59
      228992       -907        456   108.45
      247693       -907        500   117.54
Time to solution 0.23508s, assuming true minimum is -907
