N=8
Mode: 3
Seed: 788
Target time to run: 10s
Initialising random weight matrix with 439 working nodes
439 working nodes out of 512
States are -1,1
           1       -949          1     0.00
           3       -957          1     0.00
          58       -961          1     0.01
         348       -965          1     0.08
        4246       -969          1     1.80
       14358       -969          8     6.83
       24361       -969         16    11.83
       34281       -969         22    16.83
       44422       -969         29    21.83
       54336       -969         36    26.83
       64453       -969         44    31.83
       74748       -969         53    36.83
       84962       -969         58    41.83
       94677       -969         63    46.83
      104273       -969         70    51.83
      114525       -969         79    57.02
      125926       -969         86    62.73
      138614       -969         96    69.01
      152715       -969        104    75.92
      167691       -969        120    83.54
      184359       -969        131    91.90
      203014       -969        142   101.10
      223467       -969        163   111.27
      245843       -969        179   122.40
      270568       -969        196   134.65
      297699       -969        217   148.12
      327760       -969        242   162.95
      360436       -969        270   179.29
      396573       -969        296   197.22
      436195       -969        323   216.95
      479845       -969        353   238.66
      528431       -969        382   262.53
      580834       -969        427   288.79
      638691       -969        465   317.67
      685409       -969        500   340.81
Time to solution 0.68162s, assuming true minimum is -969
