N=8
Mode: 3
Seed: 825
Target time to run: 10s
Initialising random weight matrix with 439 working nodes
439 working nodes out of 512
States are -1,1
           1       -941          1     0.00
           2       -949          1     0.00
           3       -957          1     0.00
           5       -961          1     0.00
           8       -965          1     0.00
          12       -973          1     0.00
         429       -977          1     0.11
       11827       -977         29     5.11
       22596       -977         52    10.12
       33214       -977         78    15.12
       43896       -977        106    20.12
       55236       -977        138    25.14
       66493       -977        159    30.14
       77706       -977        193    35.14
       88383       -977        226    40.14
       99068       -977        258    45.17
      109901       -977        286    50.17
      120596       -977        316    55.19
      132404       -977        347    60.71
      145593       -977        385    66.83
      160084       -977        416    73.52
      175525       -977        456    80.92
      191489       -977        500    88.23
Time to solution 0.17646s, assuming true minimum is -977
