N=8
Mode: 3
Seed: 831
Target time to run: 10s
Initialising random weight matrix with 439 working nodes
439 working nodes out of 512
States are -1,1
           1       -931          1     0.00
           2       -943          1     0.00
        3649       -947          1     1.08
       14146       -947          9     6.08
       24811       -947         22    11.08
       35677       -947         38    16.08
       46375       -947         44    21.12
       56451       -947         55    26.14
       66961       -947         65    31.18
       77525       -947         72    36.18
       88164       -947         84    41.25
       98699       -947         95    46.25
      108944       -947         98    51.25
      119680       -947        108    56.38
      131587       -947        124    62.04
      144865       -947        134    68.28
      158991       -947        144    75.11
      175006       -947        163    82.63
      192248       -947        178    90.90
      211587       -947        195   100.00
      232824       -947        214   110.01
      255948       -947        231   121.02
      281840       -947        254   133.22
      309462       -947        278   146.58
      341076       -947        303   161.26
      375694       -947        326   177.39
      413427       -947        353   195.15
      454807       -947        376   214.72
      500064       -947        405   236.20
      549382       -947        442   259.82
      604885       -947        485   285.85
      616017       -947        500   291.25
Time to solution 0.5825s, assuming true minimum is -947
