N=8
Mode: 3
Seed: 860
Target time to run: 10s
Initialising random weight matrix with 439 working nodes
439 working nodes out of 512
States are -1,1
           1       -891          1     0.00
          21       -895          1     0.00
          30       -899          1     0.00
          31       -907          1     0.01
       10410       -907         18     5.01
       20777       -907         34    10.01
       31118       -907         58    15.01
       41585       -907         79    20.03
       51489       -907         95    25.04
       61727       -907        111    30.04
       71417       -907        129    35.04
       82113       -907        151    40.04
       92337       -907        170    45.04
      102939       -907        189    50.04
      113038       -907        202    55.07
      124497       -907        219    60.61
      136834       -907        246    66.68
      150547       -907        270    73.35
      165650       -907        295    80.75
      181700       -907        315    88.83
      199614       -907        353    97.72
      219551       -907        389   107.50
      241554       -907        428   118.29
      265271       -907        472   130.12
      284757       -907        500   139.80
Time to solution 0.2796s, assuming true minimum is -907
