N=8
Mode: 3
Seed: 893
Target time to run: 10s
Initialising random weight matrix with 439 working nodes
439 working nodes out of 512
States are -1,1
           1       -911          1     0.00
           3       -919          1     0.00
           4       -939          1     0.00
         296       -943          1     0.07
       11255       -943          8     5.07
       22433       -943         25    10.07
       32986       -943         34    15.07
       44094       -943         51    20.10
       54554       -943         71    25.16
       65490       -943         81    30.16
       76553       -943         92    35.19
       87472       -943        102    40.19
       98010       -943        113    45.22
      108482       -943        124    50.22
      119462       -943        136    55.25
      131589       -943        144    60.78
      145053       -943        164    66.86
      159612       -943        172    73.55
      175415       -943        188    80.91
      192442       -943        212    89.03
      211051       -943        235    97.94
      233040       -943        256   107.74
      256884       -943        280   118.52
      282807       -943        298   130.38
      310877       -943        326   143.42
      342910       -943        369   157.77
      377114       -943        410   173.55
      415151       -943        447   190.91
      456430       -943        490   210.01
      464342       -943        500   213.67
Time to solution 0.42734s, assuming true minimum is -943
