N=8
Mode: 3
Seed: 915
Target time to run: 10s
Initialising random weight matrix with 439 working nodes
439 working nodes out of 512
States are -1,1
           1       -885          1     0.00
           2       -893          1     0.00
          21       -897          1     0.00
         114       -901          1     0.02
         929       -905          1     0.24
       10464       -905         26     5.24
       20725       -905         50    10.28
       31192       -905         67    15.30
       41881       -905         92    20.33
       52242       -905        107    25.34
       63172       -905        130    30.34
       73143       -905        152    35.36
       83662       -905        171    40.38
       94414       -905        200    45.43
      104596       -905        219    50.43
      114593       -905        243    55.48
      125720       -905        265    61.07
      138297       -905        295    67.23
      152510       -905        322    73.98
      167525       -905        354    81.38
      184222       -905        390    89.52
      201439       -905        437    98.48
      222233       -905        485   108.33
      229135       -905        500   111.73
Time to solution 0.22346s, assuming true minimum is -905
