N=8
Mode: 3
Seed: 916
Target time to run: 10s
Initialising random weight matrix with 439 working nodes
439 working nodes out of 512
States are -1,1
           1       -929          1     0.00
           3       -941          1     0.00
           9       -945          1     0.00
         659       -949          1     0.22
       11491       -949         18     5.22
       22082       -949         36    10.27
       33077       -949         49    15.27
       44553       -949         79    20.29
       55053       -949         94    25.29
       65801       -949        109    30.29
       76728       -949        125    35.29
       87648       -949        142    40.30
       98903       -949        161    45.32
      109706       -949        169    50.32
      120941       -949        189    55.36
      132727       -949        203    60.90
      146185       -949        219    67.03
      160840       -949        240    73.75
      176939       -949        268    81.17
      194323       -949        284    89.34
      213897       -949        312    98.28
      235692       -949        349   108.11
      259909       -949        395   118.93
      286005       -949        438   130.87
      314481       -949        477   144.00
      332510       -949        500   152.38
Time to solution 0.30476s, assuming true minimum is -949
