N=8
Mode: 3
Seed: 917
Target time to run: 10s
Initialising random weight matrix with 439 working nodes
439 working nodes out of 512
States are -1,1
           1       -843          1     0.00
           2       -855          1     0.00
          50       -859          1     0.00
         101       -863          1     0.02
       11548       -863         22     5.02
       23329       -863         57    10.02
       34560       -863         83    15.08
       45652       -863        113    20.08
       56453       -863        138    25.08
       67450       -863        171    30.08
       78863       -863        201    35.08
       90149       -863        224    40.08
      101862       -863        251    45.11
      113081       -863        281    50.11
      125068       -863        308    55.13
      136998       -863        333    60.69
      150362       -863        369    66.81
      165126       -863        405    73.50
      181600       -863        456    80.86
      199216       -863        492    89.00
      202315       -863        500    90.46
Time to solution 0.18092s, assuming true minimum is -863
