N=8
Mode: 3
Seed: 923
Target time to run: 10s
Initialising random weight matrix with 439 working nodes
439 working nodes out of 512
States are -1,1
           1       -927          1     0.00
         804       -931          1     0.21
       11534       -931         27     5.21
       22111       -931         50    10.27
       32285       -931         80    15.27
       42662       -931         98    20.29
       53623       -931        126    25.29
       64246       -931        153    30.31
       74911       -931        183    35.32
       85933       -931        206    40.32
       96298       -931        231    45.34
      107629       -931        258    50.34
      118033       -931        285    55.38
      130079       -931        313    60.94
      142885       -931        346    67.04
      156515       -931        391    73.75
      172347       -931        426    81.13
      189793       -931        463    89.25
      205219       -931        500    96.47
Time to solution 0.19294s, assuming true minimum is -931
