N=8
Mode: 3
Seed: 935
Target time to run: 10s
Initialising random weight matrix with 439 working nodes
439 working nodes out of 512
States are -1,1
           1       -865          1     0.00
           2       -869          1     0.00
           3       -877          1     0.00
           9       -881          1     0.00
          14       -885          1     0.00
         129       -889          1     0.03
         798       -893          1     0.21
       11137       -893         40     5.21
       21211       -893         70    10.23
       31547       -893        101    15.28
       42560       -893        136    20.32
       53148       -893        166    25.32
       63655       -893        205    30.33
       73660       -893        235    35.33
       84079       -893        270    40.33
       94396       -893        304    45.37
      104426       -893        332    50.37
      115181       -893        358    55.42
      126764       -893        395    60.97
      138919       -893        426    67.07
      153501       -893        477    73.78
      160192       -893        500    77.27
Time to solution 0.15454s, assuming true minimum is -893
