N=8
Mode: 3
Seed: 942
Target time to run: 10s
Initialising random weight matrix with 439 working nodes
439 working nodes out of 512
States are -1,1
           1       -943          1     0.00
           4       -947          1     0.00
           5       -951          1     0.00
           8       -959          1     0.00
         860       -963          1     0.21
       13650       -963         37     5.21
       26343       -963         80    10.25
       39488       -963        129    15.25
       51770       -963        164    20.25
       63990       -963        200    25.25
       75867       -963        232    30.26
       87994       -963        260    35.27
      100697       -963        312    40.31
      112786       -963        349    45.33
      125445       -963        394    50.36
      138111       -963        434    55.40
      151978       -963        486    60.95
      157013       -963        500    63.12
Time to solution 0.12624s, assuming true minimum is -963
