N=8
Mode: 3
Seed: 965
Target time to run: 10s
Initialising random weight matrix with 439 working nodes
439 working nodes out of 512
States are -1,1
           1       -855          1     0.00
           2       -863          1     0.00
           3       -867          1     0.00
           5       -871          1     0.00
          10       -875          1     0.00
          13       -879          1     0.00
          95       -883          1     0.02
       10991       -883         24     5.02
       21433       -883         43    10.02
       32735       -883         75    15.05
       43143       -883        102    20.05
       54256       -883        143    25.05
       65343       -883        171    30.05
       76015       -883        193    35.05
       87039       -883        214    40.05
       97538       -883        230    45.05
      108303       -883        258    50.05
      119348       -883        289    55.10
      130923       -883        313    60.65
      144141       -883        343    66.72
      158619       -883        378    73.40
      174693       -883        423    80.76
      191655       -883        456    88.84
      210782       -883        495    97.75
      212224       -883        500    98.44
Time to solution 0.19688s, assuming true minimum is -883
