N=8
Mode: 3
Seed: 969
Target time to run: 10s
Initialising random weight matrix with 439 working nodes
439 working nodes out of 512
States are -1,1
           1       -913          1     0.00
           2       -917          1     0.00
           5       -921          1     0.00
           6       -925          1     0.00
           8       -933          1     0.00
       10563       -933         32     5.00
       21186       -933         65    10.04
       31870       -933         89    15.07
       42824       -933        121    20.07
       53072       -933        148    25.07
       64183       -933        176    30.12
       74381       -933        207    35.13
       84665       -933        235    40.13
       95064       -933        268    45.13
      105065       -933        297    50.14
      116076       -933        331    55.16
      128070       -933        372    60.68
      140314       -933        408    66.81
      154330       -933        455    73.50
      166754       -933        500    79.25
Time to solution 0.1585s, assuming true minimum is -933
