# Problem number  Optimum          TTS
               1    -1050     0.004620
               2     -900     0.001640
               3     -894     0.001480
               4     -914     0.000931
               5     -914     0.001420
               6     -938     0.003560
               7     -982     0.003540
               8     -874     0.003340
               9    -1004     0.002440
              10     -962     0.001160
              11    -1030     0.000850
              12     -890     0.001300
              13     -952     0.000792
              14     -974     0.012380
              15     -924     0.001040
              16     -962     0.001280
              17     -932     0.005420
              18     -928     0.011040
              19     -950     0.004400
              20     -952     0.001040
              21    -1056     0.001240
              22     -900     0.002180
              23    -1026     0.001380
              24     -990     0.001600
              25     -936     0.003700
              26     -978     0.002760
              27    -1006     0.002400
              28    -1000     0.000741
              29    -1008     0.008880
              30     -950     0.003400
              31    -1036     0.002800
              32     -964     0.000675
              33     -924     0.001380
              34     -924     0.000814
              35    -1036     0.001860
              36     -972     0.001380
              37     -998     0.000911
              38     -984     0.004880
              39     -980     0.002360
              40     -942     0.001100
              41     -968     0.001600
              42     -936     0.001780
              43     -976     0.001200
              44    -1008     0.003200
              45    -1014     0.003100
              46    -1128     0.003000
              47     -934     0.004720
              48    -1010     0.001120
              49    -1002     0.002620
              50     -992     0.001100
              51     -942     0.001640
              52     -912     0.002740
              53     -984     0.003040
              54     -930     0.001140
              55     -988     0.003060
              56    -1040     0.001640
              57    -1002     0.001780
              58     -964     0.002220
              59     -922     0.008340
              60    -1014     0.002420
              61     -942     0.004800
              62     -910     0.000880
              63     -950     0.003540
              64     -948     0.001060
              65     -992     0.003760
              66     -884     0.004900
              67    -1068     0.001820
              68     -960     0.002400
              69     -972     0.000726
              70     -972     0.001200
              71     -948     0.004200
              72     -998     0.001340
              73     -988     0.001780
              74     -930     0.001860
              75     -994     0.001440
              76     -976     0.005040
              77     -992     0.003580
              78    -1006     0.002600
              79     -918     0.000638
              80     -912     0.001760
              81     -920     0.008380
              82     -992     0.001160
              83    -1022     0.001760
              84    -1084     0.001980
              85    -1014     0.001680
              86     -930     0.002720
              87     -930     0.012680
              88     -958     0.001680
              89     -946     0.000762
              90     -918     0.000882
              91    -1042     0.000945
              92    -1006     0.000931
              93    -1046     0.001440
              94    -1012     0.001200
              95     -952     0.002000
              96     -952     0.003560
              97     -962     0.001720
              98     -982     0.001120
              99    -1010     0.001700
             100    -1014     0.001480
             101     -996     0.024380
             102     -996     0.002080
             103     -918     0.001980
             104    -1038     0.001540
             105     -952     0.000758
             106     -942     0.005660
             107     -950     0.004380
             108    -1000     0.001680
             109     -988     0.001980
             110     -876     0.002380
             111    -1032     0.000901
             112     -958     0.002340
             113    -1004     0.003680
             114     -954     0.002380
             115     -984     0.001240
             116    -1010     0.001240
             117     -966     0.001700
             118     -976     0.001440
             119     -922     0.002080
             120     -938     0.002080
             121     -952     0.002200
             122     -928     0.001720
             123     -972     0.005660
             124     -896     0.000715
             125     -938     0.004680
             126    -1052     0.005260
             127     -998     0.002040
             128     -894     0.000809
             129     -992     0.000843
             130    -1002     0.001100
             131     -968     0.002920
             132     -992     0.003020
             133    -1028     0.002020
             134     -942     0.000926
             135    -1062     0.002400
             136     -886     0.002200
             137    -1012     0.001180
             138     -946     0.001340
             139     -948     0.002260
             140    -1008     0.001480
             141    -1044     0.001060
             142    -1036     0.000787
             143     -984     0.000750
             144     -936     0.003200
             145    -1004     0.002100
             146     -968     0.006240
             147    -1042     0.003820
             148     -964     0.002360
             149     -944     0.004420
             150     -886     0.016240
             151     -996     0.001200
             152     -974     0.003720
             153     -972     0.003060
             154    -1004     0.001480
             155     -944     0.006900
             156     -986     0.003060
             157     -948     0.001880
             158     -966     0.003320
             159    -1006     0.001620
             160     -996     0.001240
             161     -888     0.000813
             162     -862     0.007280
             163     -996     0.001220
             164     -852     0.001300
             165     -996     0.001500
             166     -898     0.000945
             167    -1046     0.001640
             168     -960     0.002820
             169     -968     0.002500
             170     -976     0.002560
             171     -920     0.001960
             172     -968     0.001280
             173     -898     0.003640
             174    -1096     0.000772
             175    -1004     0.003160
             176    -1024     0.002140
             177    -1020     0.001420
             178    -1216     0.001960
             179     -876     0.004540
             180     -942     0.002200
             181    -1024     0.001720
             182     -902     0.002320
             183    -1006     0.001140
             184     -946     0.002300
             185    -1000     0.001420
             186     -954     0.002880
             187     -856     0.002400
             188    -1024     0.001620
             189    -1046     0.001680
             190     -986     0.002200
             191     -828     0.003200
             192     -954     0.001400
             193     -936     0.002020
             194    -1088     0.003680
             195     -948     0.001560
             196     -938     0.002400
             197     -944     0.001600
             198     -942     0.002980
             199    -1054     0.000649
             200    -1040     0.000984
             201     -934     0.002000
             202    -1056     0.001100
             203     -936     0.001720
             204     -908     0.003580
             205    -1028     0.000877
             206    -1066     0.006780
             207     -980     0.001620
             208     -848     0.002540
             209     -986     0.002900
             210    -1026     0.001760
             211     -968     0.000806
             212     -966     0.000779
             213     -978     0.001920
             214     -970     0.004960
             215     -994     0.000714
             216     -974     0.003080
             217     -896     0.003060
             218     -922     0.001400
             219     -950     0.001580
             220     -978     0.004720
             221    -1010     0.000456
             222     -976     0.000975
             223     -980     0.003360
             224     -932     0.001240
             225     -916     0.004680
             226     -978     0.006260
             227     -888     0.001880
             228     -968     0.001220
             229    -1024     0.001120
             230     -992     0.001080
             231    -1010     0.002940
             232     -986     0.003600
             233     -982     0.002760
             234     -930     0.004800
             235    -1008     0.001800
             236     -978     0.013580
             237     -930     0.000826
             238     -948     0.002120
             239     -964     0.015080
             240     -978     0.004160
             241     -978     0.003340
             242     -972     0.002040
             243     -946     0.001240
             244    -1026     0.009160
             245    -1000     0.002360
             246     -996     0.001420
             247     -944     0.001060
             248    -1050     0.004360
             249    -1104     0.006300
             250     -952     0.003720
             251     -928     0.001640
             252    -1022     0.004920
             253     -956     0.008020
             254     -976     0.001100
             255    -1022     0.000861
             256     -998     0.001920
             257     -916     0.013700
             258     -964     0.002620
             259     -956     0.004300
             260     -950     0.001440
             261    -1034     0.002560
             262    -1018     0.001700
             263     -970     0.006700
             264     -898     0.002700
             265    -1024     0.002420
             266    -1012     0.003160
             267     -918     0.001960
             268     -914     0.001740
             269     -950     0.001740
             270     -986     0.003920
             271     -924     0.001080
             272     -920     0.001720
             273    -1022     0.002120
             274    -1008     0.001700
             275     -964     0.001200
             276     -900     0.001460
             277    -1040     0.002720
             278    -1054     0.000649
             279    -1036     0.001240
             280    -1042     0.002580
             281     -928     0.004420
             282     -970     0.002760
             283     -958     0.001980
             284     -968     0.000887
             285     -986     0.001400
             286     -894     0.002300
             287    -1024     0.001740
             288    -1084     0.000772
             289     -958     0.000669
             290    -1064     0.000859
             291    -1066     0.001160
             292     -996     0.004320
             293     -960     0.001120
             294    -1064     0.002180
             295     -974     0.002180
             296    -1024     0.001780
             297    -1010     0.001500
             298     -970     0.000894
             299    -1050     0.005700
             300     -914     0.001500
             301     -974     0.001500
             302     -934     0.001760
             303     -990     0.002680
             304     -964     0.002200
             305     -982     0.002920
             306     -932     0.003880
             307     -982     0.002720
             308     -986     0.000982
             309     -984     0.001460
             310    -1086     0.000643
             311    -1084     0.001140
             312     -940     0.003120
             313     -936     0.000845
             314    -1030     0.001560
             315     -938     0.002840
             316     -916     0.001640
             317     -970     0.002260
             318     -968     0.000958
             319     -972     0.006220
             320     -914     0.001300
             321    -1028     0.001580
             322     -926     0.001360
             323     -928     0.008920
             324    -1018     0.001760
             325     -942     0.002360
             326     -942     0.003000
             327     -924     0.000990
             328     -924     0.001080
             329     -986     0.000671
             330    -1020     0.004420
             331     -900     0.002760
             332     -930     0.001120
             333    -1006     0.004320
             334    -1002     0.000734
             335    -1040     0.001160
             336     -978     0.001160
             337    -1060     0.001120
             338     -974     0.002320
             339     -940     0.002640
             340     -990     0.000507
             341    -1026     0.000929
             342     -994     0.000883
             343    -1060     0.001140
             344     -952     0.001340
             345     -990     0.001220
             346     -952     0.003760
             347     -948     0.005880
             348     -990     0.001340
             349     -872     0.003060
             350    -1008     0.001080
             351     -962     0.005380
             352    -1026     0.001240
             353    -1002     0.001480
             354    -1098     0.001460
             355     -920     0.001880
             356     -988     0.001160
             357    -1004     0.001840
             358    -1046     0.007040
             359    -1032     0.001300
             360    -1024     0.001520
             361    -1010     0.002720
             362    -1026     0.001960
             363    -1000     0.003460
             364     -958     0.001500
             365     -894     0.000744
             366     -942     0.000648
             367    -1014     0.000613
             368    -1006     0.002740
             369    -1062     0.001480
             370     -990     0.001460
             371     -926     0.001700
             372     -878     0.001720
             373    -1002     0.002120
             374     -960     0.002000
             375    -1012     0.000679
             376    -1064     0.000832
             377    -1060     0.001640
             378     -966     0.002060
             379     -976     0.003460
             380     -938     0.002940
             381     -970     0.001780
             382     -986     0.001460
             383     -954     0.001120
             384     -940     0.001620
             385     -968     0.002120
             386     -972     0.002360
             387     -962     0.001840
             388     -974     0.003720
             389     -982     0.000800
             390     -966     0.002820
             391     -932     0.005340
             392     -958     0.001360
             393     -888     0.001740
             394     -924     0.004360
             395     -944     0.001520
             396    -1024     0.005540
             397     -936     0.004800
             398     -878     0.002660
             399     -990     0.002480
             400    -1022     0.001420
             401    -1010     0.001180
             402     -954     0.009080
             403     -946     0.007800
             404     -970     0.008800
             405     -970     0.002060
             406    -1018     0.001220
             407     -930     0.004140
             408     -954     0.006020
             409     -898     0.001600
             410     -930     0.002960
             411     -990     0.003720
             412     -962     0.002500
             413     -992     0.001700
             414     -938     0.001520
             415     -970     0.001960
             416     -962     0.003680
             417    -1000     0.002080
             418     -992     0.004280
             419    -1004     0.004380
             420     -990     0.001560
             421    -1018     0.000896
             422    -1004     0.001140
             423     -930     0.002080
             424    -1060     0.001920
             425    -1068     0.001020
             426     -932     0.001080
             427     -880     0.003960
             428     -996     0.003300
             429    -1000     0.002880
             430     -970     0.009480
             431    -1048     0.000980
             432    -1004     0.003360
             433    -1072     0.003680
             434     -864     0.002060
             435     -938     0.002720
             436     -942     0.001480
             437     -998     0.002260
             438     -976     0.002680
             439     -928     0.009580
             440     -998     0.002320
             441     -988     0.001560
             442    -1004     0.000732
             443     -994     0.008400
             444     -928     0.000568
             445    -1002     0.006460
             446     -980     0.001740
             447    -1036     0.001600
             448     -980     0.001560
             449     -964     0.000969
             450     -944     0.001920
             451    -1026     0.000874
             452     -978     0.001640
             453     -986     0.001140
             454    -1002     0.000833
             455    -1032     0.001540
             456     -928     0.000728
             457     -968     0.003400
             458     -988     0.001740
             459     -904     0.005660
             460    -1092     0.001520
             461     -972     0.006820
             462    -1000     0.001680
             463    -1012     0.001840
             464     -872     0.000826
             465    -1012     0.007200
             466     -954     0.001800
             467     -922     0.003940
             468    -1030     0.004040
             469     -946     0.004080
             470     -972     0.003020
             471    -1004     0.001120
             472     -918     0.005140
             473    -1048     0.001040
             474     -942     0.000945
             475     -990     0.011160
             476     -980     0.003660
             477     -952     0.001420
             478     -964     0.002320
             479     -970     0.000943
             480    -1000     0.001240
             481     -952     0.001440
             482     -924     0.004420
             483     -874     0.006240
             484     -902     0.007700
             485    -1130     0.002360
             486     -974     0.001760
             487     -974     0.002160
             488     -936     0.000473
             489    -1046     0.001820
             490    -1026     0.002120
             491     -906     0.000853
             492     -928     0.002280
             493    -1052     0.000907
             494    -1052     0.001480
             495    -1000     0.000665
             496    -1002     0.000923
             497     -960     0.001960
             498     -996     0.000938
             499     -938     0.003300
             500     -990     0.002480
             501     -980     0.001940
             502     -954     0.001840
             503     -972     0.005100
             504     -944     0.002500
             505     -976     0.002020
             506     -972     0.002200
             507    -1040     0.004260
             508     -978     0.001840
             509     -956     0.006360
             510     -856     0.001660
             511     -912     0.000674
             512     -914     0.001540
             513     -946     0.000711
             514    -1028     0.001420
             515     -956     0.002460
             516    -1046     0.001580
             517    -1004     0.001540
             518    -1008     0.004720
             519     -988     0.001220
             520    -1066     0.000734
             521    -1014     0.000850
             522    -1008     0.001640
             523    -1010     0.001120
             524     -980     0.003580
             525     -964     0.008340
             526     -916     0.000663
             527     -934     0.006680
             528    -1024     0.001320
             529     -958     0.000896
             530     -898     0.002280
             531     -918     0.002840
             532    -1066     0.001520
             533     -964     0.007020
             534     -950     0.001560
             535     -942     0.003080
             536     -956     0.001660
             537    -1030     0.000600
             538     -956     0.001740
             539    -1030     0.001060
             540     -952     0.000725
             541     -968     0.001640
             542     -872     0.001440
             543     -942     0.001480
             544     -936     0.001540
             545     -998     0.000839
             546     -978     0.002420
             547     -964     0.001480
             548     -900     0.001520
             549     -980     0.002320
             550     -924     0.001440
             551     -984     0.010500
             552    -1080     0.000818
             553     -902     0.003940
             554     -958     0.002600
             555    -1018     0.001040
             556     -932     0.001000
             557    -1030     0.002760
             558     -980     0.001100
             559     -938     0.001380
             560     -938     0.002160
             561    -1032     0.002000
             562    -1042     0.001440
             563    -1042     0.002040
             564     -964     0.003220
             565    -1016     0.001080
             566     -936     0.002060
             567    -1018     0.001040
             568     -944     0.002440
             569    -1008     0.002680
             570     -918     0.001040
             571     -980     0.007380
             572     -914     0.005000
             573    -1024     0.001460
             574     -942     0.001740
             575     -896     0.001660
             576     -992     0.001860
             577    -1000     0.001360
             578     -964     0.001800
             579     -952     0.000709
             580     -994     0.003120
             581    -1052     0.003140
             582     -922     0.000986
             583     -986     0.000809
             584     -876     0.002700
             585     -966     0.001560
             586     -934     0.000709
             587     -976     0.006920
             588    -1096     0.000907
             589     -908     0.001880
             590     -948     0.002400
             591     -952     0.001140
             592     -950     0.002480
             593    -1038     0.003780
             594     -878     0.002960
             595    -1046     0.002940
             596    -1016     0.001520
             597     -938     0.007160
             598     -986     0.003500
             599     -994     0.002780
             600    -1046     0.003280
             601     -980     0.000836
             602    -1040     0.001480
             603     -954     0.001400
             604    -1010     0.003660
             605     -974     0.001820
             606     -938     0.001500
             607     -952     0.004020
             608     -946     0.003140
             609    -1034     0.002700
             610     -994     0.001320
             611     -968     0.001300
             612     -968     0.003440
             613     -924     0.000898
             614    -1000     0.001300
             615     -914     0.008700
             616     -984     0.002200
             617     -948     0.001760
             618     -978     0.000977
             619     -968     0.002140
             620     -940     0.002060
             621    -1006     0.004340
             622    -1036     0.001660
             623     -922     0.002700
             624     -896     0.004960
             625     -950     0.002760
             626     -972     0.002820
             627    -1010     0.000877
             628    -1034     0.001720
             629    -1012     0.001140
             630     -946     0.001020
             631     -994     0.003800
             632    -1028     0.001360
             633    -1050     0.002060
             634     -978     0.001380
             635    -1026     0.001240
             636     -882     0.002400
             637    -1026     0.002760
             638     -950     0.015900
             639     -956     0.001260
             640     -964     0.005980
             641     -918     0.002980
             642     -950     0.002260
             643     -920     0.006020
             644     -970     0.007520
             645     -944     0.005140
             646    -1044     0.003580
             647    -1026     0.001780
             648     -928     0.000849
             649     -934     0.001560
             650    -1014     0.001120
             651     -904     0.004440
             652     -968     0.008600
             653     -898     0.001500
             654     -922     0.008260
             655    -1010     0.002080
             656     -996     0.000909
             657    -1012     0.002100
             658     -958     0.001340
             659     -972     0.001380
             660    -1048     0.002020
             661     -978     0.001860
             662     -916     0.003240
             663     -978     0.003900
             664    -1016     0.001200
             665     -970     0.000645
             666    -1026     0.000912
             667     -888     0.001040
             668    -1044     0.001980
             669     -976     0.000800
             670     -984     0.007280
             671     -900     0.000616
             672     -986     0.001220
             673     -922     0.002920
             674     -962     0.002320
             675    -1020     0.001220
             676    -1036     0.007140
             677    -1028     0.002080
             678     -966     0.002080
             679     -924     0.000737
             680     -916     0.003440
             681    -1048     0.000678
             682    -1006     0.002140
             683     -960     0.002120
             684     -960     0.006040
             685     -970     0.002320
             686     -962     0.000606
             687     -964     0.012020
             688     -974     0.001300
             689    -1006     0.004380
             690     -994     0.001380
             691     -936     0.001820
             692     -950     0.001420
             693     -954     0.007520
             694     -966     0.001400
             695     -992     0.001560
             696     -942     0.002340
             697     -976     0.008200
             698     -932     0.028120
             699    -1018     0.003280
             700     -948     0.001360
             701     -994     0.000877
             702     -932     0.003160
             703    -1004     0.003980
             704     -980     0.001700
             705     -952     0.003520
             706     -944     0.001000
             707     -994     0.001360
             708    -1058     0.002660
             709    -1094     0.000836
             710    -1010     0.004780
             711     -982     0.000731
             712     -964     0.004300
             713    -1062     0.001160
             714     -990     0.002840
             715    -1030     0.003520
             716     -922     0.010400
             717    -1000     0.001520
             718     -940     0.005340
             719     -930     0.001920
             720    -1008     0.000731
             721    -1048     0.004480
             722     -936     0.003720
             723     -946     0.000951
             724     -982     0.001240
             725     -948     0.001720
             726    -1022     0.000899
             727     -944     0.002560
             728     -900     0.002260
             729     -994     0.002300
             730     -890     0.001600
             731    -1008     0.003800
             732     -952     0.002440
             733    -1022     0.001820
             734     -996     0.003820
             735     -992     0.000681
             736     -954     0.001160
             737     -968     0.003040
             738     -970     0.001180
             739     -998     0.001360
             740    -1040     0.003380
             741     -966     0.001560
             742     -922     0.007480
             743    -1078     0.003680
             744     -898     0.003300
             745    -1004     0.001660
             746     -956     0.001880
             747    -1080     0.001340
             748     -968     0.001080
             749     -988     0.007860
             750     -976     0.000909
             751     -888     0.002120
             752     -990     0.002140
             753    -1026     0.010560
             754     -972     0.002640
             755    -1088     0.001100
             756    -1004     0.001440
             757     -970     0.001840
             758     -992     0.002520
             759    -1044     0.003480
             760    -1030     0.007860
             761    -1044     0.002140
             762    -1002     0.002500
             763     -908     0.005440
             764     -854     0.002960
             765     -996     0.001140
             766     -952     0.001640
             767     -954     0.001300
             768     -952     0.000797
             769     -996     0.001180
             770     -998     0.004060
             771     -954     0.000865
             772     -978     0.001300
             773     -986     0.002180
             774     -966     0.001440
             775     -946     0.001200
             776    -1014     0.001100
             777     -988     0.001920
             778    -1000     0.000901
             779     -986     0.001180
             780     -980     0.002200
             781     -972     0.002400
             782     -972     0.001900
             783    -1068     0.004680
             784    -1026     0.001040
             785     -918     0.001580
             786     -924     0.001240
             787    -1062     0.003420
             788     -994     0.001560
             789     -974     0.001420
             790     -994     0.001840
             791     -944     0.002920
             792     -934     0.001240
             793     -938     0.002820
             794     -946     0.003920
             795     -918     0.003240
             796     -904     0.005220
             797     -928     0.000812
             798     -920     0.000865
             799     -934     0.006960
             800     -996     0.001120
             801     -988     0.001340
             802     -962     0.002020
             803    -1068     0.002120
             804    -1044     0.000980
             805     -944     0.004640
             806    -1042     0.001000
             807     -996     0.001700
             808    -1054     0.002620
             809     -994     0.002680
             810     -898     0.001020
             811     -966     0.000996
             812    -1010     0.002180
             813    -1002     0.001160
             814     -990     0.002160
             815     -980     0.003260
             816     -990     0.001360
             817     -994     0.005300
             818     -876     0.000765
             819     -940     0.001100
             820    -1006     0.001960
             821     -976     0.002020
             822    -1006     0.002380
             823     -990     0.001400
             824     -952     0.000962
             825     -976     0.001480
             826    -1002     0.001980
             827     -976     0.000896
             828     -906     0.002020
             829     -990     0.000916
             830     -920     0.000928
             831     -970     0.003080
             832     -918     0.002380
             833    -1060     0.002440
             834    -1018     0.001520
             835    -1006     0.001000
             836     -948     0.001220
             837     -916     0.001060
             838     -884     0.004860
             839    -1018     0.003740
             840     -946     0.002160
             841    -1060     0.003240
             842     -964     0.001400
             843     -964     0.003220
             844     -964     0.004240
             845     -956     0.000742
             846     -962     0.001420
             847     -850     0.002460
             848     -988     0.001040
             849     -924     0.001180
             850     -952     0.000817
             851    -1060     0.002200
             852    -1056     0.002680
             853     -970     0.000519
             854     -942     0.003000
             855     -978     0.002360
             856     -924     0.000967
             857     -996     0.002160
             858     -960     0.000779
             859    -1048     0.001300
             860    -1068     0.001440
             861    -1012     0.003220
             862     -836     0.002160
             863     -946     0.002460
             864    -1072     0.000984
             865    -1000     0.001260
             866     -982     0.000943
             867     -976     0.001780
             868    -1008     0.001940
             869     -986     0.001360
             870     -970     0.001520
             871     -958     0.002000
             872     -916     0.003700
             873    -1000     0.000967
             874    -1040     0.002340
             875    -1042     0.001280
             876     -980     0.001140
             877     -922     0.001920
             878     -896     0.001320
             879    -1026     0.002320
             880    -1016     0.002060
             881     -970     0.002760
             882     -936     0.001840
             883     -974     0.004060
             884     -976     0.000750
             885     -902     0.001600
             886     -908     0.006320
             887     -918     0.001920
             888    -1038     0.001180
             889     -982     0.010820
             890    -1038     0.001760
             891     -978     0.000952
             892    -1002     0.002120
             893     -926     0.002840
             894    -1006     0.001040
             895     -998     0.001680
             896     -914     0.004440
             897    -1044     0.008700
             898     -968     0.002760
             899     -892     0.002200
             900     -928     0.033120
             901    -1018     0.001080
             902     -978     0.000694
             903    -1032     0.004020
             904     -986     0.002200
             905     -988     0.001880
             906     -914     0.000706
             907    -1014     0.000766
             908    -1018     0.005720
             909     -914     0.001800
             910    -1010     0.001840
             911     -980     0.002340
             912     -880     0.008880
             913    -1062     0.001080
             914    -1010     0.001380
             915    -1042     0.001560
             916     -988     0.002360
             917     -956     0.004040
             918    -1006     0.007480
             919     -906     0.000967
             920    -1016     0.001320
             921     -974     0.000914
             922     -938     0.001880
             923     -978     0.002080
             924     -908     0.002240
             925     -934     0.002860
             926     -936     0.003200
             927    -1008     0.006400
             928     -948     0.003320
             929     -932     0.001300
             930     -840     0.001900
             931     -962     0.001520
             932    -1018     0.001120
             933    -1010     0.001760
             934    -1022     0.002400
             935     -960     0.001400
             936     -982     0.002860
             937     -980     0.000994
             938     -958     0.001020
             939     -970     0.005800
             940     -948     0.000736
             941     -986     0.002720
             942     -978     0.000928
             943     -998     0.003900
             944     -928     0.006100
             945     -948     0.001460
             946     -970     0.004060
             947     -908     0.001660
             948     -880     0.002220
             949     -962     0.006760
             950    -1010     0.001520
             951     -962     0.004920
             952    -1030     0.001200
             953     -996     0.001260
             954     -874     0.005200
             955     -944     0.001660
             956    -1050     0.001280
             957    -1016     0.001000
             958    -1034     0.002240
             959     -942     0.001480
             960     -934     0.008500
             961    -1000     0.004720
             962     -984     0.003240
             963     -924     0.001420
             964     -990     0.002420
             965     -872     0.001580
             966     -882     0.001980
             967    -1106     0.004240
             968     -982     0.000829
             969    -1040     0.001720
             970     -986     0.001720
             971     -968     0.001020
             972    -1010     0.004400
             973     -960     0.003800
             974    -1026     0.001480
             975    -1000     0.006600
             976     -956     0.000817
             977     -968     0.003160
             978     -992     0.001280
             979    -1026     0.002380
             980     -952     0.000923
             981     -922     0.021520
             982     -964     0.001340
             983     -938     0.002240
             984     -998     0.001940
             985     -956     0.004320
             986     -978     0.000988
             987     -890     0.002020
             988     -920     0.001800
             989     -952     0.005140
             990     -952     0.000695
             991    -1004     0.001200
             992    -1018     0.005020
             993     -996     0.000661
             994     -926     0.001020
             995     -998     0.005140
             996     -968     0.001040
             997    -1000     0.007360
             998     -934     0.002720
             999    -1032     0.000581
            1000     -974     0.001760
