N=8
Mode: 1
Seed: 108
Search strategy: 2
Target time to run: 10s
Initialising random weight matrix with 439 working nodes
439 working nodes out of 512
States are -1,1
           1      -1337          1     0.00
           2      -1361          1     0.00
           3      -1365          1     0.00
           4      -1369          1     0.00
           8      -1373          1     0.00
          13      -1381          1     0.00
          19      -1385          1     0.00
          80      -1389          1     0.02
        1720      -1393          1     0.71
       11056      -1393         14     5.73
       20688      -1393         27    10.77
       30224      -1393         40    15.81
       39908      -1393         61    20.82
       49263      -1393         74    25.82
       58606      -1393         90    30.86
       68155      -1393        105    35.86
       77853      -1393        125    40.86
       87049      -1393        134    45.86
       96511      -1393        145    50.88
      106159      -1393        154    55.97
      116916      -1393        172    61.61
      128899      -1393        190    67.78
      141447      -1393        210    74.58
      155795      -1393        233    82.04
      171843      -1393        257    90.28
      189461      -1393        287    99.31
      208622      -1393        326   109.28
      229044      -1393        363   120.21
      251243      -1393        394   132.28
      276774      -1393        447   145.51
      303775      -1393        493   160.11
      308024      -1393        500   162.48
Time to solution 0.32496s, assuming true minimum is -1393
