N=8
Mode: 1
Seed: 112
Search strategy: 2
Initialising random weight matrix with 439 working nodes
439 working nodes out of 512
States are -1,1
Weight-choosing mode: 3
Min time to run: 0.5s
Max time to run: 1e+10s
Groundtruth: 1000000000
           1      -1375          1     0.00
           2      -1379          1     0.00
           3      -1383          1     0.00
           7      -1391          1     0.00
          21      -1395          1     0.01
          29      -1399          1     0.01
         154      -1403          1     0.06
        8282      -1403         29     5.06
       16653      -1403         55    10.07
       24400      -1403         84    15.07
       32785      -1403        111    20.07
       40616      -1403        135    25.08
       48902      -1403        167    30.08
       57099      -1403        189    35.08
       65489      -1403        214    40.08
       73563      -1403        239    45.08
       81188      -1403        266    50.08
       89390      -1403        289    55.09
       98345      -1403        323    60.60
      107932      -1403        362    66.67
      119337      -1403        403    73.40
      131747      -1403        444    80.78
      144716      -1403        486    88.86
      148153      -1403        500    90.91
Time to solution 0.18182s, assuming true minimum is -1403
