N=8
Mode: 1
Seed: 119
Search strategy: 2
Target time to run: 10s
Initialising random weight matrix with 439 working nodes
439 working nodes out of 512
States are -1,1
           1      -1409          1     0.00
           4      -1413          1     0.00
           8      -1417          1     0.00
          17      -1421          1     0.00
         582      -1425          1     0.17
       10155      -1425         26     5.23
       20590      -1425         51    10.25
       30473      -1425         70    15.25
       40402      -1425         90    20.25
       50240      -1425        113    25.25
       60270      -1425        136    30.28
       70511      -1425        167    35.28
       79949      -1425        193    40.28
       89541      -1425        211    45.28
       99226      -1425        235    50.28
      109720      -1425        269    55.31
      120596      -1425        293    60.85
      132854      -1425        321    66.94
      145997      -1425        360    73.64
      160363      -1425        403    81.05
      176587      -1425        443    89.16
      194299      -1425        490    98.08
      198344      -1425        500   100.31
Time to solution 0.20062s, assuming true minimum is -1425
