N=8
Mode: 1
Seed: 123
Search strategy: 2
Initialising random weight matrix with 439 working nodes
439 working nodes out of 512
States are -1,1
Weight-choosing mode: 3
Min time to run: 0.5s
Max time to run: 1e+10s
Groundtruth: 1000000000
           1      -1383          1     0.00
           3      -1387          1     0.00
           5      -1395          1     0.00
          25      -1399          1     0.01
         133      -1403          1     0.05
        8424      -1403         19     5.11
       16790      -1403         45    10.11
       24750      -1403         60    15.14
       33137      -1403         81    20.18
       41565      -1403        104    25.18
       49702      -1403        123    30.18
       57704      -1403        144    35.19
       65894      -1403        166    40.23
       74532      -1403        191    45.26
       83016      -1403        216    50.26
       91197      -1403        243    55.29
      100228      -1403        265    60.86
      110477      -1403        289    66.95
      121244      -1403        304    73.68
      133534      -1403        339    81.05
      146658      -1403        379    89.19
      161053      -1403        414    98.15
      177140      -1403        462   107.97
      188789      -1403        500   115.06
Time to solution 0.23012s, assuming true minimum is -1403
