N=8
Mode: 1
Seed: 124
Search strategy: 2
Target time to run: 10s
Initialising random weight matrix with 439 working nodes
439 working nodes out of 512
States are -1,1
           1      -1359          1     0.00
           2      -1383          1     0.00
          15      -1387          1     0.00
          23      -1391          1     0.00
         190      -1395          1     0.06
         193      -1399          1     0.06
        9244      -1399         22     5.06
       18222      -1399         41    10.06
       27666      -1399         65    15.06
       36769      -1399         94    20.13
       45712      -1399        117    25.18
       54775      -1399        143    30.18
       63773      -1399        171    35.20
       72477      -1399        196    40.20
       81129      -1399        216    45.22
       90814      -1399        242    50.24
       99947      -1399        264    55.27
      109973      -1399        294    60.84
      121005      -1399        330    66.93
      133358      -1399        360    73.63
      146527      -1399        393    81.00
      161451      -1399        428    89.14
      177835      -1399        472    98.06
      188290      -1399        500   103.85
Time to solution 0.2077s, assuming true minimum is -1399
