N=8
Mode: 1
Seed: 129
Search strategy: 2
Target time to run: 10s
Initialising random weight matrix with 439 working nodes
439 working nodes out of 512
States are -1,1
           1      -1323          1     0.00
           3      -1327          1     0.00
          10      -1339          1     0.00
          42      -1347          1     0.01
          49      -1351          1     0.01
          74      -1355          1     0.02
        9659      -1355         31     5.02
       19035      -1355         62    10.02
       28075      -1355         87    15.02
       37291      -1355        116    20.02
       46765      -1355        144    25.02
       56457      -1355        176    30.05
       65574      -1355        200    35.06
       75175      -1355        232    40.06
       84820      -1355        258    45.06
       94250      -1355        282    50.06
      103977      -1355        310    55.07
      114222      -1355        341    60.58
      126228      -1355        379    66.64
      139089      -1355        421    73.35
      153165      -1355        462    80.74
      165545      -1355        500    86.99
Time to solution 0.17398s, assuming true minimum is -1355
