N=8
Mode: 1
Seed: 133
Search strategy: 2
Target time to run: 10s
Initialising random weight matrix with 439 working nodes
439 working nodes out of 512
States are -1,1
           1      -1305          1     0.00
           8      -1309          1     0.00
          17      -1317          1     0.00
          33      -1321          1     0.01
         352      -1329          1     0.10
        9721      -1329         30     5.10
       18559      -1329         58    10.14
       27781      -1329         86    15.14
       36964      -1329        113    20.21
       46351      -1329        136    25.21
       55963      -1329        168    30.21
       65306      -1329        187    35.21
       74817      -1329        211    40.21
       84081      -1329        230    45.21
       93373      -1329        254    50.21
      102717      -1329        279    55.24
      112878      -1329        310    60.79
      124412      -1329        343    66.88
      137134      -1329        371    73.57
      150987      -1329        410    80.93
      166167      -1329        451    89.03
      182725      -1329        492    97.94
      185607      -1329        500    99.50
Time to solution 0.199s, assuming true minimum is -1329
