N=8
Mode: 1
Seed: 136
Search strategy: 2
Target time to run: 10s
Initialising random weight matrix with 439 working nodes
439 working nodes out of 512
States are -1,1
           1      -1391          1     0.00
          11      -1407          1     0.00
         117      -1411          1     0.03
         526      -1415          1     0.24
        9125      -1415         26     5.26
       17724      -1415         40    10.26
       26533      -1415         65    15.26
       35582      -1415         82    20.28
       44468      -1415         97    25.34
       53646      -1415        113    30.40
       62561      -1415        136    35.44
       71735      -1415        153    40.44
       80785      -1415        175    45.44
       89237      -1415        195    50.44
       98150      -1415        213    55.49
      108163      -1415        234    61.08
      119186      -1415        258    67.19
      131340      -1415        278    73.91
      144702      -1415        303    81.31
      158295      -1415        340    89.49
      174177      -1415        379    98.53
      191658      -1415        419   108.39
      210698      -1415        467   119.23
      228577      -1415        500   129.11
Time to solution 0.25822s, assuming true minimum is -1415
