N=8
Mode: 1
Seed: 140
Search strategy: 2
Target time to run: 10s
Initialising random weight matrix with 439 working nodes
439 working nodes out of 512
States are -1,1
           1      -1355          1     0.00
           6      -1367          1     0.00
           9      -1371          1     0.00
          16      -1379          1     0.00
         283      -1387          1     0.17
        8894      -1387         25     5.17
       17769      -1387         46    10.23
       26703      -1387         66    15.32
       35700      -1387         87    20.34
       44084      -1387        107    25.34
       52844      -1387        128    30.34
       61744      -1387        146    35.34
       70516      -1387        164    40.34
       80008      -1387        177    45.34
       88713      -1387        197    50.40
       97770      -1387        213    55.49
      107705      -1387        237    61.05
      117976      -1387        258    67.16
      130016      -1387        289    73.88
      142710      -1387        321    81.31
      157043      -1387        357    89.45
      172898      -1387        386    98.40
      190296      -1387        424   108.32
      209237      -1387        462   119.23
      228719      -1387        500   130.39
Time to solution 0.26078s, assuming true minimum is -1387
