N=8
Mode: 1
Seed: 142
Search strategy: 2
Target time to run: 10s
Initialising random weight matrix with 439 working nodes
439 working nodes out of 512
States are -1,1
           1      -1319          1     0.00
           2      -1331          1     0.00
          44      -1339          1     0.01
         145      -1343          1     0.04
         461      -1347          1     0.14
       11119      -1347         33     5.14
       20996      -1347         63    10.15
       31236      -1347         99    15.15
       41501      -1347        135    20.15
       51890      -1347        165    25.17
       61644      -1347        196    30.17
       72353      -1347        249    35.25
       82429      -1347        283    40.30
       92873      -1347        326    45.35
      103306      -1347        361    50.38
      113221      -1347        398    55.45
      124091      -1347        434    61.04
      136515      -1347        475    67.15
      141847      -1347        500    69.58
Time to solution 0.13916s, assuming true minimum is -1347
