N=8
Mode: 1
Seed: 148
Search strategy: 2
Target time to run: 10s
Initialising random weight matrix with 439 working nodes
439 working nodes out of 512
States are -1,1
           1      -1409          1     0.00
           2      -1421          1     0.00
           3      -1445          1     0.00
          42      -1449          1     0.01
         404      -1457          1     0.12
        9780      -1457         37     5.12
       18673      -1457         65    10.13
       27168      -1457         89    15.13
       35891      -1457        117    20.14
       44926      -1457        145    25.19
       54111      -1457        176    30.19
       62595      -1457        204    35.20
       71455      -1457        235    40.25
       80112      -1457        268    45.27
       88832      -1457        299    50.27
       97615      -1457        329    55.33
      107819      -1457        360    60.87
      118860      -1457        401    66.96
      130728      -1457        443    73.70
      144055      -1457        492    81.14
      145798      -1457        500    82.14
Time to solution 0.16428s, assuming true minimum is -1457
