N=8
Mode: 1
Seed: 15
Search strategy: 2
Initialising random weight matrix with 439 working nodes
439 working nodes out of 512
States are -1,1
Weight-choosing mode: 3
Min time to run: 0.5s
Max time to run: 1e+10s
Groundtruth: 1000000000
           1      -1383          1     0.00
           2      -1411          1     0.00
         656      -1415          1     0.27
        9017      -1415         21     5.27
       16960      -1415         42    10.27
       25125      -1415         62    15.27
       33276      -1415         77    20.27
       41643      -1415         98    25.31
       49753      -1415        117    30.31
       57785      -1415        133    35.31
       65778      -1415        151    40.31
       73659      -1415        170    45.36
       81579      -1415        183    50.39
       89542      -1415        198    55.44
       98260      -1415        213    60.99
      108202      -1415        240    67.09
      119063      -1415        263    73.80
      130472      -1415        294    81.18
      144116      -1415        332    89.30
      158403      -1415        363    98.25
      174038      -1415        391   108.08
      191430      -1415        436   118.89
      210544      -1415        486   130.78
      215379      -1415        500   133.80
Time to solution 0.2676s, assuming true minimum is -1415
