N=8
Mode: 1
Seed: 157
Search strategy: 2
Target time to run: 10s
Initialising random weight matrix with 439 working nodes
439 working nodes out of 512
States are -1,1
           1      -1401          1     0.00
           4      -1405          1     0.00
          34      -1409          1     0.01
          56      -1413          1     0.02
        1063      -1417          1     0.42
       10339      -1417          5     5.45
       19755      -1417         12    10.45
       28832      -1417         17    15.45
       37823      -1417         22    20.47
       47309      -1417         25    25.47
       56482      -1417         30    30.47
       65530      -1417         36    35.47
       74929      -1417         40    40.47
       83835      -1417         47    45.47
       92957      -1417         53    50.47
      102511      -1417         59    55.52
      112541      -1417         65    61.11
      123739      -1417         72    67.26
      135844      -1417         82    74.03
      149544      -1417         96    81.46
      164634      -1417        106    89.66
      181072      -1417        120    98.64
      198872      -1417        135   108.51
      218628      -1417        148   119.37
      240725      -1417        162   131.33
      264885      -1417        174   144.47
      291607      -1417        196   158.94
      320455      -1417        219   174.84
      352270      -1417        232   192.39
      387495      -1417        258   211.63
      425943      -1417        285   232.80
      468563      -1417        318   256.12
      515412      -1417        354   281.76
      567144      -1417        396   309.94
      623762      -1417        429   340.99
      687702      -1417        471   375.16
      735029      -1417        500   401.24
Time to solution 0.80248s, assuming true minimum is -1417
