N=8
Mode: 1
Seed: 160
Search strategy: 2
Target time to run: 10s
Initialising random weight matrix with 439 working nodes
439 working nodes out of 512
States are -1,1
           1      -1359          1     0.00
           7      -1375          1     0.00
          41      -1379          1     0.01
         246      -1383          1     0.07
       10370      -1383         28     5.07
       19999      -1383         47    10.07
       29605      -1383         61    15.11
       39745      -1383         85    20.11
       49781      -1383        107    25.13
       59574      -1383        125    30.15
       69598      -1383        147    35.15
       79368      -1383        162    40.17
       89737      -1383        185    45.18
       99513      -1383        204    50.18
      109579      -1383        221    55.22
      120791      -1383        238    60.75
      132493      -1383        254    66.83
      145864      -1383        276    73.52
      160550      -1383        297    80.88
      176453      -1383        325    88.97
      194103      -1383        352    97.87
      213513      -1383        398   107.67
      234224      -1383        447   118.45
      257698      -1383        483   130.35
      266606      -1383        500   134.76
Time to solution 0.26952s, assuming true minimum is -1383
