N=8
Mode: 1
Seed: 169
Search strategy: 2
Target time to run: 10s
Initialising random weight matrix with 439 working nodes
439 working nodes out of 512
States are -1,1
           1      -1381          1     0.00
           4      -1385          1     0.00
          13      -1393          1     0.00
          65      -1397          1     0.02
          97      -1401          1     0.03
         169      -1405          1     0.05
        9231      -1405         28     5.05
       18234      -1405         52    10.05
       27279      -1405         74    15.05
       36541      -1405        101    20.05
       45870      -1405        124    25.10
       54874      -1405        152    30.10
       64225      -1405        173    35.13
       73696      -1405        197    40.13
       82948      -1405        220    45.15
       92073      -1405        249    50.15
      101762      -1405        275    55.17
      112024      -1405        298    60.69
      123542      -1405        336    66.77
      136210      -1405        369    73.45
      150248      -1405        403    80.84
      165037      -1405        435    88.93
      181474      -1405        482    97.86
      186817      -1405        500   100.68
Time to solution 0.20136s, assuming true minimum is -1405
