N=8
Mode: 1
Seed: 170
Search strategy: 2
Target time to run: 10s
Initialising random weight matrix with 439 working nodes
439 working nodes out of 512
States are -1,1
           1      -1341          1     0.00
           3      -1345          1     0.00
          10      -1349          1     0.00
          18      -1353          1     0.00
         250      -1357          1     0.08
        9315      -1357         15     5.08
       18210      -1357         43    10.12
       27214      -1357         66    15.12
       36245      -1357         88    20.12
       45774      -1357        103    25.16
       55182      -1357        124    30.19
       64207      -1357        138    35.19
       73339      -1357        164    40.19
       82428      -1357        177    45.19
       91581      -1357        194    50.19
      100581      -1357        217    55.21
      110484      -1357        236    60.74
      121626      -1357        261    66.82
      133669      -1357        275    73.51
      147242      -1357        296    80.92
      162004      -1357        320    89.02
      178506      -1357        356    97.93
      196100      -1357        395   107.76
      215616      -1357        426   118.54
      237141      -1357        473   130.40
      250312      -1357        500   137.74
Time to solution 0.27548s, assuming true minimum is -1357
