N=8
Mode: 1
Seed: 173
Search strategy: 2
Target time to run: 10s
Initialising random weight matrix with 439 working nodes
439 working nodes out of 512
States are -1,1
           1      -1329          1     0.00
           2      -1349          1     0.00
           4      -1369          1     0.00
          47      -1377          1     0.01
        9026      -1377         26     5.07
       17710      -1377         47    10.07
       26488      -1377         63    15.07
       35091      -1377         86    20.07
       43809      -1377        105    25.14
       52434      -1377        124    30.14
       61053      -1377        145    35.14
       69747      -1377        160    40.14
       78347      -1377        175    45.14
       87486      -1377        193    50.14
       96495      -1377        215    55.16
      106143      -1377        234    60.68
      116647      -1377        261    66.75
      128311      -1377        291    73.43
      141078      -1377        318    80.78
      155597      -1377        347    88.86
      171203      -1377        385    97.81
      188251      -1377        422   107.60
      206428      -1377        467   118.36
      219323      -1377        500   125.77
Time to solution 0.25154s, assuming true minimum is -1377
