N=8
Mode: 1
Seed: 176
Search strategy: 2
Target time to run: 10s
Initialising random weight matrix with 439 working nodes
439 working nodes out of 512
States are -1,1
           1      -1317          1     0.00
           4      -1329          1     0.00
          18      -1333          1     0.00
          87      -1341          1     0.02
        9594      -1341         23     5.02
       19210      -1341         47    10.02
       28752      -1341         62    15.02
       38107      -1341         73    20.02
       47563      -1341         91    25.02
       57492      -1341        108    30.02
       66990      -1341        131    35.04
       76234      -1341        146    40.04
       85543      -1341        170    45.05
       94936      -1341        182    50.07
      104756      -1341        200    55.12
      115812      -1341        223    60.68
      127668      -1341        253    66.80
      140106      -1341        281    73.50
      154454      -1341        311    80.86
      169768      -1341        337    88.95
      186592      -1341        371    97.85
      205009      -1341        408   107.64
      226073      -1341        452   118.44
      248794      -1341        496   130.29
      249812      -1341        500   130.69
Time to solution 0.26138s, assuming true minimum is -1341
