N=8
Mode: 1
Seed: 177
Search strategy: 2
Target time to run: 10s
Initialising random weight matrix with 439 working nodes
439 working nodes out of 512
States are -1,1
           1      -1363          1     0.00
           3      -1371          1     0.00
           5      -1379          1     0.00
         116      -1383          1     0.03
         208      -1387          1     0.06
        6431      -1391          1     2.74
       15406      -1391         24     7.74
       24609      -1391         36    12.75
       33613      -1391         47    17.76
       42740      -1391         59    22.76
       51965      -1391         70    27.76
       61346      -1391         84    32.79
       70048      -1391         95    37.81
       79088      -1391        108    42.88
       88198      -1391        121    47.88
       97116      -1391        135    52.90
      106875      -1391        154    58.20
      117431      -1391        169    64.03
      128653      -1391        188    70.44
      141172      -1391        214    77.49
      155383      -1391        237    85.24
      170606      -1391        264    93.77
      187863      -1391        291   103.15
      206363      -1391        315   113.47
      227185      -1391        348   124.82
      249464      -1391        393   137.32
      274359      -1391        432   151.06
      301546      -1391        466   166.19
      320263      -1391        500   176.72
Time to solution 0.35344s, assuming true minimum is -1391
