N=8
Mode: 1
Seed: 193
Search strategy: 2
Target time to run: 10s
Initialising random weight matrix with 439 working nodes
439 working nodes out of 512
States are -1,1
           1      -1379          1     0.00
           6      -1383          1     0.00
          11      -1395          1     0.00
         180      -1399          1     0.05
         244      -1403          1     0.07
        9163      -1403         22     5.10
       17818      -1403         38    10.10
       26752      -1403         54    15.10
       35611      -1403         69    20.15
       44071      -1403         89    25.15
       53293      -1403        109    30.20
       61989      -1403        133    35.20
       70802      -1403        153    40.20
       79680      -1403        173    45.23
       88514      -1403        187    50.23
       97291      -1403        203    55.31
      106943      -1403        227    60.85
      117965      -1403        240    66.94
      129582      -1403        261    73.64
      142457      -1403        286    81.04
      156874      -1403        316    89.15
      173154      -1403        347    98.14
      190190      -1403        382   107.96
      208846      -1403        416   118.80
      229770      -1403        446   130.68
      252335      -1403        494   143.75
      254567      -1403        500   145.13
Time to solution 0.29026s, assuming true minimum is -1403
