N=8
Mode: 1
Seed: 195
Search strategy: 2
Target time to run: 10s
Initialising random weight matrix with 439 working nodes
439 working nodes out of 512
States are -1,1
           1      -1309          1     0.00
           2      -1321          1     0.00
           8      -1325          1     0.00
         172      -1329          1     0.05
         189      -1333          1     0.06
        1836      -1337          1     0.74
       10352      -1337         17     5.75
       19511      -1337         45    10.78
       28144      -1337         62    15.78
       37062      -1337         81    20.78
       45856      -1337        102    25.78
       54608      -1337        122    30.83
       63363      -1337        144    35.90
       72227      -1337        169    40.90
       81241      -1337        193    45.90
       90122      -1337        216    50.92
       99134      -1337        236    56.02
      108765      -1337        266    61.65
      119675      -1337        293    67.85
      132317      -1337        325    74.64
      145857      -1337        359    82.11
      160616      -1337        395    90.36
      176444      -1337        437    99.43
      194483      -1337        475   109.38
      204203      -1337        500   115.03
Time to solution 0.23006s, assuming true minimum is -1337
