N=8
Mode: 1
Seed: 201
Search strategy: 2
Target time to run: 10s
Initialising random weight matrix with 439 working nodes
439 working nodes out of 512
States are -1,1
           1      -1347          1     0.00
           4      -1351          1     0.00
          11      -1359          1     0.00
          26      -1363          1     0.01
          37      -1367          1     0.01
         103      -1371          1     0.03
        2045      -1375          1     0.85
       11585      -1375         11     5.85
       20860      -1375         28    10.85
       29696      -1375         43    15.85
       39042      -1375         52    20.85
       48721      -1375         68    25.85
       58240      -1375         80    30.85
       67603      -1375         90    35.85
       77102      -1375        107    40.85
       86377      -1375        120    45.88
       96045      -1375        137    50.88
      105890      -1375        156    56.00
      116343      -1375        177    61.61
      127737      -1375        189    67.78
      140542      -1375        202    74.57
      154669      -1375        228    82.03
      169901      -1375        245    90.24
      187551      -1375        272    99.27
      206312      -1375        301   109.20
      227342      -1375        335   120.13
      250466      -1375        367   132.15
      275234      -1375        403   145.41
      301982      -1375        435   159.96
      331906      -1375        474   175.96
      351774      -1375        500   186.54
Time to solution 0.37308s, assuming true minimum is -1375
