N=8
Mode: 1
Seed: 203
Search strategy: 2
Target time to run: 10s
Initialising random weight matrix with 439 working nodes
439 working nodes out of 512
States are -1,1
           1      -1341          1     0.00
           2      -1345          1     0.00
           3      -1357          1     0.00
           9      -1361          1     0.00
          39      -1369          1     0.01
         453      -1373          1     0.21
        9719      -1373         18     5.21
       19609      -1373         54    10.21
       28987      -1373         68    15.21
       38807      -1373         95    20.21
       48365      -1373        114    25.21
       57779      -1373        140    30.23
       67489      -1373        165    35.25
       76836      -1373        194    40.27
       86630      -1373        231    45.27
       96043      -1373        253    50.27
      105519      -1373        290    55.30
      115715      -1373        311    60.83
      127218      -1373        335    66.94
      140422      -1373        375    73.64
      154433      -1373        404    81.01
      170519      -1373        452    89.15
      187022      -1373        500    97.41
Time to solution 0.19482s, assuming true minimum is -1373
