N=8
Mode: 1
Seed: 210
Search strategy: 2
Target time to run: 10s
Initialising random weight matrix with 439 working nodes
439 working nodes out of 512
States are -1,1
           1      -1367          1     0.00
           5      -1371          1     0.00
           7      -1375          1     0.00
          15      -1379          1     0.00
        1054      -1383          1     0.42
        2337      -1387          1     0.96
       10809      -1387         23     5.96
       19133      -1387         41    10.96
       27629      -1387         66    16.00
       35791      -1387         85    21.00
       44477      -1387        103    26.09
       53106      -1387        127    31.10
       61391      -1387        149    36.10
       69491      -1387        169    41.12
       77506      -1387        189    46.15
       85774      -1387        207    51.19
       94246      -1387        227    56.31
      103509      -1387        255    61.97
      113585      -1387        280    68.22
      124787      -1387        305    75.07
      137723      -1387        334    82.59
      151863      -1387        372    90.87
      167328      -1387        416    99.96
      184557      -1387        461   109.96
      197423      -1387        500   117.73
Time to solution 0.23546s, assuming true minimum is -1387
