N=8
Mode: 1
Seed: 212
Search strategy: 2
Target time to run: 10s
Initialising random weight matrix with 439 working nodes
439 working nodes out of 512
States are -1,1
           1      -1335          1     0.00
           2      -1355          1     0.00
           5      -1363          1     0.00
          10      -1367          1     0.00
          44      -1371          1     0.01
         110      -1383          1     0.03
        9486      -1383         31     5.03
       18301      -1383         47    10.04
       27239      -1383         71    15.04
       36177      -1383         95    20.04
       45142      -1383        117    25.08
       53948      -1383        142    30.08
       63009      -1383        163    35.12
       72128      -1383        186    40.12
       81212      -1383        207    45.12
       90146      -1383        232    50.12
       99195      -1383        245    55.18
      109062      -1383        266    60.70
      120658      -1383        293    66.78
      132255      -1383        327    73.46
      145045      -1383        368    80.86
      159935      -1383        414    89.01
      176510      -1383        460    97.99
      190645      -1383        500   105.84
Time to solution 0.21168s, assuming true minimum is -1383
