N=8
Mode: 1
Seed: 214
Search strategy: 2
Initialising random weight matrix with 439 working nodes
439 working nodes out of 512
States are -1,1
Weight-choosing mode: 3
Min time to run: 0.5s
Max time to run: 1e+10s
Groundtruth: 1000000000
           1      -1335          1     0.00
           3      -1343          1     0.00
           5      -1347          1     0.00
         116      -1351          1     0.04
         490      -1355          1     0.20
        8512      -1355         25     5.23
       17037      -1355         46    10.24
       24857      -1355         65    15.27
       33056      -1355         91    20.27
       40691      -1355        112    25.27
       48477      -1355        133    30.28
       56424      -1355        159    35.28
       64128      -1355        183    40.29
       72195      -1355        205    45.29
       80122      -1355        218    50.29
       87742      -1355        241    55.32
       96411      -1355        264    60.86
      105914      -1355        299    66.95
      116366      -1355        330    73.65
      127958      -1355        366    81.02
      141052      -1355        400    89.14
      155567      -1355        445    98.06
      171264      -1355        496   107.87
      173150      -1355        500   109.13
Time to solution 0.21826s, assuming true minimum is -1355
