N=8
Mode: 1
Seed: 22
Search strategy: 2
Target time to run: 10s
Initialising random weight matrix with 439 working nodes
439 working nodes out of 512
States are -1,1
           1      -1391          1     0.00
           3      -1407          1     0.00
           5      -1415          1     0.00
          31      -1419          1     0.00
          32      -1431          1     0.00
          38      -1435          1     0.01
        9458      -1435         22     5.01
       19495      -1435         38    10.01
       28786      -1435         59    15.01
       38452      -1435         78    20.05
       47913      -1435         98    25.05
       57228      -1435        118    30.05
       66696      -1435        134    35.07
       76216      -1435        151    40.07
       85472      -1435        165    45.08
       95154      -1435        186    50.08
      104784      -1435        202    55.11
      115277      -1435        223    60.63
      126898      -1435        237    66.70
      139930      -1435        264    73.37
      154197      -1435        293    80.71
      169387      -1435        334    88.83
      185897      -1435        360    97.75
      204269      -1435        403   107.53
      224469      -1435        450   118.29
      246470      -1435        499   130.12
      246524      -1435        500   130.13
Time to solution 0.26026s, assuming true minimum is -1435
