N=8
Mode: 1
Seed: 227
Search strategy: 2
Target time to run: 10s
Initialising random weight matrix with 439 working nodes
439 working nodes out of 512
States are -1,1
           1      -1389          1     0.00
          10      -1393          1     0.00
          12      -1405          1     0.00
          51      -1409          1     0.01
         329      -1413          1     0.10
        8716      -1413         26     5.10
       17863      -1413         53    10.12
       26588      -1413         71    15.19
       35337      -1413         97    20.20
       44264      -1413        120    25.28
       52795      -1413        142    30.28
       61754      -1413        160    35.28
       70340      -1413        184    40.28
       78856      -1413        210    45.28
       87851      -1413        238    50.28
       97031      -1413        268    55.31
      107004      -1413        309    60.85
      118180      -1413        339    66.98
      130104      -1413        369    73.68
      143174      -1413        410    81.05
      157619      -1413        456    89.19
      171458      -1413        500    97.18
Time to solution 0.19436s, assuming true minimum is -1413
