N=8
Mode: 1
Seed: 237
Search strategy: 2
Target time to run: 10s
Initialising random weight matrix with 439 working nodes
439 working nodes out of 512
States are -1,1
           1      -1383          1     0.00
           9      -1387          1     0.00
          11      -1391          1     0.00
          22      -1407          1     0.00
         375      -1411          1     0.12
       10662      -1411         36     5.13
       21016      -1411         73    10.17
       31413      -1411        114    15.17
       41652      -1411        141    20.22
       51162      -1411        163    25.22
       61259      -1411        198    30.22
       71245      -1411        231    35.22
       81004      -1411        256    40.24
       91585      -1411        293    45.24
      101562      -1411        326    50.24
      112229      -1411        365    55.31
      123818      -1411        402    60.86
      136782      -1411        444    66.96
      150543      -1411        485    73.68
      156492      -1411        500    76.79
Time to solution 0.15358s, assuming true minimum is -1411
