N=8
Mode: 1
Seed: 238
Search strategy: 2
Target time to run: 10s
Initialising random weight matrix with 439 working nodes
439 working nodes out of 512
States are -1,1
           1      -1369          1     0.00
           2      -1381          1     0.00
           3      -1389          1     0.00
           6      -1397          1     0.00
          26      -1401          1     0.01
         200      -1409          1     0.06
         410      -1413          1     0.12
       10624      -1413         24     5.16
       21449      -1413         54    10.20
       32157      -1413         82    15.20
       42396      -1413        101    20.20
       52988      -1413        128    25.20
       63628      -1413        161    30.20
       73785      -1413        191    35.20
       84115      -1413        208    40.20
       93679      -1413        224    45.20
      104038      -1413        249    50.20
      114435      -1413        271    55.23
      126110      -1413        299    60.76
      138426      -1413        323    66.84
      151687      -1413        357    73.53
      166545      -1413        389    80.91
      183217      -1413        428    89.01
      201985      -1413        477    97.92
      212256      -1413        500   103.17
Time to solution 0.20634s, assuming true minimum is -1413
