N=8
Mode: 1
Seed: 241
Search strategy: 2
Target time to run: 10s
Initialising random weight matrix with 439 working nodes
439 working nodes out of 512
States are -1,1
           1      -1391          1     0.00
           2      -1395          1     0.00
           9      -1411          1     0.00
        6305      -1415          1     2.77
       15860      -1415          6     7.77
       25285      -1415         12    12.77
       34882      -1415         23    17.77
       43931      -1415         30    22.77
       53282      -1415         33    27.77
       62464      -1415         39    32.77
       72051      -1415         45    37.77
       81660      -1415         54    42.77
       91226      -1415         58    47.78
      101070      -1415         66    52.82
      110889      -1415         74    58.11
      121782      -1415         86    63.93
      133567      -1415         94    70.33
      146906      -1415        105    77.37
      161442      -1415        118    85.16
      177104      -1415        130    93.68
      194709      -1415        142   103.05
      214251      -1415        158   113.36
      235722      -1415        172   124.73
      259009      -1415        185   137.21
      285097      -1415        206   150.98
      313550      -1415        227   166.08
      345573      -1415        252   182.69
      381064      -1415        277   200.99
      419135      -1415        301   221.10
      461372      -1415        322   243.21
      507936      -1415        358   267.54
      559132      -1415        385   294.30
      614500      -1415        430   323.73
      675865      -1415        470   356.14
      720340      -1415        500   379.39
Time to solution 0.75878s, assuming true minimum is -1415
