N=8
Mode: 1
Seed: 242
Search strategy: 2
Initialising random weight matrix with 439 working nodes
439 working nodes out of 512
States are -1,1
Weight-choosing mode: 3
Min time to run: 0.5s
Max time to run: 1e+10s
Groundtruth: 1000000000
           1      -1355          1     0.00
           2      -1359          1     0.00
           3      -1383          1     0.00
        1395      -1387          1     0.57
        9437      -1387          9     5.57
       17637      -1387         23    10.58
       25779      -1387         38    15.58
       34067      -1387         48    20.58
       42327      -1387         58    25.58
       50649      -1387         65    30.62
       58869      -1387         79    35.63
       67176      -1387         89    40.65
       75427      -1387        103    45.65
       83603      -1387        113    50.65
       91774      -1387        127    55.72
      100625      -1387        134    61.33
      110750      -1387        148    67.47
      121689      -1387        161    74.22
      133656      -1387        171    81.65
      147066      -1387        190    89.82
      161772      -1387        218    98.81
      177804      -1387        231   108.70
      195325      -1387        262   119.59
      214925      -1387        289   131.55
      235842      -1387        310   144.71
      259123      -1387        334   159.21
      285260      -1387        362   175.14
      313328      -1387        393   192.66
      344811      -1387        427   211.93
      379085      -1387        468   233.16
      404561      -1387        500   248.83
Time to solution 0.49766s, assuming true minimum is -1387
