N=8
Mode: 1
Seed: 243
Search strategy: 2
Target time to run: 10s
Initialising random weight matrix with 439 working nodes
439 working nodes out of 512
States are -1,1
           1      -1333          1     0.00
           2      -1345          1     0.00
           3      -1349          1     0.00
           5      -1357          1     0.00
           8      -1365          1     0.00
          38      -1369          1     0.01
         346      -1373          1     0.10
         396      -1381          1     0.12
        8886      -1381         22     5.12
       17556      -1381         37    10.21
       26264      -1381         46    15.21
       35014      -1381         64    20.21
       43015      -1381         84    25.21
       51558      -1381         97    30.23
       60100      -1381        111    35.24
       68473      -1381        125    40.24
       77376      -1381        143    45.28
       86593      -1381        156    50.28
       95152      -1381        176    55.31
      105060      -1381        189    60.85
      115666      -1381        204    66.98
      126828      -1381        229    73.68
      139445      -1381        260    81.05
      153414      -1381        284    89.20
      168765      -1381        308    98.12
      185720      -1381        343   107.96
      203862      -1381        379   118.76
      223641      -1381        416   130.64
      246580      -1381        453   143.74
      271189      -1381        490   158.13
      275910      -1381        500   160.90
Time to solution 0.3218s, assuming true minimum is -1381
