N=8
Mode: 1
Seed: 247
Search strategy: 2
Target time to run: 10s
Initialising random weight matrix with 439 working nodes
439 working nodes out of 512
States are -1,1
           1      -1367          1     0.00
           5      -1371          1     0.00
           8      -1375          1     0.00
          25      -1379          1     0.00
          72      -1383          1     0.02
         365      -1387          1     0.21
        9378      -1387         35     5.21
       18924      -1387         79    10.21
       28063      -1387        107    15.21
       37222      -1387        138    20.24
       46608      -1387        171    25.24
       55294      -1387        198    30.24
       64672      -1387        231    35.26
       73847      -1387        266    40.31
       83350      -1387        309    45.33
       92903      -1387        351    50.35
      102482      -1387        382    55.39
      112615      -1387        421    60.96
      124216      -1387        463    67.10
      133604      -1387        500    72.49
Time to solution 0.14498s, assuming true minimum is -1387
