N=8
Mode: 1
Seed: 255
Search strategy: 2
Target time to run: 10s
Initialising random weight matrix with 439 working nodes
439 working nodes out of 512
States are -1,1
           1      -1371          1     0.00
           2      -1395          1     0.00
           5      -1399          1     0.00
          41      -1411          1     0.01
         524      -1415          1     0.16
       10548      -1415         30     5.19
       20183      -1415         57    10.20
       29382      -1415         85    15.20
       38919      -1415        117    20.23
       48898      -1415        144    25.23
       58878      -1415        172    30.23
       68547      -1415        206    35.24
       77969      -1415        228    40.26
       88055      -1415        266    45.33
       98136      -1415        300    50.33
      108118      -1415        339    55.37
      118797      -1415        368    60.92
      129895      -1415        399    67.02
      142964      -1415        444    73.74
      156078      -1415        500    80.37
Time to solution 0.16074s, assuming true minimum is -1415
