N=8
Mode: 1
Seed: 257
Search strategy: 2
Target time to run: 10s
Initialising random weight matrix with 439 working nodes
439 working nodes out of 512
States are -1,1
           1      -1357          1     0.00
           3      -1365          1     0.00
           4      -1377          1     0.00
          18      -1381          1     0.00
          27      -1397          1     0.01
        1411      -1401          1     0.44
       10831      -1401         36     5.48
       20027      -1401         63    10.48
       28870      -1401         91    15.48
       37906      -1401        113    20.50
       47155      -1401        147    25.52
       56276      -1401        171    30.52
       65149      -1401        200    35.52
       74087      -1401        234    40.52
       82796      -1401        257    45.52
       91686      -1401        283    50.52
      100764      -1401        309    55.58
      110795      -1401        350    61.14
      122349      -1401        389    67.30
      134744      -1401        437    74.10
      147466      -1401        479    81.51
      153913      -1401        500    84.86
Time to solution 0.16972s, assuming true minimum is -1401
