N=8
Mode: 1
Seed: 259
Search strategy: 2
Target time to run: 10s
Initialising random weight matrix with 439 working nodes
439 working nodes out of 512
States are -1,1
           1      -1395          1     0.00
          19      -1399          1     0.00
          36      -1403          1     0.01
         420      -1407          1     0.21
        9652      -1407         11     5.21
       18702      -1407         22    10.21
       27536      -1407         33    15.22
       36249      -1407         49    20.22
       45172      -1407         67    25.22
       54398      -1407         76    30.24
       63306      -1407         87    35.29
       72175      -1407        101    40.29
       81093      -1407        114    45.35
       89708      -1407        126    50.35
       99197      -1407        137    55.39
      109368      -1407        150    60.93
      120160      -1407        164    67.03
      131918      -1407        179    73.74
      144624      -1407        196    81.13
      158649      -1407        216    89.25
      174960      -1407        240    98.18
      192358      -1407        255   108.00
      211759      -1407        278   118.81
      232757      -1407        311   130.74
      256091      -1407        343   143.82
      282147      -1407        379   158.21
      310046      -1407        423   174.04
      341726      -1407        459   191.45
      374614      -1407        500   209.78
Time to solution 0.41956s, assuming true minimum is -1407
