N=8
Mode: 1
Seed: 273
Search strategy: 2
Initialising random weight matrix with 439 working nodes
439 working nodes out of 512
States are -1,1
Weight-choosing mode: 3
Min time to run: 0.5s
Max time to run: 1e+10s
Groundtruth: 1000000000
           1      -1353          1     0.00
           2      -1373          1     0.00
           5      -1381          1     0.00
           7      -1393          1     0.00
          85      -1397          1     0.03
        1599      -1401          1     0.79
        9464      -1401         16     5.79
       17417      -1401         26    10.79
       25238      -1401         35    15.82
       33270      -1401         52    20.85
       41032      -1401         61    25.85
       49102      -1401         71    30.86
       56898      -1401         86    35.89
       64748      -1401         91    40.89
       72496      -1401         99    45.89
       80193      -1401        105    50.89
       88045      -1401        123    55.98
       96765      -1401        135    61.58
      106439      -1401        143    67.74
      117291      -1401        156    74.52
      129456      -1401        174    81.98
      142155      -1401        187    90.18
      156760      -1401        200    99.20
      172235      -1401        224   109.15
      189512      -1401        240   120.07
      208764      -1401        265   132.08
      229760      -1401        289   145.29
      252767      -1401        316   159.82
      277873      -1401        347   175.81
      305962      -1401        379   193.42
      336781      -1401        423   212.77
      370248      -1401        467   234.09
      391314      -1401        500   247.20
Time to solution 0.4944s, assuming true minimum is -1401
