N=8
Mode: 1
Seed: 274
Search strategy: 2
Target time to run: 10s
Initialising random weight matrix with 439 working nodes
439 working nodes out of 512
States are -1,1
           1      -1329          1     0.00
           3      -1345          1     0.00
           8      -1349          1     0.00
          35      -1353          1     0.01
          79      -1357          1     0.02
         358      -1361          1     0.18
        1387      -1365          1     0.60
       10380      -1365         24     5.60
       19452      -1365         54    10.60
       28558      -1365         73    15.69
       37502      -1365         85    20.69
       47265      -1365        105    25.69
       56445      -1365        126    30.69
       65018      -1365        143    35.73
       74146      -1365        154    40.76
       83130      -1365        167    45.76
       92110      -1365        178    50.81
      101423      -1365        195    55.90
      112047      -1365        218    61.49
      123103      -1365        243    67.64
      135477      -1365        266    74.48
      148783      -1365        290    81.93
      164049      -1365        315    90.13
      180761      -1365        350    99.16
      199453      -1365        378   109.09
      219566      -1365        426   120.00
      240973      -1365        467   132.00
      257735      -1365        500   141.40
Time to solution 0.2828s, assuming true minimum is -1365
