N=8
Mode: 1
Seed: 278
Search strategy: 2
Target time to run: 10s
Initialising random weight matrix with 439 working nodes
439 working nodes out of 512
States are -1,1
           1      -1335          1     0.00
           2      -1347          1     0.00
           3      -1355          1     0.00
           4      -1363          1     0.00
           6      -1367          1     0.00
          11      -1371          1     0.00
          30      -1375          1     0.01
          35      -1379          1     0.01
         237      -1383          1     0.07
         413      -1387          1     0.12
       10137      -1387         36     5.17
       19776      -1387         70    10.17
       29652      -1387        107    15.17
       39490      -1387        144    20.17
       49384      -1387        183    25.17
       59547      -1387        220    30.17
       69602      -1387        264    35.17
       79051      -1387        297    40.17
       88134      -1387        323    45.17
       98476      -1387        360    50.21
      107994      -1387        391    55.27
      118537      -1387        428    60.83
      130408      -1387        461    66.93
      142121      -1387        500    73.00
Time to solution 0.146s, assuming true minimum is -1387
