N=8
Mode: 1
Seed: 28
Search strategy: 2
Initialising random weight matrix with 439 working nodes
439 working nodes out of 512
States are -1,1
Weight-choosing mode: 3
Min time to run: 0.5s
Max time to run: 1e+10s
Groundtruth: 1000000000
           1      -1335          1     0.00
           2      -1355          1     0.00
          42      -1363          1     0.02
        1338      -1367          1     0.85
        8908      -1367          8     5.91
       16382      -1367         15    10.91
       23659      -1367         27    15.98
       30901      -1367         37    20.98
       38592      -1367         44    25.98
       46225      -1367         56    30.98
       53973      -1367         66    35.99
       61733      -1367         69    41.03
       69311      -1367         82    46.03
       77020      -1367         88    51.03
       85013      -1367        101    56.18
       93218      -1367        111    61.80
      102648      -1367        118    67.98
      112675      -1367        133    74.82
      123884      -1367        150    82.31
      136606      -1367        156    90.55
      149845      -1367        176    99.62
      165136      -1367        198   109.59
      181444      -1367        223   120.55
      199672      -1367        242   132.61
      219260      -1367        269   145.88
      240961      -1367        300   160.50
      265861      -1367        341   176.55
      292522      -1367        369   194.21
      322276      -1367        404   213.64
      354372      -1367        442   235.01
      389983      -1367        483   258.52
      399747      -1367        500   265.19
Time to solution 0.53038s, assuming true minimum is -1367
