N=8
Mode: 1
Seed: 284
Search strategy: 2
Initialising random weight matrix with 439 working nodes
439 working nodes out of 512
States are -1,1
Weight-choosing mode: 3
Min time to run: 0.5s
Max time to run: 1e+10s
Groundtruth: 1000000000
           1      -1339          1     0.00
           2      -1347          1     0.00
           7      -1355          1     0.00
          10      -1359          1     0.00
          13      -1363          1     0.00
          25      -1371          1     0.01
         417      -1375          1     0.18
        8675      -1375         25     5.18
       17279      -1375         63    10.18
       25221      -1375         86    15.18
       33522      -1375        108    20.24
       42055      -1375        133    25.24
       49984      -1375        152    30.24
       58155      -1375        172    35.24
       66190      -1375        195    40.25
       74093      -1375        213    45.25
       82905      -1375        252    50.25
       91246      -1375        275    55.32
       99930      -1375        303    60.86
      109437      -1375        326    66.95
      120699      -1375        361    73.65
      132218      -1375        395    81.07
      145515      -1375        439    89.21
      160358      -1375        489    98.14
      163196      -1375        500    99.83
Time to solution 0.19966s, assuming true minimum is -1375
