N=8
Mode: 1
Seed: 285
Search strategy: 2
Target time to run: 10s
Initialising random weight matrix with 439 working nodes
439 working nodes out of 512
States are -1,1
           1      -1343          1     0.00
           2      -1363          1     0.00
           3      -1367          1     0.00
          12      -1371          1     0.00
          24      -1375          1     0.01
         135      -1379          1     0.04
         138      -1383          1     0.04
        9678      -1383         21     5.04
       19049      -1383         34    10.06
       28823      -1383         53    15.08
       38352      -1383         72    20.08
       47395      -1383         86    25.08
       56734      -1383        104    30.08
       66756      -1383        125    35.08
       76075      -1383        140    40.09
       85203      -1383        154    45.09
       94498      -1383        175    50.09
      103771      -1383        186    55.12
      114234      -1383        197    60.64
      125796      -1383        214    66.74
      138802      -1383        235    73.42
      152548      -1383        255    80.77
      168146      -1383        283    88.93
      185686      -1383        315    97.83
      204350      -1383        351   107.62
      224952      -1383        386   118.43
      247817      -1383        431   130.28
      272909      -1383        471   143.31
      287311      -1383        500   151.00
Time to solution 0.302s, assuming true minimum is -1383
