N=8
Mode: 1
Seed: 288
Search strategy: 2
Target time to run: 10s
Initialising random weight matrix with 439 working nodes
439 working nodes out of 512
States are -1,1
           1      -1325          1     0.00
           2      -1337          1     0.00
         122      -1345          1     0.04
         554      -1349          1     0.23
        9956      -1349         38     5.26
       18738      -1349         73    10.26
       27717      -1349        100    15.26
       36797      -1349        127    20.31
       45806      -1349        154    25.31
       54750      -1349        187    30.36
       63554      -1349        214    35.36
       72780      -1349        247    40.41
       82523      -1349        283    45.41
       91177      -1349        314    50.41
      100558      -1349        344    55.47
      110690      -1349        385    61.07
      122103      -1349        427    67.18
      133989      -1349        471    73.90
      142061      -1349        500    78.04
Time to solution 0.15608s, assuming true minimum is -1349
