N=8
Mode: 1
Seed: 29
Search strategy: 2
Target time to run: 10s
Initialising random weight matrix with 439 working nodes
439 working nodes out of 512
States are -1,1
           1      -1329          1     0.00
           2      -1341          1     0.00
           4      -1349          1     0.00
          34      -1353          1     0.01
         227      -1357          1     0.07
         475      -1361          1     0.14
        1755      -1365          1     0.80
       10641      -1365         20     5.80
       19537      -1365         37    10.80
       28287      -1365         51    15.80
       36897      -1365         62    20.82
       45588      -1365         71    25.85
       54268      -1365         92    30.86
       63269      -1365        108    35.86
       71944      -1365        121    40.88
       80771      -1365        141    45.92
       89836      -1365        160    50.92
       98677      -1365        176    56.09
      108419      -1365        190    61.70
      119119      -1365        217    67.89
      130541      -1365        235    74.68
      143489      -1365        260    82.16
      158117      -1365        286    90.38
      173729      -1365        319    99.42
      191640      -1365        344   109.37
      210757      -1365        378   120.31
      231901      -1365        416   132.35
      255130      -1365        451   145.59
      280328      -1365        486   160.18
      289357      -1365        500   165.47
Time to solution 0.33094s, assuming true minimum is -1365
