N=8
Mode: 1
Seed: 300
Search strategy: 2
Target time to run: 10s
Initialising random weight matrix with 439 working nodes
439 working nodes out of 512
States are -1,1
           1      -1371          1     0.00
           3      -1379          1     0.00
           6      -1387          1     0.00
         284      -1391          1     0.09
        2364      -1395          1     1.01
       11763      -1395         10     6.01
       20688      -1395         21    11.01
       29863      -1395         33    16.01
       38874      -1395         43    21.08
       47979      -1395         50    26.08
       57011      -1395         57    31.15
       66331      -1395         62    36.18
       75452      -1395         69    41.20
       84402      -1395         79    46.20
       93568      -1395         88    51.20
      102907      -1395         93    56.33
      113308      -1395        103    61.99
      124532      -1395        110    68.19
      136600      -1395        117    75.01
      150353      -1395        129    82.59
      165366      -1395        136    90.85
      181692      -1395        156    99.94
      199743      -1395        170   109.99
      219786      -1395        185   120.99
      241705      -1395        202   133.09
      265964      -1395        219   146.47
      291913      -1395        242   161.12
      321278      -1395        267   177.24
      353156      -1395        309   194.97
      388450      -1395        343   214.47
      426864      -1395        383   235.96
      469042      -1395        437   259.56
      515507      -1395        488   285.52
      526082      -1395        500   291.33
Time to solution 0.58266s, assuming true minimum is -1395
