N=8
Mode: 1
Seed: 303
Search strategy: 2
Target time to run: 10s
Initialising random weight matrix with 439 working nodes
439 working nodes out of 512
States are -1,1
           1      -1351          1     0.00
           2      -1355          1     0.00
           4      -1367          1     0.00
           7      -1375          1     0.00
          41      -1383          1     0.01
        9859      -1383         21     5.01
       19223      -1383         30    10.01
       29017      -1383         44    15.06
       38858      -1383         57    20.07
       48863      -1383         73    25.07
       58797      -1383         93    30.09
       68329      -1383        112    35.09
       78323      -1383        135    40.09
       88154      -1383        149    45.12
       97863      -1383        168    50.13
      107400      -1383        181    55.15
      118098      -1383        199    60.71
      129918      -1383        225    66.80
      142930      -1383        246    73.48
      157120      -1383        266    80.83
      172785      -1383        287    88.94
      189420      -1383        317    97.84
      208473      -1383        360   107.63
      229586      -1383        400   118.41
      252814      -1383        444   130.26
      277803      -1383        490   143.32
      284292      -1383        500   146.79
Time to solution 0.29358s, assuming true minimum is -1383
