N=8
Mode: 1
Seed: 304
Search strategy: 2
Target time to run: 10s
Initialising random weight matrix with 439 working nodes
439 working nodes out of 512
States are -1,1
           1      -1309          1     0.00
           3      -1333          1     0.00
           9      -1337          1     0.00
          70      -1341          1     0.02
         929      -1345          1     0.36
        2547      -1349          1     1.07
       11228      -1349         18     6.07
       20158      -1349         36    11.11
       28704      -1349         55    16.11
       37142      -1349         74    21.11
       45669      -1349         87    26.11
       54003      -1349        103    31.11
       62232      -1349        118    36.11
       71013      -1349        136    41.19
       79515      -1349        159    46.19
       87979      -1349        183    51.19
       96521      -1349        199    56.31
      106877      -1349        220    61.96
      117320      -1349        242    68.19
      128961      -1349        267    75.01
      141207      -1349        292    82.52
      155554      -1349        333    90.80
      170881      -1349        372    99.89
      187677      -1349        407   109.90
      206186      -1349        441   120.90
      226684      -1349        483   132.99
      232016      -1349        500   136.18
Time to solution 0.27236s, assuming true minimum is -1349
