N=8
Mode: 1
Seed: 307
Search strategy: 2
Target time to run: 10s
Initialising random weight matrix with 439 working nodes
439 working nodes out of 512
States are -1,1
           1      -1357          1     0.00
           2      -1409          1     0.00
         656      -1413          1     0.20
       10169      -1413         14     5.20
       19570      -1413         26    10.23
       29035      -1413         39    15.27
       38400      -1413         47    20.30
       48145      -1413         62    25.30
       57652      -1413         75    30.34
       67344      -1413         84    35.34
       76860      -1413         92    40.34
       85977      -1413        103    45.34
       95343      -1413        119    50.34
      104952      -1413        130    55.38
      115314      -1413        144    60.92
      126980      -1413        161    67.05
      139526      -1413        176    73.76
      153401      -1413        187    81.14
      168677      -1413        203    89.26
      185989      -1413        231    98.21
      204337      -1413        260   108.05
      225531      -1413        293   118.90
      247812      -1413        320   130.80
      272859      -1413        358   143.92
      300196      -1413        399   158.32
      329720      -1413        433   174.16
      362478      -1413        477   191.58
      376980      -1413        500   199.23
Time to solution 0.39846s, assuming true minimum is -1413
