N=8
Mode: 1
Seed: 308
Search strategy: 2
Initialising random weight matrix with 439 working nodes
439 working nodes out of 512
States are -1,1
Weight-choosing mode: 3
Min time to run: 0.5s
Max time to run: 1e+10s
Groundtruth: 1000000000
           1      -1365          1     0.00
           3      -1381          1     0.00
           6      -1385          1     0.00
           7      -1389          1     0.00
          46      -1393          1     0.02
         214      -1397          1     0.09
        8305      -1397         15     5.12
       16636      -1397         42    10.13
       25070      -1397         67    15.13
       33664      -1397         95    20.14
       41836      -1397        120    25.14
       50111      -1397        146    30.14
       58447      -1397        168    35.14
       66722      -1397        197    40.14
       75106      -1397        226    45.14
       83061      -1397        256    50.14
       91370      -1397        273    55.16
      100187      -1397        298    60.68
      110138      -1397        331    66.75
      121483      -1397        362    73.43
      133751      -1397        392    80.78
      146781      -1397        432    88.86
      161303      -1397        469    97.75
      174639      -1397        500   105.89
Time to solution 0.21178s, assuming true minimum is -1397
