N=8
Mode: 1
Seed: 309
Search strategy: 2
Target time to run: 10s
Initialising random weight matrix with 439 working nodes
439 working nodes out of 512
States are -1,1
           1      -1351          1     0.00
           4      -1363          1     0.00
           5      -1367          1     0.00
         158      -1371          1     0.05
         419      -1375          1     0.13
       10241      -1375         31     5.13
       19368      -1375         52    10.13
       28325      -1375         65    15.13
       37293      -1375         87    20.14
       46414      -1375        112    25.14
       56263      -1375        134    30.15
       65250      -1375        159    35.18
       74799      -1375        184    40.23
       84202      -1375        211    45.23
       93175      -1375        238    50.23
      102618      -1375        257    55.29
      112866      -1375        276    60.86
      124239      -1375        297    66.98
      137038      -1375        332    73.75
      150867      -1375        373    81.18
      165937      -1375        405    89.30
      182400      -1375        446    98.25
      200554      -1375        494   108.11
      202720      -1375        500   109.41
Time to solution 0.21882s, assuming true minimum is -1375
