N=8
Mode: 1
Seed: 310
Search strategy: 2
Target time to run: 10s
Initialising random weight matrix with 439 working nodes
439 working nodes out of 512
States are -1,1
           1      -1399          1     0.00
           2      -1403          1     0.00
          24      -1407          1     0.00
         354      -1411          1     0.10
         676      -1415          1     0.20
       10070      -1415         45     5.20
       19452      -1415         95    10.20
       28558      -1415        135    15.23
       36904      -1415        164    20.24
       46075      -1415        203    25.24
       54626      -1415        237    30.24
       63630      -1415        272    35.24
       71986      -1415        300    40.24
       80801      -1415        332    45.30
       89439      -1415        368    50.30
       98286      -1415        402    55.33
      108085      -1415        437    60.87
      118368      -1415        479    66.96
      122847      -1415        500    69.16
Time to solution 0.13832s, assuming true minimum is -1415
