N=8
Mode: 1
Seed: 312
Search strategy: 2
Target time to run: 10s
Initialising random weight matrix with 439 working nodes
439 working nodes out of 512
States are -1,1
           1      -1353          1     0.00
           2      -1369          1     0.00
           6      -1373          1     0.00
           8      -1377          1     0.00
          17      -1385          1     0.00
          22      -1389          1     0.00
         256      -1393          1     0.08
        9545      -1393          7     5.10
       18899      -1393         18    10.10
       27982      -1393         36    15.12
       37092      -1393         44    20.12
       45949      -1393         54    25.12
       55360      -1393         68    30.12
       64272      -1393         81    35.13
       73295      -1393         86    40.13
       82163      -1393        100    45.13
       91315      -1393        107    50.14
      100500      -1393        117    55.16
      110584      -1393        127    60.68
      121744      -1393        143    66.76
      133776      -1393        155    73.49
      147198      -1393        175    80.84
      161769      -1393        193    88.93
      177803      -1393        206    97.83
      195689      -1393        226   107.66
      215254      -1393        250   118.44
      236992      -1393        279   130.29
      260797      -1393        304   143.32
      287352      -1393        332   157.68
      315392      -1393        365   173.45
      347310      -1393        402   190.80
      382043      -1393        441   209.89
      420134      -1393        491   230.88
      428879      -1393        500   235.76
Time to solution 0.47152s, assuming true minimum is -1393
