N=8
Mode: 1
Seed: 317
Search strategy: 2
Target time to run: 10s
Initialising random weight matrix with 439 working nodes
439 working nodes out of 512
States are -1,1
           1      -1389          1     0.00
           4      -1397          1     0.00
         338      -1401          1     0.10
        9349      -1401         22     5.10
       18378      -1401         41    10.10
       27848      -1401         60    15.10
       36840      -1401         81    20.14
       46615      -1401        109    25.15
       55526      -1401        128    30.15
       64840      -1401        147    35.15
       74035      -1401        172    40.17
       82777      -1401        196    45.17
       91841      -1401        220    50.17
      100881      -1401        241    55.19
      110779      -1401        261    60.71
      121802      -1401        291    66.79
      133926      -1401        316    73.52
      147125      -1401        351    80.91
      162276      -1401        388    89.01
      178113      -1401        426    97.92
      195813      -1401        463   107.72
      213515      -1401        500   117.54
Time to solution 0.23508s, assuming true minimum is -1401
