N=8
Mode: 1
Seed: 325
Search strategy: 2
Initialising random weight matrix with 439 working nodes
439 working nodes out of 512
States are -1,1
Weight-choosing mode: 3
Min time to run: 0.5s
Max time to run: 1e+10s
Groundtruth: 1000000000
           1      -1379          1     0.00
          13      -1383          1     0.00
          21      -1391          1     0.01
        1523      -1395          1     0.63
        9751      -1395         11     5.63
       17641      -1395         14    10.63
       25851      -1395         27    15.63
       33972      -1395         39    20.64
       42191      -1395         49    25.64
       50149      -1395         59    30.64
       58223      -1395         66    35.65
       66167      -1395         76    40.65
       74597      -1395         91    45.65
       82762      -1395         99    50.69
       91085      -1395        107    55.76
      100355      -1395        122    61.34
      110498      -1395        137    67.48
      121527      -1395        152    74.23
      133341      -1395        159    81.66
      146488      -1395        177    89.83
      160837      -1395        200    98.82
      177212      -1395        226   108.71
      194574      -1395        242   119.59
      214033      -1395        263   131.55
      235742      -1395        288   144.71
      259764      -1395        325   159.19
      285388      -1395        350   175.11
      313897      -1395        386   192.63
      345515      -1395        419   211.90
      379873      -1395        456   233.10
      417511      -1395        494   256.41
      427142      -1395        500   262.45
Time to solution 0.5249s, assuming true minimum is -1395
