N=8
Mode: 1
Seed: 330
Search strategy: 2
Target time to run: 10s
Initialising random weight matrix with 439 working nodes
439 working nodes out of 512
States are -1,1
           1      -1331          1     0.00
           2      -1359          1     0.00
         123      -1367          1     0.03
       10079      -1367         32     5.12
       19763      -1367         67    10.13
       29271      -1367        104    15.13
       38758      -1367        132    20.14
       47721      -1367        156    25.19
       57499      -1367        188    30.19
       67474      -1367        223    35.19
       76414      -1367        245    40.26
       85803      -1367        273    45.26
       94682      -1367        302    50.30
      103949      -1367        325    55.33
      114169      -1367        360    60.94
      125430      -1367        395    67.08
      138163      -1367        440    73.84
      152073      -1367        480    81.23
      157950      -1367        500    84.46
Time to solution 0.16892s, assuming true minimum is -1367
