N=8
Mode: 1
Seed: 333
Search strategy: 2
Target time to run: 10s
Initialising random weight matrix with 439 working nodes
439 working nodes out of 512
States are -1,1
           1      -1329          1     0.00
           2      -1345          1     0.00
           3      -1357          1     0.00
           7      -1365          1     0.00
          26      -1373          1     0.01
          31      -1381          1     0.01
         644      -1385          1     0.20
        9569      -1385         23     5.26
       18455      -1385         39    10.30
       27691      -1385         51    15.33
       37013      -1385         63    20.33
       45882      -1385         82    25.33
       55131      -1385         97    30.33
       64414      -1385        114    35.39
       73719      -1385        134    40.42
       82892      -1385        146    45.42
       92020      -1385        164    50.42
      101047      -1385        180    55.53
      110924      -1385        200    61.10
      121899      -1385        228    67.22
      134146      -1385        252    73.95
      147413      -1385        276    81.35
      162114      -1385        296    89.51
      177673      -1385        324    98.48
      195259      -1385        364   108.33
      214462      -1385        402   119.21
      236056      -1385        452   131.15
      260057      -1385        489   144.27
      264345      -1385        500   146.73
Time to solution 0.29346s, assuming true minimum is -1385
