N=8
Mode: 1
Seed: 336
Search strategy: 2
Target time to run: 10s
Initialising random weight matrix with 439 working nodes
439 working nodes out of 512
States are -1,1
           1      -1399          1     0.00
          19      -1407          1     0.00
          75      -1411          1     0.02
          84      -1415          1     0.02
          87      -1419          1     0.02
       10397      -1419         34     5.06
       20900      -1419         70    10.06
       31023      -1419        101    15.06
       40994      -1419        126    20.07
       51252      -1419        153    25.07
       61196      -1419        183    30.08
       71280      -1419        217    35.13
       80946      -1419        236    40.15
       91149      -1419        275    45.15
      101177      -1419        304    50.15
      111399      -1419        331    55.20
      122652      -1419        365    60.73
      133975      -1419        393    66.84
      147430      -1419        424    73.56
      162226      -1419        472    80.92
      173401      -1419        500    86.69
Time to solution 0.17338s, assuming true minimum is -1419
