N=8
Mode: 1
Seed: 338
Search strategy: 2
Initialising random weight matrix with 439 working nodes
439 working nodes out of 512
States are -1,1
Weight-choosing mode: 3
Min time to run: 0.5s
Max time to run: 1e+10s
Groundtruth: 1000000000
           1      -1399          1     0.00
         213      -1403          1     0.08
        8705      -1403         10     5.08
       16718      -1403         16    10.08
       25022      -1403         21    15.08
       33383      -1403         26    20.11
       41760      -1403         32    25.11
       49812      -1403         37    30.11
       57952      -1403         40    35.13
       66141      -1403         46    40.13
       74115      -1403         49    45.13
       82413      -1403         56    50.17
       90695      -1403         58    55.21
       99875      -1403         68    60.74
      110125      -1403         79    66.82
      121129      -1403         93    73.57
      133191      -1403        111    80.95
      146442      -1403        121    89.07
      161086      -1403        130    97.98
      177547      -1403        144   107.81
      195358      -1403        153   118.60
      214953      -1403        169   130.46
      236392      -1403        187   143.51
      259716      -1403        207   157.87
      285831      -1403        219   173.66
      314328      -1403        241   191.03
      345539      -1403        266   210.14
      380222      -1403        289   231.18
      418324      -1403        320   254.34
      459823      -1403        342   279.78
      505876      -1403        386   307.80
      556913      -1403        428   338.59
      612786      -1403        466   372.45
      646922      -1403        500   392.97
Time to solution 0.78594s, assuming true minimum is -1403
