N=8
Mode: 1
Seed: 341
Search strategy: 2
Initialising random weight matrix with 439 working nodes
439 working nodes out of 512
States are -1,1
Weight-choosing mode: 3
Min time to run: 0.5s
Max time to run: 1e+10s
Groundtruth: 1000000000
           1      -1337          1     0.00
           2      -1349          1     0.00
           4      -1353          1     0.00
           5      -1361          1     0.00
          20      -1365          1     0.01
         100      -1369          1     0.04
        1200      -1373          1     0.48
        9449      -1373         10     5.51
       17729      -1373         18    10.51
       26165      -1373         28    15.51
       34612      -1373         37    20.51
       42865      -1373         44    25.55
       51322      -1373         53    30.55
       59669      -1373         61    35.55
       67964      -1373         68    40.55
       76345      -1373         83    45.55
       84611      -1373         93    50.55
       93135      -1373        109    55.61
      102684      -1373        123    61.18
      112823      -1373        134    67.31
      124226      -1373        147    74.05
      136443      -1373        159    81.46
      149804      -1373        173    89.61
      164504      -1373        191    98.59
      180959      -1373        210   108.45
      199010      -1373        227   119.34
      219115      -1373        254   131.32
      240981      -1373        275   144.49
      265081      -1373        305   158.97
      291674      -1373        338   174.90
      320456      -1373        367   192.43
      352271      -1373        414   211.68
      387422      -1373        457   232.85
      420867      -1373        500   252.68
Time to solution 0.50536s, assuming true minimum is -1373
