N=8
Mode: 1
Seed: 346
Search strategy: 2
Target time to run: 10s
Initialising random weight matrix with 439 working nodes
439 working nodes out of 512
States are -1,1
           1      -1311          1     0.00
           3      -1335          1     0.00
          27      -1339          1     0.01
         136      -1343          1     0.04
         260      -1347          1     0.08
        9935      -1347         31     5.10
       19835      -1347         69    10.11
       30207      -1347        109    15.14
       39942      -1347        138    20.14
       49466      -1347        165    25.18
       59730      -1347        199    30.18
       69380      -1347        234    35.21
       79296      -1347        266    40.21
       89407      -1347        305    45.21
       99860      -1347        352    50.21
      109854      -1347        386    55.24
      120943      -1347        424    60.77
      132558      -1347        466    66.85
      143092      -1347        500    72.03
Time to solution 0.14406s, assuming true minimum is -1347
