N=8
Mode: 1
Seed: 347
Search strategy: 2
Target time to run: 10s
Initialising random weight matrix with 439 working nodes
439 working nodes out of 512
States are -1,1
           1      -1355          1     0.00
           3      -1371          1     0.00
           5      -1379          1     0.00
          13      -1387          1     0.00
          54      -1395          1     0.01
         475      -1399          1     0.20
        8802      -1399         24     5.27
       17013      -1399         49    10.27
       25151      -1399         70    15.27
       33700      -1399         94    20.27
       42133      -1399        122    25.27
       50543      -1399        150    30.29
       59226      -1399        177    35.33
       67178      -1399        203    40.34
       75798      -1399        229    45.35
       84334      -1399        253    50.35
       92727      -1399        284    55.39
      102341      -1399        316    60.93
      112190      -1399        350    67.03
      123951      -1399        394    73.78
      136302      -1399        428    81.22
      149766      -1399        474    89.35
      158199      -1399        500    94.57
Time to solution 0.18914s, assuming true minimum is -1399
