N=8
Mode: 1
Seed: 355
Search strategy: 2
Target time to run: 10s
Initialising random weight matrix with 439 working nodes
439 working nodes out of 512
States are -1,1
           1      -1389          1     0.00
          23      -1397          1     0.00
         441      -1401          1     0.18
        9880      -1401         23     5.20
       18673      -1401         48    10.20
       28006      -1401         76    15.20
       36836      -1401         99    20.23
       45980      -1401        121    25.23
       55345      -1401        143    30.23
       64566      -1401        164    35.24
       74009      -1401        182    40.24
       83426      -1401        204    45.24
       92571      -1401        235    50.25
      101879      -1401        260    55.30
      112477      -1401        290    60.83
      124078      -1401        317    66.92
      136314      -1401        349    73.62
      149991      -1401        380    80.99
      164904      -1401        424    89.12
      180958      -1401        472    98.04
      190574      -1401        500   103.04
Time to solution 0.20608s, assuming true minimum is -1401
