N=8
Mode: 1
Seed: 359
Search strategy: 2
Target time to run: 10s
Initialising random weight matrix with 439 working nodes
439 working nodes out of 512
States are -1,1
           1      -1367          1     0.00
           2      -1375          1     0.00
           6      -1383          1     0.00
          37      -1387          1     0.01
          46      -1391          1     0.01
         130      -1395          1     0.04
         160      -1399          1     0.05
        9997      -1399          9     5.07
       19684      -1399         19    10.07
       29198      -1399         26    15.11
       38952      -1399         38    20.11
       48773      -1399         48    25.11
       58300      -1399         59    30.11
       67564      -1399         68    35.11
       77546      -1399         83    40.12
       87442      -1399         92    45.14
       96837      -1399         97    50.14
      106719      -1399        116    55.16
      117093      -1399        127    60.69
      128838      -1399        135    66.83
      141791      -1399        144    73.52
      155809      -1399        157    80.88
      171791      -1399        172    88.97
      188820      -1399        182    97.89
      207407      -1399        201   107.68
      228038      -1399        220   118.45
      250776      -1399        244   130.39
      275944      -1399        276   143.43
      303495      -1399        306   157.78
      334276      -1399        338   173.56
      367655      -1399        360   190.94
      404922      -1399        406   210.04
      445072      -1399        448   231.06
      489865      -1399        486   254.19
      502009      -1399        500   260.66
Time to solution 0.52132s, assuming true minimum is -1399
