N=8
Mode: 1
Seed: 362
Search strategy: 2
Target time to run: 10s
Initialising random weight matrix with 439 working nodes
439 working nodes out of 512
States are -1,1
           1      -1411          1     0.00
           2      -1427          1     0.00
         851      -1431          1     0.25
       10013      -1431         27     5.25
       19729      -1431         53    10.25
       29439      -1431         84    15.25
       38993      -1431        104    20.27
       48748      -1431        126    25.31
       58436      -1431        148    30.31
       68182      -1431        169    35.36
       77519      -1431        193    40.36
       87053      -1431        215    45.36
       96913      -1431        240    50.44
      106570      -1431        261    55.49
      117423      -1431        293    61.04
      128330      -1431        326    67.22
      141209      -1431        362    73.95
      155614      -1431        407    81.39
      171111      -1431        445    89.54
      188290      -1431        486    98.58
      192410      -1431        500   100.72
Time to solution 0.20144s, assuming true minimum is -1431
