N=8
Mode: 1
Seed: 365
Search strategy: 2
Target time to run: 10s
Initialising random weight matrix with 439 working nodes
439 working nodes out of 512
States are -1,1
           1      -1363          1     0.00
           2      -1367          1     0.00
           3      -1375          1     0.00
           6      -1383          1     0.00
           9      -1387          1     0.00
          42      -1399          1     0.01
       10581      -1399         37     5.01
       20506      -1399         65    10.01
       30570      -1399         92    15.01
       40955      -1399        128    20.01
       51307      -1399        173    25.03
       61200      -1399        204    30.03
       71675      -1399        241    35.11
       81869      -1399        267    40.11
       91495      -1399        294    45.14
      101574      -1399        333    50.15
      111716      -1399        369    55.17
      122382      -1399        398    60.69
      134118      -1399        434    66.76
      146754      -1399        477    73.44
      152946      -1399        500    76.57
Time to solution 0.15314s, assuming true minimum is -1399
