N=8
Mode: 1
Seed: 369
Search strategy: 2
Initialising random weight matrix with 439 working nodes
439 working nodes out of 512
States are -1,1
Weight-choosing mode: 3
Min time to run: 0.5s
Max time to run: 1e+10s
Groundtruth: 1000000000
           1      -1365          1     0.00
           3      -1373          1     0.00
           5      -1381          1     0.00
           8      -1397          1     0.00
          63      -1405          1     0.02
        8317      -1405         17     5.02
       16228      -1405         36    10.04
       24339      -1405         58    15.04
       32416      -1405         78    20.10
       40680      -1405         98    25.17
       49378      -1405        133    30.17
       57948      -1405        157    35.17
       66218      -1405        184    40.17
       75071      -1405        215    45.17
       83074      -1405        231    50.17
       90992      -1405        255    55.19
       99549      -1405        275    60.71
      109211      -1405        295    66.79
      120298      -1405        327    73.47
      132113      -1405        359    80.82
      145708      -1405        400    88.91
      160616      -1405        456    97.81
      175466      -1405        500   106.46
Time to solution 0.21292s, assuming true minimum is -1405
