N=8
Mode: 1
Seed: 376
Search strategy: 2
Target time to run: 10s
Initialising random weight matrix with 439 working nodes
439 working nodes out of 512
States are -1,1
           1      -1343          1     0.00
         532      -1347          1     0.16
       10643      -1347         32     5.17
       20444      -1347         54    10.17
       30425      -1347         85    15.17
       39855      -1347        107    20.17
       49425      -1347        126    25.17
       58857      -1347        147    30.22
       68817      -1347        170    35.25
       78379      -1347        193    40.25
       88021      -1347        219    45.25
       97906      -1347        245    50.25
      107699      -1347        276    55.28
      118601      -1347        301    60.82
      130707      -1347        333    66.91
      143213      -1347        361    73.61
      157314      -1347        400    80.98
      172576      -1347        439    89.11
      189926      -1347        484    98.03
      198677      -1347        500   102.41
Time to solution 0.20482s, assuming true minimum is -1347
