N=8
Mode: 1
Seed: 377
Search strategy: 2
Target time to run: 10s
Initialising random weight matrix with 439 working nodes
439 working nodes out of 512
States are -1,1
           1      -1375          1     0.00
           4      -1395          1     0.00
          18      -1403          1     0.00
         161      -1407          1     0.05
         390      -1411          1     0.19
       10168      -1411         38     5.21
       19575      -1411         59    10.21
       28766      -1411         89    15.21
       37870      -1411        113    20.21
       47572      -1411        138    25.21
       56902      -1411        161    30.27
       66077      -1411        192    35.28
       75058      -1411        226    40.35
       84502      -1411        251    45.42
       93764      -1411        278    50.42
      102852      -1411        306    55.47
      113865      -1411        340    61.05
      125158      -1411        369    67.23
      137870      -1411        416    74.01
      151311      -1411        456    81.46
      166221      -1411        494    89.61
      168454      -1411        500    90.77
Time to solution 0.18154s, assuming true minimum is -1411
