N=8
Mode: 1
Seed: 383
Search strategy: 2
Target time to run: 10s
Initialising random weight matrix with 439 working nodes
439 working nodes out of 512
States are -1,1
           1      -1307          1     0.00
           3      -1327          1     0.00
           4      -1331          1     0.00
          73      -1335          1     0.02
         381      -1339          1     0.12
        9849      -1339          4     5.12
       19302      -1339          8    10.13
       28628      -1339         12    15.13
       37923      -1339         16    20.16
       47341      -1339         23    25.16
       56853      -1339         31    30.18
       66253      -1339         38    35.19
       75859      -1339         44    40.19
       85236      -1339         52    45.19
       94770      -1339         60    50.19
      104248      -1339         63    55.25
      114746      -1339         70    60.81
      126210      -1339         75    66.90
      138805      -1339         85    73.60
      152712      -1339         98    80.96
      168467      -1339        107    89.06
      185274      -1339        111    97.97
      203958      -1339        127   107.77
      224445      -1339        144   118.58
      247007      -1339        160   130.46
      271760      -1339        175   143.51
      298607      -1339        190   157.87
      328810      -1339        204   173.67
      362051      -1339        216   191.05
      398830      -1339        235   210.16
      438920      -1339        261   231.18
      482783      -1339        289   254.30
      531279      -1339        323   279.75
      584273      -1339        347   307.73
      642615      -1339        385   338.53
      707010      -1339        422   372.39
      777947      -1339        468   409.63
      818799      -1339        500   431.25
Time to solution 0.8625s, assuming true minimum is -1339
