N=8
Mode: 1
Seed: 392
Search strategy: 2
Target time to run: 10s
Initialising random weight matrix with 439 working nodes
439 working nodes out of 512
States are -1,1
           1      -1361          1     0.00
           2      -1385          1     0.00
          32      -1393          1     0.01
         421      -1397          1     0.13
       10186      -1397         25     5.13
       19211      -1397         43    10.13
       28346      -1397         58    15.16
       37636      -1397         72    20.16
       47149      -1397        100    25.16
       56216      -1397        112    30.22
       64910      -1397        134    35.22
       74564      -1397        152    40.22
       83417      -1397        169    45.22
       92927      -1397        183    50.22
      102174      -1397        206    55.25
      111994      -1397        219    60.80
      122894      -1397        244    66.90
      135422      -1397        268    73.60
      148850      -1397        297    81.00
      163584      -1397        324    89.11
      179931      -1397        354    98.05
      198487      -1397        397   107.86
      218728      -1397        436   118.65
      241120      -1397        470   130.56
      254574      -1397        500   137.68
Time to solution 0.27536s, assuming true minimum is -1397
