N=8
Mode: 1
Seed: 393
Search strategy: 2
Target time to run: 10s
Initialising random weight matrix with 439 working nodes
439 working nodes out of 512
States are -1,1
           1      -1375          1     0.00
           2      -1403          1     0.00
           5      -1411          1     0.00
          69      -1415          1     0.02
         765      -1419          1     0.34
        9614      -1419          7     5.38
       18314      -1419         14    10.44
       27065      -1419         25    15.44
       35964      -1419         35    20.44
       44791      -1419         45    25.44
       53706      -1419         51    30.44
       62080      -1419         61    35.44
       71064      -1419         71    40.44
       79684      -1419         78    45.44
       88270      -1419         85    50.44
       97103      -1419         93    55.51
      106973      -1419        100    61.09
      117887      -1419        108    67.24
      129711      -1419        122    73.97
      143102      -1419        141    81.37
      157227      -1419        157    89.51
      172636      -1419        174    98.48
      189764      -1419        205   108.37
      208737      -1419        220   119.21
      229953      -1419        240   131.14
      252795      -1419        263   144.26
      278414      -1419        292   158.69
      305863      -1419        318   174.60
      337629      -1419        349   192.06
      371628      -1419        377   211.27
      409890      -1419        414   232.43
      450519      -1419        453   255.70
      496457      -1419        485   281.29
      514396      -1419        500   291.53
Time to solution 0.58306s, assuming true minimum is -1419
