N=8
Mode: 1
Seed: 395
Search strategy: 2
Target time to run: 10s
Initialising random weight matrix with 439 working nodes
439 working nodes out of 512
States are -1,1
           1      -1371          1     0.00
           4      -1375          1     0.00
          23      -1379          1     0.00
          28      -1383          1     0.01
          50      -1387          1     0.01
          86      -1391          1     0.02
         161      -1395          1     0.05
         335      -1399          1     0.10
         849      -1403          1     0.37
        9389      -1403         13     5.37
       18227      -1403         21    10.38
       27068      -1403         35    15.38
       36131      -1403         45    20.40
       45190      -1403         64    25.46
       54163      -1403         75    30.52
       63450      -1403         92    35.52
       72581      -1403        104    40.56
       81734      -1403        117    45.56
       90645      -1403        129    50.56
       99473      -1403        147    55.69
      109463      -1403        163    61.26
      120241      -1403        178    67.39
      131617      -1403        194    74.13
      144705      -1403        216    81.61
      158772      -1403        233    89.78
      175347      -1403        262    98.76
      192768      -1403        291   108.64
      211467      -1403        317   119.51
      233046      -1403        349   131.47
      257001      -1403        380   144.62
      283379      -1403        414   159.09
      312026      -1403        465   175.06
      337897      -1403        500   189.61
Time to solution 0.37922s, assuming true minimum is -1403
