N=8
Mode: 1
Seed: 406
Search strategy: 2
Target time to run: 10s
Initialising random weight matrix with 439 working nodes
439 working nodes out of 512
States are -1,1
           1      -1401          1     0.00
           2      -1405          1     0.00
           8      -1409          1     0.00
          11      -1421          1     0.00
          87      -1425          1     0.03
         177      -1429          1     0.05
         472      -1433          1     0.21
        9359      -1433         14     5.21
       18514      -1433         27    10.21
       27521      -1433         40    15.21
       36604      -1433         53    20.21
       45315      -1433         65    25.21
       54472      -1433         77    30.21
       63438      -1433         84    35.21
       72623      -1433         93    40.21
       81508      -1433        111    45.21
       91014      -1433        124    50.23
      100233      -1433        136    55.29
      110462      -1433        151    60.85
      121325      -1433        166    66.94
      133720      -1433        182    73.64
      147223      -1433        207    81.04
      161905      -1433        230    89.15
      178742      -1433        251    98.07
      196508      -1433        276   107.88
      215835      -1433        301   118.67
      237915      -1433        331   130.54
      262385      -1433        372   143.60
      288632      -1433        408   157.96
      317341      -1433        439   173.76
      348849      -1433        488   191.17
      359833      -1433        500   197.17
Time to solution 0.39434s, assuming true minimum is -1433
