N=8
Mode: 1
Seed: 412
Search strategy: 2
Target time to run: 10s
Initialising random weight matrix with 439 working nodes
439 working nodes out of 512
States are -1,1
           1      -1375          1     0.00
           3      -1379          1     0.00
           8      -1387          1     0.00
          23      -1391          1     0.00
         589      -1395          1     0.18
        2051      -1399          1     0.88
       10581      -1399          6     5.88
       19361      -1399         15    10.88
       28370      -1399         30    15.88
       37314      -1399         45    20.89
       45881      -1399         51    25.89
       54641      -1399         66    30.89
       63438      -1399         69    35.91
       72357      -1399         81    40.91
       80920      -1399        100    45.92
       89637      -1399        111    50.92
       98772      -1399        117    56.02
      108369      -1399        136    61.63
      119195      -1399        146    67.80
      131093      -1399        153    74.58
      143961      -1399        168    82.08
      158518      -1399        191    90.31
      174210      -1399        207    99.35
      192127      -1399        230   109.36
      211189      -1399        254   120.33
      232428      -1399        277   132.37
      255567      -1399        299   145.61
      281654      -1399        332   160.18
      309693      -1399        376   176.22
      340412      -1399        412   193.85
      374353      -1399        441   213.24
      411778      -1399        486   234.57
      422240      -1399        500   240.68
Time to solution 0.48136s, assuming true minimum is -1399
