N=8
Mode: 1
Seed: 416
Search strategy: 2
Target time to run: 10s
Initialising random weight matrix with 439 working nodes
439 working nodes out of 512
States are -1,1
           1      -1397          1     0.00
           5      -1401          1     0.00
          17      -1405          1     0.00
          27      -1409          1     0.01
         312      -1413          1     0.09
         548      -1417          1     0.22
        9679      -1417         38     5.26
       18892      -1417         79    10.26
       28328      -1417        116    15.26
       37361      -1417        157    20.26
       46511      -1417        187    25.26
       55281      -1417        222    30.26
       64121      -1417        256    35.32
       73630      -1417        290    40.37
       83043      -1417        333    45.37
       92185      -1417        370    50.41
      101659      -1417        409    55.51
      111844      -1417        457    61.07
      122504      -1417        500    66.71
Time to solution 0.13342s, assuming true minimum is -1417
