N=8
Mode: 1
Seed: 418
Search strategy: 2
Target time to run: 10s
Initialising random weight matrix with 439 working nodes
439 working nodes out of 512
States are -1,1
           1      -1387          1     0.00
           2      -1411          1     0.00
          18      -1415          1     0.00
         427      -1419          1     0.13
       11020      -1419         26     5.13
       21095      -1419         49    10.13
       31684      -1419         79    15.13
       41834      -1419        103    20.14
       52075      -1419        123    25.14
       62473      -1419        149    30.16
       72814      -1419        167    35.16
       83353      -1419        195    40.16
       93881      -1419        225    45.16
      104767      -1419        257    50.20
      114999      -1419        279    55.24
      126231      -1419        300    60.77
      139196      -1419        330    66.85
      153336      -1419        367    73.54
      167875      -1419        393    80.90
      185073      -1419        435    89.03
      203565      -1419        479    97.94
      213057      -1419        500   102.69
Time to solution 0.20538s, assuming true minimum is -1419
