N=8
Mode: 1
Seed: 420
Search strategy: 2
Target time to run: 10s
Initialising random weight matrix with 439 working nodes
439 working nodes out of 512
States are -1,1
           1      -1373          1     0.00
           2      -1389          1     0.00
           3      -1413          1     0.00
          68      -1417          1     0.02
         116      -1429          1     0.04
        9391      -1429         27     5.05
       18654      -1429         52    10.05
       28076      -1429         77    15.05
       37590      -1429         99    20.05
       46935      -1429        122    25.05
       56011      -1429        138    30.05
       65166      -1429        160    35.09
       74925      -1429        195    40.11
       84386      -1429        217    45.11
       93711      -1429        235    50.11
      102720      -1429        256    55.17
      113147      -1429        275    60.73
      124945      -1429        303    66.85
      137841      -1429        333    73.54
      151391      -1429        361    80.93
      166539      -1429        399    89.03
      183307      -1429        441    97.98
      201691      -1429        476   107.78
      212030      -1429        500   113.28
Time to solution 0.22656s, assuming true minimum is -1429
