N=8
Mode: 1
Seed: 421
Search strategy: 2
Target time to run: 10s
Initialising random weight matrix with 439 working nodes
439 working nodes out of 512
States are -1,1
           1      -1389          1     0.00
           3      -1393          1     0.00
           4      -1417          1     0.00
          27      -1421          1     0.01
          63      -1425          1     0.02
          97      -1429          1     0.02
         157      -1433          1     0.04
         287      -1437          1     0.08
         680      -1441          1     0.30
        9936      -1441         41     5.32
       19056      -1441         77    10.32
       28617      -1441        123    15.32
       37798      -1441        167    20.34
       46992      -1441        203    25.34
       56307      -1441        241    30.38
       64932      -1441        270    35.38
       73644      -1441        305    40.38
       82646      -1441        336    45.38
       92196      -1441        374    50.43
      101460      -1441        410    55.48
      111073      -1441        451    61.03
      121666      -1441        497    67.18
      122124      -1441        500    67.40
Time to solution 0.1348s, assuming true minimum is -1441
