N=8
Mode: 1
Seed: 423
Search strategy: 2
Initialising random weight matrix with 439 working nodes
439 working nodes out of 512
States are -1,1
Weight-choosing mode: 3
Min time to run: 0.5s
Max time to run: 1e+10s
Groundtruth: 1000000000
           1      -1323          1     0.00
          12      -1331          1     0.00
          16      -1335          1     0.00
          37      -1339          1     0.02
         560      -1343          1     0.28
        9193      -1343         22     5.28
       17833      -1343         44    10.29
       26152      -1343         63    15.29
       34619      -1343         86    20.29
       43016      -1343        105    25.29
       51196      -1343        117    30.29
       59343      -1343        139    35.29
       67676      -1343        158    40.29
       76282      -1343        176    45.29
       85155      -1343        202    50.29
       93538      -1343        226    55.33
      103044      -1343        246    60.89
      113238      -1343        278    66.98
      124665      -1343        304    73.68
      137004      -1343        332    81.06
      150457      -1343        355    89.17
      165496      -1343        389    98.09
      181793      -1343        426   107.90
      200133      -1343        472   118.70
      215080      -1343        500   127.53
Time to solution 0.25506s, assuming true minimum is -1343
