N=8
Mode: 1
Seed: 424
Search strategy: 2
Target time to run: 10s
Initialising random weight matrix with 439 working nodes
439 working nodes out of 512
States are -1,1
           1      -1329          1     0.00
           3      -1333          1     0.00
           4      -1341          1     0.00
           6      -1345          1     0.00
         173      -1349          1     0.05
        2726      -1353          1     1.22
       11895      -1353          7     6.22
       21269      -1353         16    11.22
       30399      -1353         23    16.22
       39786      -1353         29    21.23
       49319      -1353         35    26.24
       58687      -1353         41    31.24
       67505      -1353         50    36.24
       76718      -1353         52    41.28
       86166      -1353         56    46.28
       95379      -1353         64    51.28
      105083      -1353         72    56.46
      115447      -1353         87    62.12
      126936      -1353         99    68.40
      140227      -1353        113    75.25
      154102      -1353        128    82.81
      169659      -1353        143    91.10
      186556      -1353        153   100.22
      204912      -1353        174   110.25
      226101      -1353        192   121.28
      248735      -1353        203   133.41
      273038      -1353        225   146.76
      300703      -1353        253   161.48
      330784      -1353        282   177.63
      363585      -1353        312   195.41
      400069      -1353        340   214.96
      439471      -1353        385   236.46
      482791      -1353        418   260.11
      530444      -1353        463   286.13
      573023      -1353        500   309.41
Time to solution 0.61882s, assuming true minimum is -1353
