N=8
Mode: 1
Seed: 436
Search strategy: 2
Initialising random weight matrix with 439 working nodes
439 working nodes out of 512
States are -1,1
Weight-choosing mode: 3
Min time to run: 0.5s
Max time to run: 1e+10s
Groundtruth: 1000000000
           1      -1379          1     0.00
           2      -1395          1     0.00
          10      -1399          1     0.00
          13      -1407          1     0.00
         167      -1411          1     0.06
        1908      -1415          1     0.85
       10958      -1415         22     5.85
       19429      -1415         35    10.88
       28587      -1415         54    15.88
       37541      -1415         73    20.89
       46311      -1415         87    25.89
       55352      -1415        107    30.91
       64349      -1415        127    35.91
       73076      -1415        142    40.91
       81903      -1415        159    45.91
       90504      -1415        179    50.91
       99392      -1415        191    56.01
      108850      -1415        199    61.62
      119152      -1415        210    67.79
      130911      -1415        231    74.57
      143982      -1415        254    82.03
      158051      -1415        279    90.28
      173813      -1415        309    99.31
      190956      -1415        336   109.25
      209503      -1415        371   120.18
      230390      -1415        406   132.20
      253491      -1415        452   145.42
      278404      -1415        493   160.00
      281750      -1415        500   162.02
Time to solution 0.32404s, assuming true minimum is -1415
