N=8
Mode: 1
Seed: 445
Search strategy: 2
Target time to run: 10s
Initialising random weight matrix with 439 working nodes
439 working nodes out of 512
States are -1,1
           1      -1321          1     0.00
           2      -1341          1     0.00
           5      -1353          1     0.00
          22      -1361          1     0.00
          53      -1365          1     0.02
         124      -1369          1     0.04
         151      -1373          1     0.04
         155      -1377          1     0.04
        9169      -1377         12     5.06
       17910      -1377         28    10.06
       26739      -1377         44    15.06
       35905      -1377         51    20.07
       45027      -1377         66    25.08
       54395      -1377         80    30.12
       63733      -1377         91    35.15
       73028      -1377         98    40.15
       82208      -1377        113    45.15
       91571      -1377        130    50.19
      100725      -1377        140    55.22
      110524      -1377        154    60.75
      121641      -1377        170    66.87
      133860      -1377        190    73.61
      147306      -1377        211    81.04
      162310      -1377        231    89.15
      178854      -1377        258    98.07
      197135      -1377        279   107.88
      216928      -1377        304   118.70
      238722      -1377        337   130.58
      263008      -1377        374   143.64
      289119      -1377        416   158.01
      318809      -1377        460   173.82
      347351      -1377        500   189.56
Time to solution 0.37912s, assuming true minimum is -1377
