N=8
Mode: 1
Seed: 448
Search strategy: 2
Target time to run: 10s
Initialising random weight matrix with 439 working nodes
439 working nodes out of 512
States are -1,1
           1      -1389          1     0.00
           3      -1393          1     0.00
           9      -1397          1     0.00
          13      -1401          1     0.00
         170      -1405          1     0.05
       13528      -1405        142     5.07
       15263      -1409          1     5.59
       24510      -1409          8    10.59
       34263      -1409         21    15.59
       43780      -1409         31    20.59
       53085      -1409         43    25.59
       62403      -1409         53    30.61
       71864      -1409         58    35.61
       81418      -1409         65    40.61
       90654      -1409         76    45.64
      100063      -1409         83    50.64
      109747      -1409         93    55.71
      119986      -1409        104    61.34
      131405      -1409        114    67.48
      143681      -1409        125    74.23
      157691      -1409        136    81.66
      172870      -1409        151    89.83
      189567      -1409        165    98.85
      207907      -1409        186   108.74
      228148      -1409        200   119.62
      250787      -1409        224   131.60
      275617      -1409        252   144.77
      302744      -1409        279   159.31
      332406      -1409        307   175.25
      365255      -1409        329   192.78
      400831      -1409        357   212.09
      440564      -1409        391   233.30
      484458      -1409        434   256.65
      532329      -1409        481   282.34
      560100      -1409        500   297.24
Time to solution 0.59448s, assuming true minimum is -1409
