N=8
Mode: 1
Seed: 451
Search strategy: 2
Target time to run: 10s
Initialising random weight matrix with 439 working nodes
439 working nodes out of 512
States are -1,1
           1      -1333          1     0.00
           2      -1341          1     0.00
           4      -1349          1     0.00
          13      -1353          1     0.00
          24      -1357          1     0.00
         218      -1361          1     0.07
        1512      -1365          1     0.77
       10721      -1365         26     5.82
       19492      -1365         51    10.83
       28535      -1365         81    15.87
       37619      -1365        107    20.87
       46805      -1365        124    25.87
       55748      -1365        150    30.87
       64692      -1365        175    35.93
       73328      -1365        199    40.93
       82498      -1365        222    45.93
       91514      -1365        242    50.93
      100906      -1365        267    56.03
      110741      -1365        287    61.71
      121527      -1365        314    67.89
      133442      -1365        345    74.68
      146679      -1365        385    82.17
      161932      -1365        422    90.39
      178207      -1365        466    99.43
      188670      -1365        500   105.46
Time to solution 0.21092s, assuming true minimum is -1365
