N=8
Mode: 1
Seed: 454
Search strategy: 2
Target time to run: 10s
Initialising random weight matrix with 439 working nodes
439 working nodes out of 512
States are -1,1
           1      -1383          1     0.00
           3      -1387          1     0.00
          12      -1391          1     0.00
          17      -1395          1     0.00
          82      -1403          1     0.02
         981      -1407          1     0.30
       10536      -1407         31     5.33
       20984      -1407         76    10.33
       30198      -1407        103    15.33
       40339      -1407        136    20.36
       49758      -1407        163    25.36
       59515      -1407        192    30.43
       69378      -1407        221    35.43
       78867      -1407        254    40.43
       88848      -1407        296    45.43
       98348      -1407        326    50.43
      108081      -1407        364    55.48
      119066      -1407        400    61.07
      131478      -1407        446    67.26
      144683      -1407        491    73.99
      147441      -1407        500    75.43
Time to solution 0.15086s, assuming true minimum is -1407
