N=8
Mode: 1
Seed: 456
Search strategy: 2
Target time to run: 10s
Initialising random weight matrix with 439 working nodes
439 working nodes out of 512
States are -1,1
           1      -1375          1     0.00
           2      -1391          1     0.00
          32      -1395          1     0.00
          74      -1399          1     0.01
       10024      -1399         30     5.01
       19710      -1399         59    10.01
       29665      -1399         88    15.01
       39899      -1399        113    20.01
       49647      -1399        138    25.01
       59955      -1399        169    30.01
       69717      -1399        188    35.02
       79138      -1399        211    40.02
       88942      -1399        235    45.02
       98466      -1399        264    50.04
      108179      -1399        293    55.05
      119229      -1399        322    60.56
      130642      -1399        355    66.63
      143601      -1399        386    73.36
      157275      -1399        423    80.70
      172942      -1399        468    88.78
      184032      -1399        500    94.32
Time to solution 0.18864s, assuming true minimum is -1399
