N=8
Mode: 1
Seed: 465
Search strategy: 2
Target time to run: 10s
Initialising random weight matrix with 439 working nodes
439 working nodes out of 512
States are -1,1
           1      -1373          1     0.00
           2      -1377          1     0.00
          37      -1385          1     0.01
         522      -1389          1     0.20
        9906      -1389         28     5.20
       19505      -1389         46    10.20
       28804      -1389         56    15.22
       38572      -1389         75    20.22
       47777      -1389         94    25.22
       56817      -1389        115    30.22
       66150      -1389        125    35.22
       75642      -1389        148    40.25
       84985      -1389        164    45.27
       94746      -1389        189    50.27
      104293      -1389        202    55.34
      114345      -1389        221    60.89
      125678      -1389        244    67.01
      138673      -1389        273    73.75
      152901      -1389        301    81.16
      168328      -1389        335    89.31
      185875      -1389        372    98.25
      204317      -1389        408   108.10
      223886      -1389        449   118.92
      245963      -1389        500   130.51
Time to solution 0.26102s, assuming true minimum is -1389
