N=8
Mode: 1
Seed: 468
Search strategy: 2
Initialising random weight matrix with 439 working nodes
439 working nodes out of 512
States are -1,1
Weight-choosing mode: 3
Min time to run: 0.5s
Max time to run: 1e+10s
Groundtruth: 1000000000
           1      -1359          1     0.00
           5      -1363          1     0.00
          10      -1375          1     0.00
         203      -1379          1     0.08
        8648      -1379         31     5.08
       16763      -1379         52    10.08
       25079      -1379         76    15.08
       33051      -1379         91    20.09
       41433      -1379        121    25.14
       49531      -1379        142    30.14
       57913      -1379        162    35.16
       66262      -1379        186    40.16
       74347      -1379        208    45.20
       82523      -1379        234    50.20
       90625      -1379        256    55.23
       99271      -1379        279    60.76
      108969      -1379        310    66.84
      120402      -1379        349    73.55
      132515      -1379        382    80.91
      145975      -1379        420    89.01
      160842      -1379        456    97.92
      177069      -1379        492   107.73
      179391      -1379        500   109.09
Time to solution 0.21818s, assuming true minimum is -1379
