N=8
Mode: 1
Seed: 474
Search strategy: 2
Target time to run: 10s
Initialising random weight matrix with 439 working nodes
439 working nodes out of 512
States are -1,1
           1      -1393          1     0.00
          17      -1397          1     0.00
          28      -1401          1     0.00
         457      -1405          1     0.13
        9795      -1405          9     5.13
       19176      -1405         14    10.17
       28850      -1405         21    15.19
       38633      -1405         26    20.23
       48159      -1405         29    25.23
       57800      -1405         39    30.23
       67450      -1405         48    35.27
       76818      -1405         52    40.27
       86291      -1405         57    45.30
       95856      -1405         62    50.33
      105465      -1405         67    55.40
      116360      -1405         77    60.95
      128281      -1405         87    67.05
      141416      -1405        107    73.76
      155797      -1405        116    81.17
      171389      -1405        123    89.33
      188769      -1405        139    98.27
      207755      -1405        147   108.10
      228278      -1405        161   118.92
      250957      -1405        173   130.82
      276457      -1405        196   143.91
      304166      -1405        213   158.31
      334130      -1405        241   174.15
      367357      -1405        271   191.59
      404408      -1405        304   210.75
      444101      -1405        325   231.83
      488630      -1405        357   255.02
      537739      -1405        385   280.58
      592039      -1405        420   308.65
      651449      -1405        462   339.52
      716597      -1405        494   373.50
      725722      -1405        500   378.20
Time to solution 0.7564s, assuming true minimum is -1405
