N=8
Mode: 1
Seed: 478
Search strategy: 2
Target time to run: 10s
Initialising random weight matrix with 439 working nodes
439 working nodes out of 512
States are -1,1
           1      -1349          1     0.00
           3      -1357          1     0.00
           8      -1361          1     0.00
          16      -1365          1     0.00
          33      -1369          1     0.01
          41      -1373          1     0.01
         508      -1377          1     0.17
        9776      -1377         31     5.17
       19433      -1377         62    10.22
       29107      -1377        105    15.22
       38657      -1377        143    20.26
       47268      -1377        168    25.26
       56322      -1377        192    30.26
       65976      -1377        220    35.31
       75573      -1377        259    40.31
       84585      -1377        293    45.31
       94552      -1377        324    50.31
      103779      -1377        355    55.38
      114000      -1377        389    60.96
      125745      -1377        424    67.10
      138504      -1377        458    73.81
      151720      -1377        499    81.20
      151863      -1377        500    81.25
Time to solution 0.1625s, assuming true minimum is -1377
