N=8
Mode: 1
Seed: 479
Search strategy: 2
Target time to run: 10s
Initialising random weight matrix with 439 working nodes
439 working nodes out of 512
States are -1,1
           1      -1375          1     0.00
           2      -1383          1     0.00
           8      -1391          1     0.00
         157      -1395          1     0.05
         244      -1399          1     0.08
         654      -1403          1     0.28
        9448      -1403         19     5.28
       18435      -1403         47    10.31
       27017      -1403         62    15.37
       35688      -1403         85    20.37
       44630      -1403        105    25.38
       53558      -1403        123    30.40
       62360      -1403        137    35.40
       71237      -1403        155    40.41
       80140      -1403        170    45.44
       88854      -1403        188    50.44
       97683      -1403        203    55.49
      107462      -1403        219    61.04
      118588      -1403        243    67.19
      130257      -1403        267    73.91
      143724      -1403        296    81.31
      158027      -1403        321    89.47
      172977      -1403        346    98.42
      189989      -1403        379   108.27
      208401      -1403        426   119.10
      229377      -1403        469   131.04
      245403      -1403        500   140.06
Time to solution 0.28012s, assuming true minimum is -1403
