N=8
Mode: 1
Seed: 487
Search strategy: 2
Target time to run: 10s
Initialising random weight matrix with 439 working nodes
439 working nodes out of 512
States are -1,1
           1      -1365          1     0.00
           4      -1373          1     0.00
           8      -1377          1     0.00
          13      -1385          1     0.00
         305      -1389          1     0.09
        1127      -1401          1     0.35
       10146      -1401         27     5.39
       18789      -1401         45    10.39
       27053      -1401         62    15.39
       35792      -1401         79    20.44
       44744      -1401         94    25.44
       53072      -1401        115    30.44
       62232      -1401        131    35.51
       70659      -1401        151    40.51
       79732      -1401        171    45.52
       88070      -1401        183    50.52
       97022      -1401        208    55.58
      106625      -1401        230    61.14
      117019      -1401        257    67.29
      129042      -1401        279    74.02
      141837      -1401        314    81.46
      156211      -1401        344    89.63
      171189      -1401        385    98.60
      188316      -1401        422   108.55
      207048      -1401        466   119.41
      222018      -1401        500   128.00
Time to solution 0.256s, assuming true minimum is -1401
