N=8
Mode: 1
Seed: 491
Search strategy: 2
Target time to run: 10s
Initialising random weight matrix with 439 working nodes
439 working nodes out of 512
States are -1,1
           1      -1371          1     0.00
           2      -1379          1     0.00
           3      -1387          1     0.00
          12      -1395          1     0.00
          93      -1403          1     0.03
        1531      -1407          1     0.74
       10559      -1407         16     5.77
       19782      -1407         27    10.79
       28788      -1407         43    15.79
       37988      -1407         57    20.81
       47139      -1407         71    25.81
       56131      -1407         83    30.81
       65409      -1407        100    35.81
       74626      -1407        116    40.81
       83363      -1407        128    45.85
       92334      -1407        143    50.85
      101388      -1407        159    55.94
      111880      -1407        174    61.58
      123899      -1407        201    67.80
      136423      -1407        220    74.58
      149591      -1407        239    82.07
      164306      -1407        264    90.28
      180566      -1407        296    99.31
      198922      -1407        327   109.25
      218505      -1407        365   120.22
      240513      -1407        404   132.27
      264527      -1407        441   145.50
      291108      -1407        499   160.05
      291381      -1407        500   160.20
Time to solution 0.3204s, assuming true minimum is -1407
