N=8
Mode: 1
Seed: 508
Search strategy: 2
Target time to run: 10s
Initialising random weight matrix with 439 working nodes
439 working nodes out of 512
States are -1,1
           1      -1353          1     0.00
           2      -1361          1     0.00
           4      -1377          1     0.00
          23      -1385          1     0.00
         506      -1389          1     0.15
       10462      -1389         26     5.15
       20926      -1389         47    10.15
       31298      -1389         67    15.18
       41710      -1389         95    20.18
       51692      -1389        119    25.19
       62214      -1389        140    30.19
       73082      -1389        178    35.22
       83487      -1389        202    40.23
       94401      -1389        236    45.25
      104211      -1389        260    50.25
      115065      -1389        289    55.28
      126609      -1389        320    60.81
      139500      -1389        352    66.90
      153026      -1389        384    73.61
      168089      -1389        419    80.98
      184049      -1389        460    89.10
      198977      -1389        500    96.27
Time to solution 0.19254s, assuming true minimum is -1389
