N=8
Mode: 1
Seed: 512
Search strategy: 2
Initialising random weight matrix with 439 working nodes
439 working nodes out of 512
States are -1,1
Weight-choosing mode: 3
Min time to run: 0.5s
Max time to run: 1e+10s
Groundtruth: 1000000000
           1      -1353          1     0.00
           2      -1361          1     0.00
          10      -1373          1     0.00
          11      -1377          1     0.00
          18      -1381          1     0.00
         182      -1385          1     0.07
         407      -1389          1     0.16
        8228      -1389          9     5.18
       16367      -1389         16    10.18
       24190      -1389         25    15.22
       32030      -1389         36    20.22
       39617      -1389         46    25.26
       47525      -1389         57    30.26
       55204      -1389         65    35.27
       63075      -1389         74    40.27
       70812      -1389         84    45.27
       78543      -1389         90    50.27
       86332      -1389        102    55.30
       95148      -1389        113    60.85
      104698      -1389        121    66.94
      115282      -1389        130    73.64
      127124      -1389        140    81.06
      139712      -1389        154    89.17
      153651      -1389        174    98.09
      169020      -1389        201   107.90
      186229      -1389        220   118.74
      204736      -1389        242   130.62
      225011      -1389        271   143.69
      247531      -1389        307   158.07
      271756      -1389        341   173.88
      299498      -1389        366   191.28
      328781      -1389        392   210.41
      362272      -1389        441   231.46
      398557      -1389        481   254.61
      414124      -1389        500   264.50
Time to solution 0.529s, assuming true minimum is -1389
