N=8
Mode: 1
Seed: 513
Search strategy: 2
Target time to run: 10s
Initialising random weight matrix with 439 working nodes
439 working nodes out of 512
States are -1,1
           1      -1371          1     0.00
           2      -1391          1     0.00
          11      -1395          1     0.00
          36      -1399          1     0.01
         358      -1403          1     0.11
        9508      -1403         16     5.11
       18573      -1403         30    10.11
       28073      -1403         43    15.16
       37422      -1403         60    20.16
       46847      -1403         76    25.23
       56280      -1403         88    30.23
       65400      -1403        102    35.25
       74569      -1403        112    40.25
       83637      -1403        127    45.25
       93081      -1403        141    50.25
      101800      -1403        154    55.28
      111890      -1403        167    60.81
      123490      -1403        176    66.94
      135646      -1403        194    73.71
      149035      -1403        216    81.09
      163695      -1403        237    89.24
      179977      -1403        258    98.17
      197722      -1403        287   107.99
      217345      -1403        321   118.79
      238923      -1403        360   130.68
      262466      -1403        397   143.75
      288834      -1403        436   158.18
      317360      -1403        479   174.00
      331733      -1403        500   182.09
Time to solution 0.36418s, assuming true minimum is -1403
