N=8
Mode: 1
Seed: 525
Search strategy: 2
Target time to run: 10s
Initialising random weight matrix with 439 working nodes
439 working nodes out of 512
States are -1,1
           1      -1359          1     0.00
           2      -1375          1     0.00
           6      -1383          1     0.00
          13      -1387          1     0.00
         230      -1391          1     0.06
       10266      -1391         30     5.12
       20362      -1391         53    10.13
       30193      -1391         73    15.17
       40216      -1391         97    20.18
       50529      -1391        128    25.22
       60141      -1391        150    30.22
       70290      -1391        174    35.22
       80219      -1391        199    40.22
       90178      -1391        225    45.22
      100219      -1391        247    50.24
      110516      -1391        277    55.27
      122299      -1391        318    60.81
      134419      -1391        342    66.91
      147787      -1391        379    73.61
      162560      -1391        418    81.02
      179849      -1391        457    89.16
      192802      -1391        500    95.20
Time to solution 0.1904s, assuming true minimum is -1391
