N=8
Mode: 1
Seed: 526
Search strategy: 2
Initialising random weight matrix with 439 working nodes
439 working nodes out of 512
States are -1,1
Weight-choosing mode: 3
Min time to run: 0.5s
Max time to run: 1e+10s
Groundtruth: 1000000000
           1      -1365          1     0.00
          27      -1373          1     0.01
        7982      -1373         14     5.01
       15743      -1373         32    10.04
       23715      -1373         51    15.04
       31437      -1373         60    20.04
       39091      -1373         70    25.07
       46795      -1373         80    30.09
       54782      -1373         93    35.13
       62668      -1373        109    40.13
       70040      -1373        120    45.13
       77886      -1373        137    50.13
       85722      -1373        153    55.15
       93792      -1373        165    60.67
      103102      -1373        182    66.74
      113409      -1373        209    73.42
      125256      -1373        230    80.77
      137992      -1373        257    88.85
      151905      -1373        284    97.74
      167176      -1373        325   107.52
      184265      -1373        359   118.28
      202216      -1373        391   130.11
      222221      -1373        413   143.13
      244539      -1373        456   157.45
      267907      -1373        500   172.83
Time to solution 0.34566s, assuming true minimum is -1373
