N=8
Mode: 1
Seed: 531
Search strategy: 2
Target time to run: 10s
Initialising random weight matrix with 439 working nodes
439 working nodes out of 512
States are -1,1
           1      -1333          1     0.00
           9      -1337          1     0.00
          15      -1341          1     0.00
          52      -1345          1     0.02
         119      -1349          1     0.04
         275      -1353          1     0.08
        1242      -1357          1     0.58
       10835      -1357         28     5.58
       19851      -1357         51    10.58
       28734      -1357         83    15.60
       37640      -1357        109    20.63
       46620      -1357        137    25.67
       55456      -1357        160    30.67
       63999      -1357        182    35.67
       72408      -1357        204    40.68
       81245      -1357        226    45.68
       90290      -1357        249    50.71
       99158      -1357        272    55.79
      108918      -1357        302    61.37
      119550      -1357        324    67.51
      131132      -1357        357    74.27
      143867      -1357        387    81.70
      158327      -1357        429    89.87
      174152      -1357        472    98.86
      181426      -1357        500   103.04
Time to solution 0.20608s, assuming true minimum is -1357
