N=8
Mode: 1
Seed: 536
Search strategy: 2
Target time to run: 10s
Initialising random weight matrix with 439 working nodes
439 working nodes out of 512
States are -1,1
           1      -1323          1     0.00
           2      -1335          1     0.00
           3      -1355          1     0.00
           5      -1363          1     0.00
          15      -1371          1     0.00
          51      -1375          1     0.01
         222      -1379          1     0.07
         596      -1383          1     0.18
        9457      -1383         14     5.22
       18498      -1383         22    10.22
       27438      -1383         29    15.22
       36552      -1383         33    20.22
       45572      -1383         42    25.23
       54749      -1383         47    30.23
       64003      -1383         66    35.29
       73257      -1383         74    40.29
       82700      -1383         83    45.30
       91579      -1383         96    50.30
      101105      -1383        103    55.33
      110909      -1383        118    60.87
      122087      -1383        132    66.96
      134191      -1383        142    73.66
      147744      -1383        157    81.03
      161797      -1383        171    89.14
      178491      -1383        186    98.06
      196410      -1383        205   107.91
      216913      -1383        236   118.71
      238009      -1383        259   130.61
      262189      -1383        285   143.68
      288661      -1383        310   158.09
      317591      -1383        350   173.94
      348478      -1383        371   191.34
      384153      -1383        409   210.52
      422188      -1383        452   231.58
      464553      -1383        499   254.74
      464988      -1383        500   254.97
Time to solution 0.50994s, assuming true minimum is -1383
