N=8
Mode: 1
Seed: 548
Search strategy: 2
Target time to run: 10s
Initialising random weight matrix with 439 working nodes
439 working nodes out of 512
States are -1,1
           1      -1415          1     0.00
           3      -1419          1     0.00
          12      -1431          1     0.00
         318      -1435          1     0.10
        9866      -1435         21     5.10
       19246      -1435         38    10.11
       28690      -1435         56    15.11
       38041      -1435         75    20.11
       47281      -1435         93    25.11
       56778      -1435        116    30.15
       66183      -1435        133    35.15
       75212      -1435        145    40.16
       84975      -1435        163    45.18
       94631      -1435        186    50.18
      103915      -1435        206    55.20
      114166      -1435        221    60.80
      125324      -1435        240    66.88
      137846      -1435        261    73.57
      151306      -1435        284    80.93
      166322      -1435        315    89.07
      183187      -1435        343    97.98
      201507      -1435        380   107.78
      221879      -1435        417   118.56
      244061      -1435        459   130.43
      262041      -1435        500   139.98
Time to solution 0.27996s, assuming true minimum is -1435
