N=8
Mode: 1
Seed: 549
Search strategy: 2
Target time to run: 10s
Initialising random weight matrix with 439 working nodes
439 working nodes out of 512
States are -1,1
           1      -1337          1     0.00
           4      -1353          1     0.00
           6      -1361          1     0.00
          47      -1373          1     0.01
        9229      -1373         20     5.01
       18331      -1373         34    10.01
       27395      -1373         47    15.01
       36428      -1373         64    20.05
       45079      -1373         75    25.05
       54179      -1373         87    30.05
       63384      -1373        101    35.09
       72308      -1373        119    40.13
       81739      -1373        132    45.17
       90728      -1373        144    50.17
       99441      -1373        156    55.19
      109357      -1373        174    60.74
      119963      -1373        188    66.82
      131756      -1373        208    73.51
      145158      -1373        231    80.87
      159723      -1373        251    89.01
      175655      -1373        282    97.92
      193308      -1373        311   107.77
      213384      -1373        338   118.58
      234833      -1373        371   130.44
      258879      -1373        406   143.49
      284821      -1373        455   157.84
      311917      -1373        500   173.19
Time to solution 0.34638s, assuming true minimum is -1373
