N=8
Mode: 1
Seed: 554
Search strategy: 2
Target time to run: 10s
Initialising random weight matrix with 439 working nodes
439 working nodes out of 512
States are -1,1
           1      -1393          1     0.00
           3      -1397          1     0.00
           5      -1409          1     0.00
          39      -1413          1     0.01
          87      -1417          1     0.02
         693      -1421          1     0.21
       10022      -1421         18     5.25
       18885      -1421         37    10.25
       28539      -1421         54    15.25
       38167      -1421         68    20.25
       47863      -1421         82    25.25
       56793      -1421        102    30.26
       66386      -1421        129    35.27
       75824      -1421        143    40.27
       84998      -1421        161    45.27
       94727      -1421        179    50.36
      104656      -1421        201    55.42
      115641      -1421        233    61.03
      127096      -1421        258    67.14
      139863      -1421        280    73.86
      153519      -1421        305    81.27
      168650      -1421        327    89.44
      185060      -1421        364    98.45
      203593      -1421        403   108.30
      223812      -1421        453   119.14
      245639      -1421        487   131.06
      250765      -1421        500   133.80
Time to solution 0.2676s, assuming true minimum is -1421
