N=8
Mode: 1
Seed: 555
Search strategy: 2
Target time to run: 10s
Initialising random weight matrix with 439 working nodes
439 working nodes out of 512
States are -1,1
           1      -1337          1     0.00
           2      -1349          1     0.00
           3      -1353          1     0.00
           4      -1357          1     0.00
          12      -1361          1     0.00
          34      -1365          1     0.01
          74      -1373          1     0.02
         615      -1377          1     0.25
       10276      -1377         44     5.26
       19907      -1377         90    10.35
       29003      -1377        130    15.35
       37996      -1377        163    20.35
       47404      -1377        205    25.35
       56195      -1377        241    30.35
       64975      -1377        284    35.35
       73865      -1377        324    40.40
       83230      -1377        367    45.40
       91952      -1377        408    50.44
      101568      -1377        446    55.49
      111563      -1377        493    61.04
      113223      -1377        500    62.09
Time to solution 0.12418s, assuming true minimum is -1377
