N=8
Mode: 1
Seed: 556
Search strategy: 2
Target time to run: 10s
Initialising random weight matrix with 439 working nodes
439 working nodes out of 512
States are -1,1
           1      -1335          1     0.00
           9      -1343          1     0.00
          22      -1347          1     0.00
         251      -1351          1     0.08
       10269      -1351         31     5.08
       19971      -1351         66    10.08
       29633      -1351         93    15.08
       39884      -1351        130    20.12
       49550      -1351        156    25.12
       59800      -1351        190    30.12
       69339      -1351        221    35.13
       79402      -1351        249    40.13
       89774      -1351        280    45.13
       99410      -1351        306    50.13
      109815      -1351        337    55.17
      120770      -1351        372    60.69
      133432      -1351        406    66.82
      146774      -1351        446    73.51
      160839      -1351        477    80.87
      167060      -1351        500    84.10
Time to solution 0.1682s, assuming true minimum is -1351
