N=8
Mode: 1
Seed: 565
Search strategy: 2
Target time to run: 10s
Initialising random weight matrix with 439 working nodes
439 working nodes out of 512
States are -1,1
           1      -1349          1     0.00
           2      -1353          1     0.00
           8      -1361          1     0.00
         389      -1365          1     0.12
       10332      -1365         32     5.12
       20601      -1365         68    10.13
       30927      -1365         99    15.13
       40965      -1365        134    20.14
       50770      -1365        165    25.14
       60694      -1365        204    30.14
       71037      -1365        239    35.14
       80692      -1365        260    40.14
       90655      -1365        295    45.14
      100497      -1365        329    50.17
      110499      -1365        359    55.19
      121449      -1365        392    60.77
      134196      -1365        444    66.85
      147532      -1365        483    73.54
      150410      -1365        500    74.96
Time to solution 0.14992s, assuming true minimum is -1365
