N=8
Mode: 1
Seed: 572
Search strategy: 2
Initialising random weight matrix with 439 working nodes
439 working nodes out of 512
States are -1,1
Weight-choosing mode: 3
Min time to run: 0.5s
Max time to run: 1e+10s
Groundtruth: 1000000000
           1      -1363          1     0.00
           3      -1371          1     0.00
           4      -1379          1     0.00
          17      -1383          1     0.01
          67      -1387          1     0.03
        8124      -1387         13     5.04
       16205      -1387         31    10.06
       24041      -1387         39    15.06
       31819      -1387         52    20.13
       39540      -1387         62    25.13
       47411      -1387         75    30.13
       55345      -1387         94    35.18
       63243      -1387        101    40.18
       71293      -1387        120    45.18
       79168      -1387        135    50.18
       87012      -1387        145    55.20
       95673      -1387        157    60.73
      105210      -1387        176    66.81
      115854      -1387        194    73.50
      127694      -1387        218    80.87
      140340      -1387        239    88.96
      154459      -1387        262    97.86
      169814      -1387        284   107.65
      186883      -1387        310   118.47
      205571      -1387        334   130.32
      226629      -1387        368   143.36
      249431      -1387        416   157.70
      274255      -1387        459   173.47
      301607      -1387        497   190.82
      302378      -1387        500   191.45
Time to solution 0.3829s, assuming true minimum is -1387
