N=8
Mode: 1
Seed: 586
Search strategy: 2
Initialising random weight matrix with 439 working nodes
439 working nodes out of 512
States are -1,1
Weight-choosing mode: 3
Min time to run: 0.5s
Max time to run: 1e+10s
Groundtruth: 1000000000
           1      -1359          1     0.00
           7      -1367          1     0.00
          12      -1371          1     0.00
         290      -1379          1     0.12
        7810      -1379         14     5.12
       15485      -1379         25    10.13
       23168      -1379         40    15.13
       31073      -1379         53    20.14
       39086      -1379         66    25.16
       46696      -1379         85    30.16
       54213      -1379         96    35.18
       61904      -1379        109    40.22
       69902      -1379        131    45.22
       77708      -1379        146    50.22
       85619      -1379        155    55.25
       94085      -1379        166    60.78
      103526      -1379        179    66.86
      114463      -1379        211    73.61
      126115      -1379        235    80.98
      138509      -1379        265    89.08
      152238      -1379        294    97.99
      167188      -1379        314   107.79
      183641      -1379        342   118.64
      202508      -1379        386   130.51
      222502      -1379        418   143.57
      244437      -1379        453   157.93
      268816      -1379        497   173.73
      270593      -1379        500   174.86
Time to solution 0.34972s, assuming true minimum is -1379
