N=8
Mode: 1
Seed: 589
Search strategy: 2
Target time to run: 10s
Initialising random weight matrix with 439 working nodes
439 working nodes out of 512
States are -1,1
           1      -1385          1     0.00
           2      -1393          1     0.00
          19      -1397          1     0.00
          20      -1409          1     0.00
        9741      -1409         22     5.00
       19118      -1409         41    10.00
       28716      -1409         59    15.00
       37984      -1409         74    20.00
       47875      -1409         99    25.01
       57406      -1409        113    30.01
       66708      -1409        129    35.02
       75831      -1409        139    40.07
       85265      -1409        156    45.07
       94546      -1409        174    50.07
      103827      -1409        191    55.08
      114776      -1409        223    60.63
      126477      -1409        245    66.70
      139541      -1409        273    73.37
      153331      -1409        292    80.71
      168724      -1409        317    88.80
      185575      -1409        345    97.71
      203904      -1409        382   107.50
      224138      -1409        419   118.27
      246051      -1409        445   130.10
      270524      -1409        492   143.11
      274699      -1409        500   145.24
Time to solution 0.29048s, assuming true minimum is -1409
