N=8
Mode: 1
Seed: 59
Search strategy: 2
Target time to run: 10s
Initialising random weight matrix with 439 working nodes
439 working nodes out of 512
States are -1,1
           1      -1337          1     0.00
           3      -1341          1     0.00
           5      -1349          1     0.00
           6      -1365          1     0.00
          57      -1369          1     0.02
         157      -1373          1     0.04
       10416      -1373         30     5.07
       20164      -1373         53    10.07
       29427      -1373         76    15.09
       39734      -1373        117    20.09
       48982      -1373        151    25.17
       59236      -1373        185    30.17
       69214      -1373        219    35.20
       79122      -1373        248    40.20
       88980      -1373        275    45.20
       98673      -1373        306    50.20
      109238      -1373        344    55.23
      119931      -1373        374    60.76
      131701      -1373        407    66.84
      144686      -1373        452    73.55
      158460      -1373        487    80.96
      161274      -1373        500    82.18
Time to solution 0.16436s, assuming true minimum is -1373
