N=8
Mode: 1
Seed: 592
Search strategy: 2
Target time to run: 10s
Initialising random weight matrix with 439 working nodes
439 working nodes out of 512
States are -1,1
           1      -1373          1     0.00
           3      -1393          1     0.00
          30      -1397          1     0.01
          40      -1401          1     0.01
         331      -1405          1     0.10
        1183      -1409          1     0.52
        9429      -1409         21     5.52
       18404      -1409         41    10.55
       26787      -1409         64    15.57
       35029      -1409         82    20.57
       43768      -1409        107    25.57
       52393      -1409        126    30.62
       61056      -1409        141    35.63
       69354      -1409        164    40.63
       77979      -1409        186    45.63
       86480      -1409        208    50.65
       95293      -1409        226    55.72
      104464      -1409        251    61.30
      115085      -1409        271    67.43
      126272      -1409        293    74.23
      139137      -1409        318    81.66
      152622      -1409        346    89.83
      167844      -1409        383    98.86
      184287      -1409        427   108.75
      203124      -1409        465   119.63
      218078      -1409        500   128.28
Time to solution 0.25656s, assuming true minimum is -1409
