N=8
Mode: 1
Seed: 593
Search strategy: 2
Target time to run: 10s
Initialising random weight matrix with 439 working nodes
439 working nodes out of 512
States are -1,1
           1      -1375          1     0.00
          11      -1383          1     0.00
          49      -1387          1     0.01
         108      -1391          1     0.03
       10587      -1391         22     5.03
       20477      -1391         43    10.04
       30001      -1391         69    15.04
       40041      -1391         87    20.04
       50310      -1391        115    25.04
       60379      -1391        143    30.04
       70360      -1391        162    35.04
       80443      -1391        192    40.04
       90601      -1391        211    45.04
      101021      -1391        240    50.04
      110941      -1391        260    55.05
      122013      -1391        288    60.58
      134182      -1391        310    66.66
      147247      -1391        337    73.34
      161831      -1391        361    80.68
      178251      -1391        402    88.75
      196063      -1391        448    97.63
      215715      -1391        492   107.40
      224102      -1391        500   111.77
Time to solution 0.22354s, assuming true minimum is -1391
