N=8
Mode: 1
Seed: 594
Search strategy: 2
Target time to run: 10s
Initialising random weight matrix with 439 working nodes
439 working nodes out of 512
States are -1,1
           1      -1379          1     0.00
           2      -1395          1     0.00
           8      -1407          1     0.00
          54      -1411          1     0.01
         225      -1415          1     0.07
        1522      -1419          1     0.63
       10012      -1419         31     5.63
       18736      -1419         55    10.68
       27042      -1419         81    15.68
       35409      -1419        103    20.68
       44226      -1419        126    25.71
       52888      -1419        148    30.71
       61287      -1419        177    35.79
       69646      -1419        205    40.79
       78336      -1419        233    45.82
       87307      -1419        262    50.82
       96353      -1419        287    55.91
      106110      -1419        317    61.51
      116524      -1419        353    67.67
      128110      -1419        383    74.44
      141283      -1419        424    81.89
      155636      -1419        476    90.08
      164228      -1419        500    95.42
Time to solution 0.19084s, assuming true minimum is -1419
