N=8
Mode: 1
Seed: 603
Search strategy: 2
Target time to run: 10s
Initialising random weight matrix with 439 working nodes
439 working nodes out of 512
States are -1,1
           1      -1317          1     0.00
           2      -1349          1     0.00
          17      -1361          1     0.00
         180      -1369          1     0.06
        8884      -1369         33     5.06
       18019      -1369         57    10.11
       26708      -1369         91    15.12
       35563      -1369        124    20.12
       44276      -1369        159    25.12
       53162      -1369        194    30.18
       62169      -1369        229    35.24
       71129      -1369        255    40.24
       80154      -1369        287    45.29
       88560      -1369        318    50.31
       98304      -1369        357    55.35
      108001      -1369        385    60.89
      118960      -1369        427    66.98
      131588      -1369        476    73.70
      138502      -1369        500    77.48
Time to solution 0.15496s, assuming true minimum is -1369
