N=8
Mode: 1
Seed: 609
Search strategy: 2
Target time to run: 10s
Initialising random weight matrix with 439 working nodes
439 working nodes out of 512
States are -1,1
           1      -1347          1     0.00
           5      -1367          1     0.00
         358      -1371          1     0.18
        9857      -1371         21     5.18
       19959      -1371         44    10.18
       29467      -1371         63    15.18
       38794      -1371         76    20.19
       48236      -1371         98    25.19
       57649      -1371        111    30.21
       67311      -1371        132    35.23
       76604      -1371        149    40.23
       86056      -1371        165    45.23
       96545      -1371        196    50.27
      105827      -1371        223    55.30
      116380      -1371        248    60.86
      128458      -1371        280    66.99
      141696      -1371        303    73.69
      155692      -1371        333    81.06
      171250      -1371        359    89.17
      189113      -1371        401    98.12
      207595      -1371        436   107.94
      227880      -1371        479   118.74
      237217      -1371        500   123.62
Time to solution 0.24724s, assuming true minimum is -1371
