N=8
Mode: 1
Seed: 61
Search strategy: 2
Initialising random weight matrix with 439 working nodes
439 working nodes out of 512
States are -1,1
Weight-choosing mode: 3
Min time to run: 0.5s
Max time to run: 1e+10s
Groundtruth: 1000000000
           1      -1367          1     0.00
           2      -1375          1     0.00
           3      -1383          1     0.00
          10      -1391          1     0.00
          26      -1395          1     0.01
          35      -1399          1     0.01
        1136      -1403          1     0.53
        1278      -1407          1     0.59
        9153      -1407          7     5.63
       17022      -1407         12    10.63
       24721      -1407         21    15.64
       32770      -1407         31    20.64
       40562      -1407         44    25.64
       48260      -1407         53    30.64
       55944      -1407         61    35.64
       63673      -1407         67    40.66
       71366      -1407         72    45.66
       79273      -1407         80    50.66
       86987      -1407         85    55.73
       95444      -1407         90    61.31
      105093      -1407         96    67.45
      115517      -1407        103    74.20
      127291      -1407        114    81.62
      140325      -1407        127    89.79
      154488      -1407        136    98.81
      170044      -1407        149   108.70
      187063      -1407        163   119.58
      205709      -1407        175   131.56
      226468      -1407        193   144.73
      249098      -1407        211   159.21
      274012      -1407        231   175.14
      301705      -1407        250   192.66
      331799      -1407        275   211.93
      364958      -1407        304   233.13
      401518      -1407        335   256.45
      441633      -1407        370   282.10
      485490      -1407        401   310.33
      534356      -1407        449   341.37
      587749      -1407        497   375.55
      592725      -1407        500   378.76
Time to solution 0.75752s, assuming true minimum is -1407
