N=8
Mode: 1
Seed: 614
Search strategy: 2
Target time to run: 10s
Initialising random weight matrix with 439 working nodes
439 working nodes out of 512
States are -1,1
           1      -1325          1     0.00
           2      -1337          1     0.00
           3      -1365          1     0.00
         104      -1373          1     0.03
         147      -1377          1     0.04
         337      -1381          1     0.10
        8741      -1381         34     5.10
       16738      -1381         62    10.16
       25946      -1381         96    15.21
       34730      -1381        127    20.21
       43159      -1381        153    25.23
       51677      -1381        187    30.27
       59992      -1381        209    35.34
       68682      -1381        237    40.34
       77647      -1381        267    45.36
       86389      -1381        301    50.36
       95012      -1381        333    55.40
      104304      -1381        364    60.95
      115257      -1381        399    67.05
      126844      -1381        437    73.76
      139455      -1381        483    81.14
      144426      -1381        500    84.14
Time to solution 0.16828s, assuming true minimum is -1381
