N=8
Mode: 1
Seed: 615
Search strategy: 2
Target time to run: 10s
Initialising random weight matrix with 439 working nodes
439 working nodes out of 512
States are -1,1
           1      -1369          1     0.00
          16      -1381          1     0.00
          35      -1385          1     0.01
         915      -1389          1     0.38
        9498      -1389         23     5.38
       18623      -1389         50    10.40
       27285      -1389         75    15.40
       36784      -1389        100    20.40
       45490      -1389        126    25.40
       54252      -1389        143    30.42
       63447      -1389        161    35.42
       72392      -1389        184    40.42
       81590      -1389        209    45.51
       90555      -1389        228    50.51
       99237      -1389        253    55.57
      108507      -1389        284    61.13
      119425      -1389        319    67.25
      131609      -1389        347    74.04
      145109      -1389        376    81.49
      160067      -1389        419    89.70
      176583      -1389        473    98.68
      186035      -1389        500   104.08
Time to solution 0.20816s, assuming true minimum is -1389
