N=8
Mode: 1
Seed: 617
Search strategy: 2
Target time to run: 10s
Initialising random weight matrix with 439 working nodes
439 working nodes out of 512
States are -1,1
           1      -1401          1     0.00
           5      -1421          1     0.00
         827      -1425          1     0.24
       10931      -1425         25     5.24
       20413      -1425         40    10.25
       29809      -1425         48    15.25
       39317      -1425         56    20.25
       48750      -1425         69    25.28
       58320      -1425         80    30.28
       68185      -1425         91    35.31
       77794      -1425        102    40.32
       87524      -1425        116    45.33
       97494      -1425        131    50.33
      107657      -1425        148    55.37
      118387      -1425        160    60.95
      130056      -1425        178    67.05
      143192      -1425        198    73.76
      157271      -1425        220    81.14
      172483      -1425        242    89.26
      189716      -1425        266    98.19
      208283      -1425        288   108.02
      229182      -1425        313   118.86
      252857      -1425        349   130.75
      278330      -1425        382   143.83
      306350      -1425        424   158.22
      336700      -1425        463   174.06
      360718      -1425        500   186.36
Time to solution 0.37272s, assuming true minimum is -1425
