N=8
Mode: 1
Seed: 619
Search strategy: 2
Target time to run: 10s
Initialising random weight matrix with 439 working nodes
439 working nodes out of 512
States are -1,1
           1      -1401          1     0.00
           2      -1417          1     0.00
          26      -1421          1     0.01
         108      -1425          1     0.03
        1702      -1429          1     0.62
       11911      -1429         22     5.62
       22024      -1429         45    10.63
       31676      -1429         59    15.63
       41662      -1429         83    20.69
       51595      -1429         99    25.69
       61549      -1429        121    30.69
       71557      -1429        144    35.73
       81211      -1429        162    40.73
       90857      -1429        178    45.74
      100489      -1429        197    50.74
      110599      -1429        223    55.86
      121544      -1429        248    61.45
      133544      -1429        272    67.60
      147156      -1429        301    74.36
      162013      -1429        336    81.80
      178027      -1429        376    89.98
      195398      -1429        415    98.98
      215130      -1429        461   108.88
      236477      -1429        496   119.77
      238173      -1429        500   120.61
Time to solution 0.24122s, assuming true minimum is -1429
