N=8
Mode: 1
Seed: 620
Search strategy: 2
Target time to run: 10s
Initialising random weight matrix with 439 working nodes
439 working nodes out of 512
States are -1,1
           1      -1385          1     0.00
           2      -1393          1     0.00
          12      -1397          1     0.00
          45      -1401          1     0.01
         275      -1405          1     0.08
         584      -1409          1     0.17
        9083      -1409         27     5.18
       17590      -1409         57    10.18
       26486      -1409         83    15.18
       35170      -1409        119    20.23
       44017      -1409        151    25.24
       52866      -1409        185    30.24
       62019      -1409        217    35.24
       70352      -1409        244    40.24
       78892      -1409        275    45.24
       87701      -1409        305    50.24
       96569      -1409        334    55.27
      106861      -1409        376    60.80
      117473      -1409        416    66.88
      129825      -1409        468    73.65
      139803      -1409        500    79.50
Time to solution 0.159s, assuming true minimum is -1409
