N=8
Mode: 1
Seed: 621
Search strategy: 2
Target time to run: 10s
Initialising random weight matrix with 439 working nodes
439 working nodes out of 512
States are -1,1
           1      -1353          1     0.00
           2      -1357          1     0.00
           4      -1365          1     0.00
           6      -1369          1     0.00
           7      -1373          1     0.00
          74      -1377          1     0.04
         212      -1381          1     0.12
         223      -1385          1     0.12
        9741      -1385         35     5.12
       19017      -1385         64    10.13
       28475      -1385         91    15.13
       37630      -1385        119    20.19
       47480      -1385        142    25.19
       56910      -1385        172    30.24
       66596      -1385        210    35.24
       75693      -1385        231    40.24
       84808      -1385        262    45.24
       93905      -1385        292    50.25
      103634      -1385        324    55.31
      113973      -1385        354    60.89
      125550      -1385        386    67.01
      138284      -1385        421    73.74
      152438      -1385        464    81.12
      166779      -1385        500    88.79
Time to solution 0.17758s, assuming true minimum is -1385
