N=8
Mode: 1
Seed: 626
Search strategy: 2
Initialising random weight matrix with 439 working nodes
439 working nodes out of 512
States are -1,1
Weight-choosing mode: 3
Min time to run: 0.5s
Max time to run: 1e+10s
Groundtruth: 1000000000
           1      -1295          1     0.00
           3      -1319          1     0.00
           6      -1323          1     0.00
          56      -1327          1     0.02
        1126      -1331          1     0.46
        8849      -1331          6     5.46
       16793      -1331         15    10.46
       24693      -1331         22    15.46
       32803      -1331         30    20.46
       40782      -1331         36    25.46
       48808      -1331         47    30.46
       56974      -1331         56    35.46
       64909      -1331         72    40.46
       72855      -1331         80    45.49
       80860      -1331         85    50.50
       88943      -1331         91    55.56
       97786      -1331         96    61.12
      107636      -1331        101    67.24
      118426      -1331        115    73.97
      129916      -1331        125    81.37
      143415      -1331        143    89.51
      157888      -1331        164    98.47
      173897      -1331        187   108.32
      190996      -1331        206   119.16
      209563      -1331        227   131.08
      230601      -1331        251   144.19
      253755      -1331        282   158.61
      279803      -1331        320   174.48
      307517      -1331        350   191.93
      338822      -1331        384   211.13
      372599      -1331        420   232.25
      410030      -1331        460   255.48
      442630      -1331        500   275.86
Time to solution 0.55172s, assuming true minimum is -1331
