N=8
Mode: 1
Seed: 628
Search strategy: 2
Target time to run: 10s
Initialising random weight matrix with 439 working nodes
439 working nodes out of 512
States are -1,1
           1      -1341          1     0.00
           2      -1353          1     0.00
          16      -1357          1     0.00
          66      -1361          1     0.02
         140      -1365          1     0.04
         554      -1369          1     0.26
       10574      -1369         35     5.26
       20037      -1369         70    10.27
       29867      -1369        109    15.27
       40151      -1369        157    20.33
       49791      -1369        203    25.36
       59359      -1369        226    30.36
       69171      -1369        266    35.36
       78612      -1369        301    40.36
       88669      -1369        333    45.36
       98611      -1369        378    50.36
      109246      -1369        415    55.40
      119643      -1369        446    60.95
      131804      -1369        494    67.05
      132715      -1369        500    67.50
Time to solution 0.135s, assuming true minimum is -1369
