N=8
Mode: 1
Seed: 631
Search strategy: 2
Target time to run: 10s
Initialising random weight matrix with 439 working nodes
439 working nodes out of 512
States are -1,1
           1      -1295          1     0.00
           2      -1299          1     0.00
           3      -1319          1     0.00
           4      -1331          1     0.00
          13      -1339          1     0.00
          36      -1351          1     0.01
        9066      -1351         32     5.01
       18579      -1351         60    10.01
       27320      -1351         85    15.01
       37101      -1351        110    20.01
       46298      -1351        133    25.05
       55699      -1351        156    30.05
       64991      -1351        180    35.05
       73832      -1351        201    40.05
       82914      -1351        226    45.05
       91883      -1351        250    50.09
      101058      -1351        273    55.10
      111166      -1351        301    60.62
      122073      -1351        322    66.69
      134081      -1351        361    73.39
      147011      -1351        392    80.73
      161481      -1351        441    88.81
      177603      -1351        481    97.73
      184677      -1351        500   101.63
Time to solution 0.20326s, assuming true minimum is -1351
