N=8
Mode: 1
Seed: 633
Search strategy: 2
Target time to run: 10s
Initialising random weight matrix with 439 working nodes
439 working nodes out of 512
States are -1,1
           1      -1367          1     0.00
           5      -1379          1     0.00
          12      -1383          1     0.00
          15      -1391          1     0.00
       10603      -1391         30     5.00
       20794      -1391         55    10.00
       31276      -1391         89    15.00
       40971      -1391        109    20.00
       51309      -1391        140    25.03
       60840      -1391        150    30.06
       71187      -1391        179    35.06
       81270      -1391        203    40.06
       91699      -1391        235    45.10
      101566      -1391        253    50.10
      111836      -1391        278    55.12
      122798      -1391        303    60.64
      135177      -1391        340    66.71
      148595      -1391        380    73.43
      163541      -1391        406    80.78
      180124      -1391        445    88.88
      197831      -1391        493    97.80
      200649      -1391        500    99.13
Time to solution 0.19826s, assuming true minimum is -1391
