N=8
Mode: 1
Seed: 641
Search strategy: 2
Target time to run: 10s
Initialising random weight matrix with 439 working nodes
439 working nodes out of 512
States are -1,1
           1      -1383          1     0.00
           3      -1387          1     0.00
           4      -1395          1     0.00
           5      -1399          1     0.00
           9      -1411          1     0.00
          17      -1415          1     0.00
          25      -1419          1     0.00
          61      -1423          1     0.02
          91      -1427          1     0.02
         320      -1431          1     0.16
        9882      -1431         38     5.18
       19838      -1431         92    10.23
       30500      -1431        146    15.26
       40480      -1431        196    20.26
       49846      -1431        242    25.26
       59875      -1431        295    30.26
       69337      -1431        337    35.27
       79148      -1431        378    40.27
       89039      -1431        427    45.27
       99939      -1431        485    50.27
      102966      -1431        500    51.80
Time to solution 0.1036s, assuming true minimum is -1431
