N=8
Mode: 1
Seed: 644
Search strategy: 2
Target time to run: 10s
Initialising random weight matrix with 439 working nodes
439 working nodes out of 512
States are -1,1
           1      -1323          1     0.00
           2      -1327          1     0.00
           4      -1347          1     0.00
          44      -1351          1     0.01
         136      -1355          1     0.04
        8292      -1355         38     5.11
       16535      -1355         75    10.12
       24332      -1355        110    15.12
       32514      -1355        142    20.12
       41504      -1355        181    25.12
       49549      -1355        217    30.12
       57743      -1355        256    35.13
       66162      -1355        292    40.17
       74539      -1355        330    45.21
       83122      -1355        369    50.22
       91580      -1355        403    55.25
      100816      -1355        442    60.86
      110828      -1355        483    66.95
      114134      -1355        500    68.89
Time to solution 0.13778s, assuming true minimum is -1355
