N=8
Mode: 1
Seed: 647
Search strategy: 2
Target time to run: 10s
Initialising random weight matrix with 439 working nodes
439 working nodes out of 512
States are -1,1
           1      -1355          1     0.00
          51      -1359          1     0.01
         232      -1363          1     0.07
         983      -1367          1     0.36
        9889      -1367         28     5.36
       18793      -1367         42    10.40
       27795      -1367         64    15.40
       36635      -1367         91    20.47
       46050      -1367        109    25.56
       55153      -1367        134    30.57
       64470      -1367        157    35.57
       73744      -1367        174    40.59
       82663      -1367        192    45.61
       91170      -1367        214    50.63
      100666      -1367        229    55.70
      110957      -1367        245    61.30
      121882      -1367        270    67.43
      134498      -1367        294    74.20
      148138      -1367        317    81.65
      163310      -1367        353    89.85
      180236      -1367        386    98.84
      198141      -1367        418   108.73
      219076      -1367        462   119.61
      241705      -1367        500   131.44
Time to solution 0.26288s, assuming true minimum is -1367
