N=8
Mode: 1
Seed: 648
Search strategy: 2
Target time to run: 10s
Initialising random weight matrix with 439 working nodes
439 working nodes out of 512
States are -1,1
           1      -1341          1     0.00
           2      -1361          1     0.00
          18      -1365          1     0.00
          60      -1373          1     0.02
         337      -1377          1     0.10
         753      -1381          1     0.34
        9000      -1381         25     5.34
       17244      -1381         54    10.34
       25816      -1381         84    15.40
       34361      -1381        106    20.40
       42916      -1381        130    25.40
       51143      -1381        157    30.47
       59363      -1381        188    35.53
       67893      -1381        210    40.54
       76099      -1381        235    45.57
       84442      -1381        262    50.57
       93053      -1381        286    55.63
      102431      -1381        308    61.20
      112838      -1381        344    67.33
      124373      -1381        383    74.09
      136667      -1381        422    81.50
      150612      -1381        462    89.65
      163074      -1381        500    97.35
Time to solution 0.1947s, assuming true minimum is -1381
