N=8
Mode: 1
Seed: 65
Search strategy: 2
Target time to run: 10s
Initialising random weight matrix with 439 working nodes
439 working nodes out of 512
States are -1,1
           1      -1353          1     0.00
           2      -1381          1     0.00
          10      -1389          1     0.00
         108      -1393          1     0.03
         260      -1397          1     0.08
        2283      -1401          1     0.99
       10744      -1401         25     5.99
       18290      -1401         48    10.99
       26167      -1401         65    15.99
       34111      -1401         81    21.05
       42098      -1401        100    26.08
       50196      -1401        120    31.08
       58816      -1401        141    36.13
       66948      -1401        158    41.15
       74646      -1401        179    46.15
       82564      -1401        197    51.23
       91063      -1401        212    56.36
       99695      -1401        236    62.00
      109504      -1401        263    68.22
      120724      -1401        291    75.05
      133000      -1401        320    82.56
      146162      -1401        351    90.82
      161117      -1401        389    99.91
      177367      -1401        425   109.93
      195078      -1401        468   120.96
      207080      -1401        500   128.37
Time to solution 0.25674s, assuming true minimum is -1401
