N=8
Mode: 1
Seed: 650
Search strategy: 2
Target time to run: 10s
Initialising random weight matrix with 439 working nodes
439 working nodes out of 512
States are -1,1
           1      -1375          1     0.00
           4      -1383          1     0.00
          13      -1387          1     0.00
          26      -1391          1     0.00
          55      -1395          1     0.02
        1131      -1399          1     0.32
       10558      -1399         19     5.32
       20370      -1399         39    10.32
       30575      -1399         64    15.32
       40464      -1399         81    20.35
       50303      -1399         97    25.35
       60409      -1399        118    30.37
       70392      -1399        135    35.38
       80271      -1399        158    40.38
       90315      -1399        170    45.38
      100021      -1399        189    50.38
      109489      -1399        206    55.42
      120595      -1399        228    60.97
      131975      -1399        250    67.07
      145399      -1399        282    73.82
      159626      -1399        300    81.21
      175607      -1399        322    89.34
      193809      -1399        360    98.28
      213683      -1399        409   108.16
      234671      -1399        448   119.00
      258457      -1399        485   130.90
      267383      -1399        500   135.66
Time to solution 0.27132s, assuming true minimum is -1399
