N=8
Mode: 1
Seed: 664
Search strategy: 2
Target time to run: 10s
Initialising random weight matrix with 439 working nodes
439 working nodes out of 512
States are -1,1
           1      -1391          1     0.00
          49      -1395          1     0.01
         188      -1403          1     0.06
        1355      -1407          1     0.56
       10296      -1407         29     5.57
       19698      -1407         65    10.57
       28483      -1407        101    15.57
       37303      -1407        135    20.57
       46534      -1407        175    25.63
       55254      -1407        212    30.69
       64646      -1407        253    35.69
       73634      -1407        287    40.75
       82887      -1407        321    45.78
       91810      -1407        352    50.78
      100781      -1407        387    55.87
      110822      -1407        427    61.46
      121703      -1407        465    67.62
      131429      -1407        500    73.03
Time to solution 0.14606s, assuming true minimum is -1407
