N=8
Mode: 1
Seed: 665
Search strategy: 2
Target time to run: 10s
Initialising random weight matrix with 439 working nodes
439 working nodes out of 512
States are -1,1
           1      -1369          1     0.00
          26      -1373          1     0.00
         126      -1377          1     0.04
         144      -1381          1     0.04
         256      -1385          1     0.07
        9012      -1385         22     5.08
       18019      -1385         41    10.08
       27273      -1385         62    15.08
       36289      -1385         89    20.08
       45330      -1385        107    25.11
       53945      -1385        128    30.14
       62601      -1385        152    35.14
       71261      -1385        177    40.14
       79929      -1385        200    45.19
       88742      -1385        215    50.19
       97699      -1385        232    55.21
      107203      -1385        255    60.74
      118300      -1385        286    66.82
      130550      -1385        321    73.51
      143457      -1385        357    80.90
      158051      -1385        392    89.00
      174070      -1385        428    97.90
      191412      -1385        466   107.72
      205614      -1385        500   115.36
Time to solution 0.23072s, assuming true minimum is -1385
