N=8
Mode: 1
Seed: 671
Search strategy: 2
Target time to run: 10s
Initialising random weight matrix with 439 working nodes
439 working nodes out of 512
States are -1,1
           1      -1363          1     0.00
           3      -1371          1     0.00
           4      -1375          1     0.00
           9      -1379          1     0.00
          28      -1383          1     0.01
         396      -1387          1     0.12
       11257      -1387         36     5.12
       22249      -1387         65    10.13
       32356      -1387         92    15.13
       42911      -1387        116    20.14
       52965      -1387        131    25.19
       63502      -1387        160    30.26
       74052      -1387        190    35.27
       84640      -1387        223    40.27
       95631      -1387        261    45.27
      106299      -1387        291    50.28
      117482      -1387        328    55.32
      129362      -1387        366    60.86
      142139      -1387        401    66.95
      156180      -1387        433    73.67
      171580      -1387        468    81.05
      183470      -1387        500    86.55
Time to solution 0.1731s, assuming true minimum is -1387
