N=8
Mode: 1
Seed: 676
Search strategy: 2
Initialising random weight matrix with 439 working nodes
439 working nodes out of 512
States are -1,1
Weight-choosing mode: 3
Min time to run: 0.5s
Max time to run: 1e+10s
Groundtruth: 1000000000
           1      -1361          1     0.00
           2      -1393          1     0.00
          61      -1397          1     0.02
         503      -1401          1     0.28
        8568      -1401         14     5.28
       16663      -1401         31    10.34
       24666      -1401         46    15.39
       32844      -1401         63    20.39
       40827      -1401         78    25.39
       48731      -1401         99    30.39
       56945      -1401        119    35.39
       64607      -1401        131    40.39
       72792      -1401        150    45.39
       81028      -1401        168    50.39
       88956      -1401        192    55.43
       97572      -1401        211    60.98
      107523      -1401        234    67.08
      118422      -1401        258    73.79
      130817      -1401        287    81.19
      143035      -1401        306    89.31
      157531      -1401        340    98.25
      173374      -1401        374   108.08
      190482      -1401        410   118.89
      209333      -1401        463   130.78
      224691      -1401        500   140.29
Time to solution 0.28058s, assuming true minimum is -1401
