N=8
Mode: 1
Seed: 68
Search strategy: 2
Target time to run: 10s
Initialising random weight matrix with 439 working nodes
439 working nodes out of 512
States are -1,1
           1      -1379          1     0.00
           4      -1411          1     0.00
          24      -1419          1     0.00
        9854      -1419         25     5.05
       20068      -1419         53    10.08
       30157      -1419         89    15.08
       40536      -1419        130    20.08
       50983      -1419        160    25.08
       61474      -1419        194    30.08
       71244      -1419        222    35.08
       81432      -1419        251    40.08
       91524      -1419        279    45.10
      101761      -1419        317    50.10
      112094      -1419        351    55.12
      122931      -1419        378    60.66
      135179      -1419        407    66.73
      148358      -1419        443    73.41
      163711      -1419        497    80.76
      164929      -1419        500    81.38
Time to solution 0.16276s, assuming true minimum is -1419
