N=8
Mode: 1
Seed: 680
Search strategy: 2
Initialising random weight matrix with 439 working nodes
439 working nodes out of 512
States are -1,1
Weight-choosing mode: 3
Min time to run: 0.5s
Max time to run: 1e+10s
Groundtruth: 1000000000
           1      -1399          1     0.00
           2      -1407          1     0.00
           3      -1415          1     0.00
           5      -1427          1     0.00
          62      -1431          1     0.02
        4089      -1435          1     1.88
       11750      -1435         16     6.88
       19673      -1435         32    11.88
       27488      -1435         48    16.89
       35574      -1435         64    21.89
       43783      -1435         78    26.89
       51647      -1435         94    31.89
       59662      -1435        112    36.91
       67673      -1435        123    41.91
       75402      -1435        141    46.91
       83137      -1435        157    51.91
       91748      -1435        178    57.15
      100449      -1435        199    62.87
      110349      -1435        214    69.16
      120958      -1435        233    76.08
      133029      -1435        266    83.69
      146066      -1435        294    92.06
      160391      -1435        331   101.28
      175789      -1435        358   111.41
      193549      -1435        397   122.56
      212917      -1435        442   134.82
      233916      -1435        483   148.31
      241757      -1435        500   153.32
Time to solution 0.30664s, assuming true minimum is -1435
