N=8
Mode: 1
Seed: 688
Search strategy: 2
Target time to run: 10s
Initialising random weight matrix with 439 working nodes
439 working nodes out of 512
States are -1,1
           1      -1371          1     0.00
           2      -1383          1     0.00
           5      -1395          1     0.00
          51      -1399          1     0.02
          58      -1403          1     0.02
         912      -1407          1     0.28
        9929      -1407         12     5.30
       19266      -1407         24    10.30
       28359      -1407         32    15.35
       37075      -1407         43    20.41
       45987      -1407         56    25.41
       54519      -1407         69    30.41
       63123      -1407         81    35.42
       71935      -1407         93    40.42
       80755      -1407        105    45.47
       89344      -1407        115    50.47
       98500      -1407        127    55.52
      108373      -1407        141    61.08
      119117      -1407        156    67.21
      131100      -1407        179    73.98
      144405      -1407        197    81.38
      158843      -1407        216    89.52
      174532      -1407        231    98.50
      191917      -1407        260   108.36
      211175      -1407        284   119.20
      232071      -1407        316   131.12
      255045      -1407        352   144.24
      280140      -1407        392   158.70
      308130      -1407        425   174.57
      339435      -1407        468   192.06
      366561      -1407        500   207.36
Time to solution 0.41472s, assuming true minimum is -1407
