N=8
Mode: 1
Seed: 690
Search strategy: 2
Target time to run: 10s
Initialising random weight matrix with 439 working nodes
439 working nodes out of 512
States are -1,1
           1      -1341          1     0.00
           4      -1345          1     0.00
           7      -1349          1     0.00
           9      -1353          1     0.01
          10      -1357          1     0.01
          21      -1361          1     0.01
          39      -1369          1     0.02
         119      -1373          1     0.06
         353      -1377          1     0.18
        9643      -1377         31     5.18
       18504      -1377         53    10.22
       27353      -1377         82    15.22
       36341      -1377        108    20.22
       45272      -1377        124    25.22
       54520      -1377        149    30.22
       63702      -1377        178    35.22
       73018      -1377        206    40.22
       82154      -1377        228    45.22
       91429      -1377        253    50.22
      100530      -1377        282    55.27
      110669      -1377        317    60.80
      121838      -1377        350    66.88
      133954      -1377        386    73.57
      147685      -1377        427    80.93
      162308      -1377        480    89.06
      169370      -1377        500    92.81
Time to solution 0.18562s, assuming true minimum is -1377
