N=8
Mode: 1
Seed: 694
Search strategy: 2
Target time to run: 10s
Initialising random weight matrix with 439 working nodes
439 working nodes out of 512
States are -1,1
           1      -1323          1     0.00
           3      -1339          1     0.00
          11      -1343          1     0.00
          54      -1347          1     0.02
         376      -1351          1     0.12
         903      -1355          1     0.37
        9550      -1355         27     5.37
       18659      -1355         50    10.42
       27463      -1355         69    15.42
       36653      -1355         99    20.42
       46037      -1355        128    25.43
       54556      -1355        151    30.43
       64043      -1355        177    35.49
       73466      -1355        204    40.49
       82427      -1355        229    45.49
       91478      -1355        257    50.49
      101273      -1355        290    55.54
      111231      -1355        320    61.10
      122183      -1355        348    67.22
      134313      -1355        381    73.95
      147436      -1355        417    81.38
      161806      -1355        460    89.52
      174676      -1355        500    96.45
Time to solution 0.1929s, assuming true minimum is -1355
