N=8
Mode: 1
Seed: 698
Search strategy: 2
Target time to run: 10s
Initialising random weight matrix with 439 working nodes
439 working nodes out of 512
States are -1,1
           1      -1377          1     0.00
         201      -1381          1     0.06
         733      -1385          1     0.27
       10348      -1385         24     5.27
       20722      -1385         56    10.32
       30376      -1385         78    15.32
       39776      -1385         96    20.32
       49609      -1385        127    25.32
       58883      -1385        150    30.37
       68568      -1385        169    35.38
       78534      -1385        191    40.38
       88236      -1385        210    45.41
       97734      -1385        229    50.41
      107653      -1385        251    55.46
      118460      -1385        280    61.01
      130288      -1385        314    67.12
      143207      -1385        347    73.84
      157507      -1385        392    81.23
      172984      -1385        432    89.39
      190197      -1385        468    98.33
      201282      -1385        500   104.17
Time to solution 0.20834s, assuming true minimum is -1385
