N=8
Mode: 1
Seed: 707
Search strategy: 2
Target time to run: 10s
Initialising random weight matrix with 439 working nodes
439 working nodes out of 512
States are -1,1
           1      -1367          1     0.00
           3      -1371          1     0.00
          21      -1379          1     0.00
          44      -1383          1     0.01
         152      -1387          1     0.04
        9320      -1387         22     5.04
       19377      -1387         55    10.05
       29626      -1387        100    15.06
       39549      -1387        125    20.09
       49753      -1387        163    25.10
       59147      -1387        184    30.10
       69249      -1387        225    35.10
       78777      -1387        249    40.10
       88425      -1387        276    45.20
       98040      -1387        304    50.23
      107430      -1387        327    55.26
      118234      -1387        360    60.83
      130109      -1387        400    66.92
      142554      -1387        437    73.68
      156756      -1387        479    81.07
      164325      -1387        500    85.14
Time to solution 0.17028s, assuming true minimum is -1387
