N=8
Mode: 1
Seed: 709
Search strategy: 2
Target time to run: 10s
Initialising random weight matrix with 439 working nodes
439 working nodes out of 512
States are -1,1
           1      -1359          1     0.00
           2      -1383          1     0.00
           4      -1403          1     0.00
          56      -1407          1     0.02
         198      -1411          1     0.06
        9923      -1411         35     5.06
       19201      -1411         63    10.06
       28430      -1411         93    15.06
       37919      -1411        126    20.10
       47494      -1411        152    25.10
       57105      -1411        189    30.10
       66892      -1411        225    35.10
       76633      -1411        266    40.10
       86323      -1411        294    45.12
       95547      -1411        324    50.12
      104838      -1411        350    55.16
      115731      -1411        389    60.71
      128049      -1411        428    66.84
      140910      -1411        476    73.54
      146433      -1411        500    76.44
Time to solution 0.15288s, assuming true minimum is -1411
