N=8
Mode: 1
Seed: 711
Search strategy: 2
Target time to run: 10s
Initialising random weight matrix with 439 working nodes
439 working nodes out of 512
States are -1,1
           1      -1393          1     0.00
           5      -1401          1     0.00
          10      -1405          1     0.00
          42      -1413          1     0.01
         836      -1417          1     0.46
        9770      -1417          6     5.46
       18271      -1417         11    10.46
       27283      -1417         13    15.49
       36160      -1417         15    20.50
       44809      -1417         25    25.56
       53457      -1417         36    30.56
       62192      -1417         46    35.60
       71222      -1417         51    40.61
       79924      -1417         56    45.62
       88646      -1417         61    50.62
       97560      -1417         72    55.69
      107478      -1417         82    61.27
      118460      -1417         88    67.43
      130448      -1417        101    74.19
      142932      -1417        114    81.61
      157452      -1417        120    89.78
      173876      -1417        134    98.80
      191329      -1417        145   108.68
      210488      -1417        161   119.55
      231296      -1417        172   131.51
      253940      -1417        194   144.67
      279315      -1417        215   159.18
      307345      -1417        237   175.13
      338605      -1417        259   192.65
      372527      -1417        286   211.92
      409788      -1417        317   233.12
      450438      -1417        345   256.44
      495605      -1417        384   282.09
      545697      -1417        423   310.30
      600376      -1417        469   341.34
      633695      -1417        500   360.42
Time to solution 0.72084s, assuming true minimum is -1417
