N=8
Mode: 1
Seed: 719
Search strategy: 2
Target time to run: 10s
Initialising random weight matrix with 439 working nodes
439 working nodes out of 512
States are -1,1
           1      -1345          1     0.00
           2      -1357          1     0.00
           3      -1369          1     0.00
           4      -1373          1     0.00
          10      -1385          1     0.00
         175      -1389          1     0.05
        9697      -1389         15     5.05
       19056      -1389         25    10.05
       28400      -1389         35    15.06
       37507      -1389         49    20.11
       46783      -1389         56    25.11
       56020      -1389         68    30.11
       65303      -1389         75    35.11
       74889      -1389         85    40.11
       84336      -1389        101    45.11
       93803      -1389        117    50.11
      103372      -1389        133    55.13
      113729      -1389        150    60.69
      125396      -1389        166    66.76
      138111      -1389        189    73.44
      152424      -1389        212    80.80
      167826      -1389        228    88.89
      184530      -1389        254    97.78
      203113      -1389        278   107.59
      223368      -1389        306   118.35
      245347      -1389        329   130.19
      270720      -1389        359   143.21
      298550      -1389        390   157.58
      329536      -1389        434   173.34
      362044      -1389        473   190.71
      380814      -1389        500   200.62
Time to solution 0.40124s, assuming true minimum is -1389
