N=8
Mode: 1
Seed: 73
Search strategy: 2
Target time to run: 10s
Initialising random weight matrix with 439 working nodes
439 working nodes out of 512
States are -1,1
           1      -1387          1     0.00
          48      -1391          1     0.01
        2110      -1395          1     0.84
       11749      -1395         35     5.84
       20861      -1395         63    10.84
       29554      -1395         89    15.85
       38817      -1395        110    20.86
       48620      -1395        141    25.86
       58042      -1395        170    30.90
       67344      -1395        199    35.95
       76486      -1395        229    40.95
       85630      -1395        261    45.95
       94855      -1395        278    50.95
      104685      -1395        307    56.13
      115282      -1395        336    61.75
      126559      -1395        367    68.01
      139185      -1395        408    74.90
      152360      -1395        444    82.40
      167526      -1395        489    90.65
      170243      -1395        500    92.26
Time to solution 0.18452s, assuming true minimum is -1395
