N=8
Mode: 1
Seed: 731
Search strategy: 2
Initialising random weight matrix with 439 working nodes
439 working nodes out of 512
States are -1,1
Weight-choosing mode: 3
Min time to run: 0.5s
Max time to run: 1e+10s
Groundtruth: 1000000000
           1      -1385          1     0.00
          11      -1389          1     0.00
          57      -1393          1     0.02
         164      -1397          1     0.06
        8337      -1397         11     5.06
       16592      -1397         24    10.10
       25259      -1397         39    15.10
       33419      -1397         50    20.14
       41943      -1397         65    25.17
       49851      -1397         82    30.17
       58389      -1397         93    35.17
       66737      -1397        108    40.17
       75342      -1397        129    45.17
       83787      -1397        141    50.17
       91969      -1397        157    55.19
      101376      -1397        177    60.71
      111458      -1397        197    66.79
      122419      -1397        208    73.47
      134557      -1397        236    80.82
      147524      -1397        259    88.91
      162580      -1397        289    97.81
      178822      -1397        310   107.60
      196741      -1397        336   118.36
      216899      -1397        376   130.20
      238379      -1397        418   143.23
      262169      -1397        460   157.59
      281830      -1397        500   169.41
Time to solution 0.33882s, assuming true minimum is -1397
