N=8
Mode: 1
Seed: 741
Search strategy: 2
Target time to run: 10s
Initialising random weight matrix with 439 working nodes
439 working nodes out of 512
States are -1,1
           1      -1403          1     0.00
          21      -1407          1     0.00
          32      -1415          1     0.01
          52      -1419          1     0.02
       10469      -1419         34     5.02
       21579      -1419         78    10.04
       32227      -1419        113    15.04
       42501      -1419        150    20.04
       52864      -1419        180    25.04
       62754      -1419        205    30.04
       72892      -1419        238    35.04
       83047      -1419        275    40.04
       92578      -1419        297    45.04
      102743      -1419        327    50.04
      112749      -1419        362    55.05
      124189      -1419        402    60.60
      136573      -1419        442    66.67
      149894      -1419        476    73.37
      157734      -1419        500    77.28
Time to solution 0.15456s, assuming true minimum is -1419
