N=8
Mode: 1
Seed: 745
Search strategy: 2
Target time to run: 10s
Initialising random weight matrix with 439 working nodes
439 working nodes out of 512
States are -1,1
           1      -1401          1     0.00
           5      -1405          1     0.00
          12      -1409          1     0.00
          48      -1413          1     0.01
         565      -1417          1     0.16
       10969      -1417         34     5.16
       20333      -1417         55    10.16
       29768      -1417         85    15.16
       39621      -1417        116    20.18
       49145      -1417        146    25.18
       59338      -1417        179    30.18
       69464      -1417        215    35.19
       78964      -1417        245    40.19
       88937      -1417        275    45.19
       98353      -1417        297    50.21
      107773      -1417        317    55.24
      119004      -1417        355    60.77
      131034      -1417        387    66.85
      144587      -1417        423    73.54
      159093      -1417        455    80.90
      173818      -1417        500    88.25
Time to solution 0.1765s, assuming true minimum is -1417
