N=8
Mode: 1
Seed: 752
Search strategy: 2
Target time to run: 10s
Initialising random weight matrix with 439 working nodes
439 working nodes out of 512
States are -1,1
           1      -1359          1     0.00
           3      -1371          1     0.00
           7      -1375          1     0.00
          14      -1379          1     0.00
          40      -1383          1     0.01
         183      -1387          1     0.05
       11062      -1387         40     5.05
       22203      -1387         75    10.07
       33479      -1387        114    15.07
       43986      -1387        147    20.11
       54796      -1387        172    25.12
       66051      -1387        214    30.12
       77110      -1387        244    35.13
       87682      -1387        272    40.13
       97997      -1387        296    45.13
      109197      -1387        332    50.16
      120244      -1387        373    55.18
      132230      -1387        413    60.70
      145347      -1387        453    66.78
      159405      -1387        494    73.46
      161555      -1387        500    74.49
Time to solution 0.14898s, assuming true minimum is -1387
