N=8
Mode: 1
Seed: 753
Search strategy: 2
Target time to run: 10s
Initialising random weight matrix with 439 working nodes
439 working nodes out of 512
States are -1,1
           1      -1349          1     0.00
           7      -1353          1     0.00
          15      -1361          1     0.00
          42      -1365          1     0.01
         156      -1369          1     0.04
         258      -1373          1     0.08
        1149      -1377          1     0.39
       10706      -1377         26     5.39
       20135      -1377         40    10.42
       30060      -1377         71    15.42
       40017      -1377         91    20.48
       49683      -1377        117    25.48
       59545      -1377        142    30.48
       69067      -1377        166    35.52
       78443      -1377        187    40.55
       88230      -1377        214    45.55
       97801      -1377        237    50.56
      107842      -1377        260    55.62
      118398      -1377        285    61.19
      130447      -1377        312    67.31
      143797      -1377        334    74.08
      158149      -1377        366    81.51
      174869      -1377        401    89.67
      191409      -1377        441    98.64
      209899      -1377        480   108.51
      216863      -1377        500   112.06
Time to solution 0.22412s, assuming true minimum is -1377
