N=8
Mode: 1
Seed: 76
Search strategy: 2
Target time to run: 10s
Initialising random weight matrix with 439 working nodes
439 working nodes out of 512
States are -1,1
           1      -1389          1     0.00
           3      -1397          1     0.00
           9      -1401          1     0.00
          13      -1409          1     0.00
          23      -1413          1     0.00
         100      -1417          1     0.03
        1024      -1421          1     0.45
       11303      -1421         34     5.45
       21290      -1421         66    10.45
       31640      -1421        103    15.45
       41473      -1421        146    20.45
       51247      -1421        171    25.45
       61476      -1421        203    30.45
       71194      -1421        242    35.53
       80697      -1421        272    40.53
       90802      -1421        303    45.58
      100650      -1421        342    50.58
      110872      -1421        383    55.64
      121952      -1421        423    61.25
      134025      -1421        468    67.38
      143281      -1421        500    72.14
Time to solution 0.14428s, assuming true minimum is -1421
