N=8
Mode: 1
Seed: 762
Search strategy: 2
Target time to run: 10s
Initialising random weight matrix with 439 working nodes
439 working nodes out of 512
States are -1,1
           1      -1341          1     0.00
           2      -1345          1     0.00
           4      -1357          1     0.00
         171      -1361          1     0.05
       11095      -1361         32     5.07
       21583      -1361         50    10.10
       32591      -1361         83    15.13
       43351      -1361        111    20.15
       54076      -1361        137    25.15
       64309      -1361        157    30.15
       75080      -1361        184    35.15
       85795      -1361        214    40.15
       96221      -1361        243    45.15
      106750      -1361        280    50.15
      117135      -1361        303    55.17
      128891      -1361        334    60.73
      141593      -1361        368    66.85
      156069      -1361        410    73.57
      171583      -1361        450    80.93
      188307      -1361        495    89.03
      190428      -1361        500    90.10
Time to solution 0.1802s, assuming true minimum is -1361
