N=8
Mode: 1
Seed: 764
Search strategy: 2
Target time to run: 10s
Initialising random weight matrix with 439 working nodes
439 working nodes out of 512
States are -1,1
           1      -1365          1     0.00
           2      -1385          1     0.00
           3      -1389          1     0.00
          12      -1393          1     0.00
          14      -1397          1     0.00
          20      -1405          1     0.00
         377      -1409          1     0.11
       10785      -1409         30     5.11
       20844      -1409         50    10.11
       31262      -1409         83    15.13
       41668      -1409        110    20.14
       52187      -1409        150    25.14
       62117      -1409        172    30.19
       72121      -1409        201    35.28
       82067      -1409        220    40.28
       92513      -1409        254    45.28
      102393      -1409        281    50.30
      112726      -1409        306    55.33
      124577      -1409        342    60.87
      137234      -1409        381    66.96
      151030      -1409        416    73.66
      166053      -1409        447    81.03
      183130      -1409        488    89.16
      186068      -1409        500    90.45
Time to solution 0.1809s, assuming true minimum is -1409
