N=8
Mode: 1
Seed: 77
Search strategy: 2
Target time to run: 10s
Initialising random weight matrix with 439 working nodes
439 working nodes out of 512
States are -1,1
           1      -1337          1     0.00
          19      -1341          1     0.00
          33      -1345          1     0.01
         225      -1349          1     0.07
         957      -1353          1     0.34
       10031      -1353          6     5.34
       19028      -1353         15    10.34
       28581      -1353         22    15.38
       37549      -1353         27    20.42
       46754      -1353         34    25.42
       55781      -1353         41    30.42
       64791      -1353         49    35.44
       73983      -1353         57    40.44
       83547      -1353         66    45.44
       92564      -1353         72    50.51
      101843      -1353         80    55.57
      111810      -1353         89    61.13
      123091      -1353        101    67.25
      135527      -1353        111    74.02
      148928      -1353        126    81.47
      163876      -1353        138    89.62
      180454      -1353        148    98.62
      198398      -1353        166   108.51
      218069      -1353        180   119.37
      239885      -1353        199   131.33
      263991      -1353        213   144.50
      290397      -1353        235   159.02
      319545      -1353        263   174.93
      351375      -1353        282   192.43
      386229      -1353        309   211.68
      424962      -1353        336   232.85
      467386      -1353        375   256.14
      514085      -1353        400   281.83
      564746      -1353        443   310.02
      621667      -1353        488   341.03
      635311      -1353        500   348.37
Time to solution 0.69674s, assuming true minimum is -1353
