N=8
Mode: 1
Seed: 778
Search strategy: 2
Target time to run: 10s
Initialising random weight matrix with 439 working nodes
439 working nodes out of 512
States are -1,1
           1      -1379          1     0.00
          45      -1387          1     0.01
          78      -1391          1     0.02
         307      -1395          1     0.17
        8583      -1395         19     5.18
       17085      -1395         32    10.18
       25477      -1395         44    15.18
       34176      -1395         57    20.18
       42713      -1395         72    25.23
       51333      -1395         88    30.25
       59642      -1395        102    35.26
       68412      -1395        118    40.30
       76890      -1395        131    45.33
       85609      -1395        145    50.33
       94582      -1395        169    55.37
      104396      -1395        185    60.96
      114947      -1395        205    67.06
      126882      -1395        223    73.86
      139741      -1395        250    81.25
      153482      -1395        278    89.38
      168962      -1395        296    98.35
      185828      -1395        338   108.21
      204380      -1395        376   119.04
      224784      -1395        413   130.99
      247855      -1395        460   144.09
      265269      -1395        500   154.41
Time to solution 0.30882s, assuming true minimum is -1395
