N=8
Mode: 1
Seed: 797
Search strategy: 2
Target time to run: 10s
Initialising random weight matrix with 439 working nodes
439 working nodes out of 512
States are -1,1
           1      -1333          1     0.00
           2      -1349          1     0.00
          14      -1353          1     0.00
          16      -1357          1     0.00
          35      -1361          1     0.01
         992      -1365          1     0.31
       11006      -1365         26     5.31
       20913      -1365         50    10.31
       29980      -1365         79    15.33
       39704      -1365        107    20.33
       49223      -1365        130    25.34
       58701      -1365        156    30.35
       68159      -1365        176    35.35
       77888      -1365        200    40.35
       87364      -1365        230    45.40
       97195      -1365        261    50.44
      106634      -1365        280    55.49
      116718      -1365        306    61.04
      128204      -1365        332    67.17
      141067      -1365        366    73.89
      155607      -1365        414    81.29
      171118      -1365        457    89.46
      186869      -1365        500    97.74
Time to solution 0.19548s, assuming true minimum is -1365
