N=8
Mode: 1
Seed: 80
Search strategy: 2
Target time to run: 10s
Initialising random weight matrix with 439 working nodes
439 working nodes out of 512
States are -1,1
           1      -1375          1     0.00
           7      -1379          1     0.00
           8      -1383          1     0.00
          16      -1395          1     0.00
          23      -1399          1     0.00
         447      -1403          1     0.14
        9784      -1403         26     5.16
       18516      -1403         48    10.16
       27144      -1403         75    15.16
       37356      -1403        121    20.21
       46640      -1403        148    25.21
       55586      -1403        178    30.21
       65410      -1403        222    35.27
       74378      -1403        253    40.27
       83212      -1403        283    45.27
       91935      -1403        305    50.31
      101483      -1403        332    55.40
      111959      -1403        359    60.95
      122855      -1403        399    67.05
      135381      -1403        441    73.76
      148825      -1403        478    81.14
      156439      -1403        500    85.01
Time to solution 0.17002s, assuming true minimum is -1403
