N=8
Mode: 1
Seed: 802
Search strategy: 2
Target time to run: 10s
Initialising random weight matrix with 439 working nodes
439 working nodes out of 512
States are -1,1
           1      -1377          1     0.00
           2      -1389          1     0.00
           7      -1409          1     0.00
          70      -1413          1     0.02
       10224      -1413         42     5.02
       19956      -1413         67    10.02
       30251      -1413         93    15.02
       40940      -1413        138    20.02
       51392      -1413        177    25.07
       61119      -1413        196    30.07
       71154      -1413        225    35.07
       81537      -1413        258    40.11
       91417      -1413        286    45.11
      102054      -1413        322    50.11
      112627      -1413        361    55.13
      123449      -1413        399    60.65
      136269      -1413        442    66.74
      150328      -1413        487    73.42
      152686      -1413        500    74.41
Time to solution 0.14882s, assuming true minimum is -1413
