N=8
Mode: 1
Seed: 815
Search strategy: 2
Target time to run: 10s
Initialising random weight matrix with 439 working nodes
439 working nodes out of 512
States are -1,1
           1      -1341          1     0.00
           3      -1349          1     0.00
           5      -1361          1     0.00
          16      -1365          1     0.00
          23      -1369          1     0.00
          36      -1373          1     0.01
         428      -1381          1     0.12
        9754      -1381         13     5.16
       19123      -1381         28    10.16
       28738      -1381         44    15.16
       38531      -1381         58    20.16
       48101      -1381         73    25.18
       57475      -1381         90    30.18
       66453      -1381        108    35.18
       75846      -1381        128    40.18
       85321      -1381        138    45.18
       94347      -1381        157    50.18
      103873      -1381        166    55.23
      114115      -1381        186    60.76
      125574      -1381        202    66.84
      137455      -1381        219    73.53
      151284      -1381        242    80.98
      166454      -1381        259    89.08
      183099      -1381        285    97.99
      201398      -1381        313   107.85
      221668      -1381        342   118.64
      243184      -1381        381   130.51
      267348      -1381        412   143.61
      293714      -1381        453   157.98
      322315      -1381        492   173.78
      327433      -1381        500   176.56
Time to solution 0.35312s, assuming true minimum is -1381
