N=8
Mode: 1
Seed: 818
Search strategy: 2
Target time to run: 10s
Initialising random weight matrix with 439 working nodes
439 working nodes out of 512
States are -1,1
           1      -1353          1     0.00
           2      -1373          1     0.00
           6      -1377          1     0.00
          33      -1381          1     0.01
          70      -1385          1     0.02
         969      -1389          1     0.28
       10133      -1389         16     5.28
       19563      -1389         26    10.32
       28501      -1389         36    15.33
       37974      -1389         52    20.33
       47101      -1389         68    25.33
       56232      -1389         84    30.33
       65119      -1389         98    35.33
       74346      -1389        114    40.38
       83320      -1389        123    45.38
       92689      -1389        133    50.38
      101423      -1389        149    55.48
      111534      -1389        162    61.08
      123196      -1389        180    67.22
      135426      -1389        196    73.98
      149016      -1389        210    81.38
      164084      -1389        232    89.52
      180566      -1389        252    98.51
      198320      -1389        282   108.37
      218115      -1389        309   119.21
      239650      -1389        339   131.17
      264001      -1389        366   144.29
      290840      -1389        395   158.77
      319546      -1389        439   174.65
      351836      -1389        488   192.14
      360905      -1389        500   197.09
Time to solution 0.39418s, assuming true minimum is -1389
