N=8
Mode: 1
Seed: 821
Search strategy: 2
Target time to run: 10s
Initialising random weight matrix with 439 working nodes
439 working nodes out of 512
States are -1,1
           1      -1313          1     0.00
           2      -1321          1     0.00
           3      -1341          1     0.00
           5      -1353          1     0.00
          23      -1361          1     0.00
          28      -1365          1     0.01
          97      -1369          1     0.03
         617      -1373          1     0.24
       10189      -1373         31     5.24
       19358      -1373         55    10.26
       28533      -1373         80    15.26
       37047      -1373        105    20.26
       46056      -1373        129    25.27
       55214      -1373        151    30.27
       64468      -1373        170    35.28
       73449      -1373        198    40.28
       82738      -1373        226    45.28
       91553      -1373        249    50.29
      101594      -1373        277    55.35
      111431      -1373        305    60.97
      122305      -1373        334    67.08
      134698      -1373        373    73.79
      148172      -1373        408    81.20
      163009      -1373        448    89.34
      179163      -1373        491    98.36
      181944      -1373        500    99.70
Time to solution 0.1994s, assuming true minimum is -1373
