N=8
Mode: 1
Seed: 822
Search strategy: 2
Target time to run: 10s
Initialising random weight matrix with 439 working nodes
439 working nodes out of 512
States are -1,1
           1      -1301          1     0.00
           2      -1313          1     0.00
           3      -1361          1     0.00
          68      -1365          1     0.02
         678      -1369          1     0.21
       10090      -1369         20     5.21
       20066      -1369         45    10.21
       29770      -1369         69    15.21
       39231      -1369         85    20.23
       48648      -1369        103    25.23
       57678      -1369        122    30.25
       67406      -1369        140    35.25
       77122      -1369        161    40.27
       86392      -1369        182    45.32
       96037      -1369        204    50.32
      105568      -1369        223    55.36
      116219      -1369        244    60.92
      128316      -1369        271    67.02
      140968      -1369        292    73.73
      155530      -1369        324    81.12
      171848      -1369        357    89.24
      188718      -1369        388    98.17
      208182      -1369        428   108.05
      228263      -1369        473   118.86
      243469      -1369        500   126.83
Time to solution 0.25366s, assuming true minimum is -1369
