N=8
Mode: 1
Seed: 828
Search strategy: 2
Target time to run: 10s
Initialising random weight matrix with 439 working nodes
439 working nodes out of 512
States are -1,1
           1      -1373          1     0.00
           2      -1385          1     0.00
           3      -1397          1     0.00
          11      -1401          1     0.00
          19      -1405          1     0.00
         425      -1409          1     0.13
        9773      -1409         12     5.15
       19319      -1409         24    10.17
       29042      -1409         39    15.20
       38292      -1409         49    20.21
       47720      -1409         60    25.21
       57393      -1409         80    30.21
       66811      -1409         92    35.21
       76507      -1409        110    40.21
       85686      -1409        127    45.26
       95105      -1409        143    50.26
      104434      -1409        157    55.29
      114815      -1409        176    60.82
      126088      -1409        188    66.91
      138386      -1409        213    73.61
      151766      -1409        224    80.98
      167060      -1409        247    89.08
      183762      -1409        271    98.01
      202223      -1409        304   107.82
      222935      -1409        339   118.61
      245000      -1409        370   130.50
      269404      -1409        414   143.55
      296357      -1409        457   157.91
      320264      -1409        500   170.94
Time to solution 0.34188s, assuming true minimum is -1409
