N=8
Mode: 1
Seed: 829
Search strategy: 2
Target time to run: 10s
Initialising random weight matrix with 439 working nodes
439 working nodes out of 512
States are -1,1
           1      -1323          1     0.00
           6      -1335          1     0.00
          12      -1343          1     0.00
          17      -1351          1     0.00
          48      -1355          1     0.01
         618      -1359          1     0.24
       10398      -1359         24     5.25
       20215      -1359         43    10.25
       29952      -1359         72    15.27
       39567      -1359         90    20.28
       48985      -1359        109    25.28
       58856      -1359        133    30.31
       68653      -1359        158    35.31
       78303      -1359        176    40.33
       87684      -1359        190    45.33
       96970      -1359        209    50.33
      106943      -1359        234    55.37
      117743      -1359        256    60.91
      129565      -1359        284    67.02
      143220      -1359        323    73.73
      157818      -1359        352    81.11
      173322      -1359        388    89.27
      190758      -1359        420    98.29
      209489      -1359        458   108.12
      227744      -1359        500   117.53
Time to solution 0.23506s, assuming true minimum is -1359
