N=8
Mode: 1
Seed: 843
Search strategy: 2
Target time to run: 10s
Initialising random weight matrix with 439 working nodes
439 working nodes out of 512
States are -1,1
           1      -1379          1     0.00
           2      -1387          1     0.00
           4      -1395          1     0.00
          27      -1399          1     0.01
          32      -1403          1     0.01
          94      -1415          1     0.03
         217      -1419          1     0.06
        8806      -1419         37     5.06
       17473      -1419         65    10.06
       26341      -1419         94    15.06
       36129      -1419        135    20.07
       45462      -1419        173    25.07
       54283      -1419        209    30.07
       63146      -1419        245    35.07
       72602      -1419        280    40.22
       81567      -1419        313    45.22
       91034      -1419        351    50.22
       99165      -1419        381    55.25
      109663      -1419        422    60.82
      120511      -1419        467    66.91
      127220      -1419        500    70.80
Time to solution 0.1416s, assuming true minimum is -1419
