N=8
Mode: 1
Seed: 844
Search strategy: 2
Target time to run: 10s
Initialising random weight matrix with 439 working nodes
439 working nodes out of 512
States are -1,1
           1      -1389          1     0.00
           2      -1397          1     0.00
           5      -1409          1     0.00
         213      -1413          1     0.06
         287      -1417          1     0.08
        1664      -1421          1     0.77
       10704      -1421         16     5.77
       19941      -1421         32    10.77
       28856      -1421         48    15.77
       37799      -1421         59    20.78
       46705      -1421         69    25.78
       55768      -1421         86    30.78
       65143      -1421        109    35.78
       73884      -1421        127    40.80
       82846      -1421        134    45.82
       91805      -1421        149    50.84
      101251      -1421        167    55.95
      111558      -1421        187    61.56
      123067      -1421        201    67.72
      135556      -1421        223    74.50
      149396      -1421        242    81.96
      164092      -1421        266    90.19
      180014      -1421        296    99.25
      198508      -1421        320   109.18
      218897      -1421        360   120.10
      240316      -1421        399   132.13
      264200      -1421        430   145.36
      290699      -1421        468   159.90
      314046      -1421        500   172.40
Time to solution 0.3448s, assuming true minimum is -1421
