N=8
Mode: 1
Seed: 85
Search strategy: 2
Target time to run: 10s
Initialising random weight matrix with 439 working nodes
439 working nodes out of 512
States are -1,1
           1      -1359          1     0.00
          11      -1363          1     0.00
          24      -1375          1     0.00
         253      -1379          1     0.14
        9147      -1379         29     5.14
       18084      -1379         64    10.14
       27495      -1379         91    15.14
       36786      -1379        109    20.14
       45775      -1379        138    25.14
       54900      -1379        165    30.14
       63568      -1379        187    35.18
       72174      -1379        204    40.18
       81243      -1379        230    45.23
       90143      -1379        249    50.26
       99329      -1379        269    55.29
      108983      -1379        291    60.84
      119199      -1379        312    66.93
      131677      -1379        348    73.63
      145020      -1379        381    81.00
      159237      -1379        417    89.18
      175229      -1379        455    98.10
      192196      -1379        500   107.73
Time to solution 0.21546s, assuming true minimum is -1379
