N=8
Mode: 1
Seed: 86
Search strategy: 2
Target time to run: 10s
Initialising random weight matrix with 439 working nodes
439 working nodes out of 512
States are -1,1
           1      -1383          1     0.00
          18      -1387          1     0.00
          19      -1391          1     0.00
          74      -1395          1     0.02
          83      -1399          1     0.02
         312      -1403          1     0.17
       10237      -1403         28     5.17
       19385      -1403         47    10.17
       28684      -1403         72    15.17
       38773      -1403         97    20.17
       48531      -1403        114    25.17
       57980      -1403        130    30.19
       67637      -1403        148    35.20
       77740      -1403        168    40.20
       87589      -1403        196    45.20
       97394      -1403        217    50.20
      107292      -1403        242    55.28
      118014      -1403        261    60.83
      129769      -1403        283    66.92
      142932      -1403        320    73.62
      157353      -1403        349    80.99
      173247      -1403        379    89.09
      190807      -1403        419    98.00
      209511      -1403        456   107.81
      229139      -1403        500   117.60
Time to solution 0.2352s, assuming true minimum is -1403
