N=8
Mode: 1
Seed: 861
Search strategy: 2
Target time to run: 10s
Initialising random weight matrix with 439 working nodes
439 working nodes out of 512
States are -1,1
           1      -1363          1     0.00
           2      -1375          1     0.00
           9      -1387          1     0.00
         109      -1391          1     0.03
       10705      -1391         28     5.03
       21238      -1391         51    10.04
       31428      -1391         71    15.04
       42029      -1391         99    20.04
       52557      -1391        129    25.08
       63332      -1391        165    30.11
       73649      -1391        196    35.11
       83622      -1391        222    40.12
       93711      -1391        244    45.12
      104188      -1391        274    50.12
      114416      -1391        294    55.17
      125668      -1391        319    60.69
      138196      -1391        352    66.76
      151635      -1391        388    73.44
      167121      -1391        434    80.79
      183659      -1391        476    88.87
      191833      -1391        500    92.80
Time to solution 0.1856s, assuming true minimum is -1391
