N=8
Mode: 1
Seed: 862
Search strategy: 2
Target time to run: 10s
Initialising random weight matrix with 439 working nodes
439 working nodes out of 512
States are -1,1
           1      -1353          1     0.00
          11      -1369          1     0.00
          39      -1373          1     0.01
          54      -1377          1     0.01
         138      -1381          1     0.04
         538      -1385          1     0.16
       10021      -1385         30     5.21
       19408      -1385         61    10.21
       28621      -1385         95    15.22
       37971      -1385        119    20.24
       47279      -1385        140    25.24
       56076      -1385        160    30.25
       65468      -1385        182    35.25
       75001      -1385        204    40.26
       84463      -1385        235    45.26
       94009      -1385        264    50.27
      103044      -1385        282    55.32
      113586      -1385        320    60.88
      125254      -1385        356    66.97
      137713      -1385        395    73.74
      151699      -1385        433    81.12
      167880      -1385        485    89.30
      172391      -1385        500    91.56
Time to solution 0.18312s, assuming true minimum is -1385
