N=8
Mode: 1
Seed: 867
Search strategy: 2
Target time to run: 10s
Initialising random weight matrix with 439 working nodes
439 working nodes out of 512
States are -1,1
           1      -1323          1     0.00
           2      -1335          1     0.00
           8      -1347          1     0.00
         203      -1351          1     0.06
        3176      -1355          1     1.05
       12820      -1355         13     6.05
       22399      -1355         21    11.07
       32456      -1355         38    16.07
       42050      -1355         54    21.08
       51704      -1355         63    26.08
       61362      -1355         74    31.08
       70776      -1355         80    36.08
       80366      -1355         88    41.08
       90041      -1355        101    46.08
       99526      -1355        111    51.08
      109329      -1355        123    56.19
      120579      -1355        140    61.85
      132449      -1355        156    68.04
      145635      -1355        175    74.85
      160128      -1355        193    82.34
      176546      -1355        220    90.58
      193739      -1355        241    99.64
      213121      -1355        266   109.61
      233984      -1355        302   120.60
      256997      -1355        331   132.68
      281952      -1355        356   145.95
      309677      -1355        380   160.55
      340048      -1355        417   176.61
      373642      -1355        457   194.28
      410215      -1355        500   213.41
Time to solution 0.42682s, assuming true minimum is -1355
