N=8
Mode: 1
Seed: 873
Search strategy: 2
Target time to run: 10s
Initialising random weight matrix with 439 working nodes
439 working nodes out of 512
States are -1,1
           1      -1413          1     0.00
           2      -1417          1     0.00
          27      -1429          1     0.01
         271      -1433          1     0.08
         624      -1437          1     0.18
        9930      -1437         12     5.21
       19640      -1437         20    10.26
       28795      -1437         31    15.26
       38245      -1437         43    20.26
       47908      -1437         49    25.30
       57067      -1437         61    30.31
       66664      -1437         72    35.33
       75645      -1437         84    40.33
       84767      -1437         95    45.33
       93843      -1437        107    50.33
      102516      -1437        118    55.37
      112587      -1437        131    60.96
      123808      -1437        146    67.12
      136452      -1437        159    73.84
      149891      -1437        176    81.26
      164780      -1437        194    89.39
      181160      -1437        219    98.34
      199601      -1437        232   108.20
      219909      -1437        255   119.07
      242147      -1437        285   130.99
      266320      -1437        304   144.11
      292318      -1437        331   158.53
      322052      -1437        358   174.39
      353672      -1437        389   191.83
      389884      -1437        427   211.05
      429230      -1437        461   232.19
      458350      -1437        500   247.82
Time to solution 0.49564s, assuming true minimum is -1437
