N=8
Mode: 1
Seed: 878
Search strategy: 2
Target time to run: 10s
Initialising random weight matrix with 439 working nodes
439 working nodes out of 512
States are -1,1
           1      -1389          1     0.00
           2      -1425          1     0.00
        9783      -1425         15     5.03
       19717      -1425         40    10.04
       30012      -1425         65    15.08
       40446      -1425         92    20.10
       50101      -1425        108    25.13
       59828      -1425        122    30.14
       69924      -1425        146    35.17
       79890      -1425        169    40.17
       89382      -1425        185    45.17
       98918      -1425        210    50.17
      109583      -1425        239    55.19
      120964      -1425        267    60.71
      133600      -1425        305    66.80
      146738      -1425        333    73.48
      161296      -1425        367    80.83
      177046      -1425        400    88.95
      195010      -1425        448    97.85
      214196      -1425        490   107.67
      216886      -1425        500   108.92
Time to solution 0.21784s, assuming true minimum is -1425
