N=8
Mode: 1
Seed: 884
Search strategy: 2
Target time to run: 10s
Initialising random weight matrix with 439 working nodes
439 working nodes out of 512
States are -1,1
           1      -1305          1     0.00
           6      -1309          1     0.00
          12      -1313          1     0.00
          16      -1325          1     0.00
         391      -1333          1     0.12
       10303      -1333         20     5.15
       20363      -1333         41    10.18
       30443      -1333         58    15.20
       40309      -1333         76    20.20
       50476      -1333         99    25.20
       60496      -1333        124    30.20
       70278      -1333        143    35.20
       80041      -1333        161    40.22
       90096      -1333        188    45.22
      100105      -1333        211    50.22
      110575      -1333        247    55.29
      122049      -1333        274    60.82
      134358      -1333        305    66.91
      148255      -1333        341    73.61
      163395      -1333        377    80.98
      179185      -1333        411    89.08
      197439      -1333        464    97.99
      210458      -1333        500   104.15
Time to solution 0.2083s, assuming true minimum is -1333
