N=8
Mode: 1
Seed: 886
Search strategy: 2
Target time to run: 10s
Initialising random weight matrix with 439 working nodes
439 working nodes out of 512
States are -1,1
           1      -1359          1     0.00
           3      -1363          1     0.00
           4      -1371          1     0.00
          32      -1375          1     0.01
          47      -1379          1     0.01
         136      -1383          1     0.04
         783      -1387          1     0.38
        9492      -1387         16     5.41
       18061      -1387         32    10.45
       27078      -1387         40    15.45
       35868      -1387         49    20.48
       45023      -1387         66    25.53
       53883      -1387         79    30.54
       62610      -1387         92    35.54
       71191      -1387        111    40.62
       80312      -1387        129    45.65
       89104      -1387        140    50.65
       98189      -1387        154    55.72
      107748      -1387        164    61.30
      118219      -1387        177    67.43
      130660      -1387        199    74.24
      143852      -1387        219    81.67
      158394      -1387        244    89.84
      174271      -1387        274    98.83
      192375      -1387        301   108.72
      211532      -1387        333   119.60
      232610      -1387        370   131.56
      256080      -1387        404   144.72
      282180      -1387        447   159.20
      310185      -1387        482   175.12
      321598      -1387        500   181.41
Time to solution 0.36282s, assuming true minimum is -1387
