N=8
Mode: 1
Seed: 892
Search strategy: 2
Target time to run: 10s
Initialising random weight matrix with 439 working nodes
439 working nodes out of 512
States are -1,1
           1      -1323          1     0.00
           2      -1347          1     0.00
           3      -1355          1     0.00
          13      -1367          1     0.00
       10208      -1367         31     5.00
       20706      -1367         63    10.00
       31204      -1367        102    15.00
       41333      -1367        128    20.00
       51261      -1367        150    25.00
       62324      -1367        191    30.02
       72842      -1367        223    35.02
       83055      -1367        251    40.07
       93684      -1367        290    45.07
      103905      -1367        321    50.07
      114872      -1367        355    55.08
      126482      -1367        395    60.59
      139382      -1367        437    66.69
      153119      -1367        476    73.36
      161301      -1367        500    77.19
Time to solution 0.15438s, assuming true minimum is -1367
