N=8
Mode: 1
Seed: 893
Search strategy: 2
Target time to run: 10s
Initialising random weight matrix with 439 working nodes
439 working nodes out of 512
States are -1,1
           1      -1357          1     0.00
           2      -1377          1     0.00
           3      -1385          1     0.00
          14      -1389          1     0.00
          83      -1393          1     0.02
         134      -1401          1     0.04
        9403      -1401         36     5.04
       18498      -1401         65    10.04
       27805      -1401         94    15.04
       37037      -1401        124    20.11
       46126      -1401        147    25.11
       55667      -1401        170    30.11
       64943      -1401        209    35.11
       73553      -1401        236    40.11
       82425      -1401        263    45.11
       91175      -1401        301    50.15
      100421      -1401        329    55.18
      110622      -1401        365    60.70
      121464      -1401        414    66.78
      134015      -1401        455    73.46
      146164      -1401        500    79.77
Time to solution 0.15954s, assuming true minimum is -1401
