N=8
Mode: 1
Seed: 898
Search strategy: 2
Target time to run: 10s
Initialising random weight matrix with 439 working nodes
439 working nodes out of 512
States are -1,1
           1      -1347          1     0.00
           2      -1355          1     0.00
           3      -1363          1     0.00
           9      -1371          1     0.00
          41      -1375          1     0.01
          61      -1379          1     0.02
          67      -1387          1     0.02
         231      -1391          1     0.07
        9223      -1391         42     5.07
       18498      -1391         85    10.07
       27801      -1391        123    15.12
       36773      -1391        167    20.14
       45628      -1391        213    25.15
       55203      -1391        256    30.15
       64329      -1391        298    35.15
       73638      -1391        338    40.15
       83198      -1391        381    45.16
       92215      -1391        422    50.17
      100898      -1391        462    55.19
      109521      -1391        500    60.17
Time to solution 0.12034s, assuming true minimum is -1391
