N=8
Mode: 1
Seed: 9
Search strategy: 2
Target time to run: 10s
Initialising random weight matrix with 439 working nodes
439 working nodes out of 512
States are -1,1
           1      -1377          1     0.00
          10      -1385          1     0.00
          15      -1389          1     0.00
          26      -1393          1     0.01
          90      -1397          1     0.02
         777      -1401          1     0.24
       10183      -1401          9     5.26
       19530      -1401         24    10.26
       28844      -1401         31    15.31
       38777      -1401         40    20.32
       48013      -1401         51    25.33
       57539      -1401         60    30.37
       66924      -1401         76    35.38
       76338      -1401         87    40.42
       85884      -1401         92    45.42
       95176      -1401        102    50.42
      104938      -1401        122    55.47
      115396      -1401        132    61.02
      126827      -1401        140    67.13
      139664      -1401        156    73.89
      153707      -1401        168    81.28
      169187      -1401        190    89.41
      186630      -1401        213    98.36
      205435      -1401        243   108.20
      226050      -1401        270   119.03
      248738      -1401        293   130.94
      273638      -1401        326   144.04
      300538      -1401        364   158.51
      330735      -1401        399   174.38
      363885      -1401        433   191.82
      400518      -1401        476   211.01
      418230      -1401        500   220.34
Time to solution 0.44068s, assuming true minimum is -1401
