N=8
Mode: 1
Seed: 905
Search strategy: 2
Target time to run: 10s
Initialising random weight matrix with 439 working nodes
439 working nodes out of 512
States are -1,1
           1      -1385          1     0.00
           2      -1389          1     0.00
           7      -1401          1     0.00
          80      -1405          1     0.02
         104      -1409          1     0.03
         170      -1413          1     0.05
        9599      -1413         37     5.05
       18570      -1413         72    10.05
       27780      -1413        104    15.05
       36303      -1413        142    20.05
       45912      -1413        176    25.05
       54823      -1413        212    30.05
       63821      -1413        251    35.09
       72697      -1413        278    40.09
       81372      -1413        307    45.13
       91116      -1413        349    50.22
      100213      -1413        383    55.29
      110179      -1413        421    60.89
      121433      -1413        457    66.98
      130591      -1413        500    72.07
Time to solution 0.14414s, assuming true minimum is -1413
