N=8
Mode: 1
Seed: 919
Search strategy: 2
Initialising random weight matrix with 439 working nodes
439 working nodes out of 512
States are -1,1
Weight-choosing mode: 3
Min time to run: 0.5s
Max time to run: 1e+10s
Groundtruth: 1000000000
           1      -1381          1     0.00
          46      -1385          1     0.02
          67      -1389          1     0.02
          72      -1393          1     0.03
          98      -1397          1     0.04
         982      -1401          1     0.45
        9014      -1401         26     5.45
       16918      -1401         40    10.45
       25182      -1401         62    15.45
       33251      -1401         90    20.45
       41377      -1401        116    25.45
       49524      -1401        141    30.45
       57356      -1401        158    35.46
       65519      -1401        184    40.46
       73536      -1401        210    45.46
       81630      -1401        235    50.46
       90122      -1401        260    55.51
       99125      -1401        287    61.07
      108826      -1401        310    67.18
      119987      -1401        339    73.90
      131747      -1401        371    81.29
      144704      -1401        398    89.42
      159222      -1401        436    98.37
      175151      -1401        484   108.21
      180586      -1401        500   111.92
Time to solution 0.22384s, assuming true minimum is -1401
