N=8
Mode: 1
Seed: 923
Search strategy: 2
Target time to run: 10s
Initialising random weight matrix with 439 working nodes
439 working nodes out of 512
States are -1,1
           1      -1397          1     0.00
           4      -1401          1     0.00
           6      -1405          1     0.00
          10      -1413          1     0.00
          18      -1417          1     0.00
          58      -1421          1     0.02
         360      -1425          1     0.20
        8544      -1425         36     5.20
       16637      -1425         70    10.23
       24686      -1425        107    15.32
       32816      -1425        140    20.36
       40942      -1425        181    25.42
       49106      -1425        222    30.42
       57251      -1425        257    35.45
       65499      -1425        296    40.47
       73963      -1425        332    45.48
       82727      -1425        367    50.57
       90968      -1425        409    55.63
      100046      -1425        445    61.20
      109809      -1425        489    67.33
      111904      -1425        500    68.44
Time to solution 0.13688s, assuming true minimum is -1425
