N=8
Mode: 1
Seed: 928
Search strategy: 2
Initialising random weight matrix with 439 working nodes
439 working nodes out of 512
States are -1,1
Weight-choosing mode: 3
Min time to run: 0.5s
Max time to run: 1e+10s
Groundtruth: 1000000000
           1      -1407          1     0.00
           2      -1419          1     0.00
           4      -1431          1     0.00
         159      -1435          1     0.06
        1261      -1439          1     0.67
        9230      -1439         13     5.69
       17247      -1439         30    10.72
       25238      -1439         42    15.74
       33074      -1439         55    20.75
       40823      -1439         65    25.75
       48856      -1439         77    30.80
       56613      -1439         87    35.80
       64183      -1439        100    40.80
       71830      -1439        108    45.88
       79614      -1439        116    50.88
       87292      -1439        128    55.97
       95973      -1439        140    61.57
      105627      -1439        150    67.73
      116288      -1439        164    74.55
      128347      -1439        185    82.01
      141162      -1439        211    90.22
      155002      -1439        226    99.26
      170701      -1439        258   109.19
      187734      -1439        283   120.13
      206322      -1439        310   132.18
      226872      -1439        343   145.44
      249231      -1439        372   159.99
      273903      -1439        398   175.99
      301527      -1439        440   193.62
      332218      -1439        487   212.99
      337488      -1439        500   216.39
Time to solution 0.43278s, assuming true minimum is -1439
