N=8
Mode: 1
Seed: 931
Search strategy: 2
Target time to run: 10s
Initialising random weight matrix with 439 working nodes
439 working nodes out of 512
States are -1,1
           1      -1383          1     0.00
          24      -1387          1     0.01
          43      -1395          1     0.01
         578      -1399          1     0.22
        9065      -1399         26     5.27
       18133      -1399         46    10.27
       27154      -1399         75    15.29
       36409      -1399        100    20.32
       45772      -1399        123    25.32
       54486      -1399        149    30.32
       63359      -1399        173    35.32
       72485      -1399        197    40.32
       81472      -1399        227    45.32
       90270      -1399        249    50.36
       99019      -1399        275    55.41
      108695      -1399        306    60.96
      118757      -1399        334    67.10
      130788      -1399        371    73.81
      143717      -1399        412    81.20
      158275      -1399        459    89.34
      173280      -1399        500    97.80
Time to solution 0.1956s, assuming true minimum is -1399
