N=8
Mode: 1
Seed: 937
Search strategy: 2
Target time to run: 10s
Initialising random weight matrix with 439 working nodes
439 working nodes out of 512
States are -1,1
           1      -1387          1     0.00
           5      -1391          1     0.00
           7      -1395          1     0.00
          27      -1399          1     0.01
          32      -1403          1     0.01
          35      -1407          1     0.01
         152      -1415          1     0.05
        9930      -1415         30     5.09
       19405      -1415         54    10.12
       28884      -1415         73    15.12
       37766      -1415         94    20.12
       46731      -1415        109    25.12
       55940      -1415        129    30.16
       65295      -1415        152    35.18
       74813      -1415        177    40.18
       84060      -1415        196    45.18
       93336      -1415        214    50.18
      102653      -1415        236    55.20
      112656      -1415        259    60.77
      124226      -1415        283    66.85
      136590      -1415        315    73.54
      150569      -1415        345    80.90
      165109      -1415        380    89.00
      182108      -1415        430    97.90
      200197      -1415        475   107.70
      211546      -1415        500   114.18
Time to solution 0.22836s, assuming true minimum is -1415
