N=8
Mode: 1
Seed: 946
Search strategy: 2
Target time to run: 10s
Initialising random weight matrix with 439 working nodes
439 working nodes out of 512
States are -1,1
           1      -1313          1     0.00
           2      -1325          1     0.00
           3      -1337          1     0.00
           6      -1345          1     0.00
         832      -1349          1     0.44
        9260      -1349         25     5.44
       17902      -1349         48    10.45
       26249      -1349         72    15.45
       35146      -1349        104    20.48
       43944      -1349        132    25.48
       52975      -1349        156    30.51
       61868      -1349        179    35.57
       70717      -1349        204    40.57
       79462      -1349        224    45.60
       88535      -1349        239    50.60
       97292      -1349        263    55.67
      106791      -1349        292    61.29
      117343      -1349        320    67.42
      129087      -1349        350    74.19
      141942      -1349        384    81.61
      156590      -1349        425    89.78
      172340      -1349        469    98.76
      183775      -1349        500   104.96
Time to solution 0.20992s, assuming true minimum is -1349
