N=8
Mode: 1
Seed: 95
Search strategy: 2
Target time to run: 10s
Initialising random weight matrix with 439 working nodes
439 working nodes out of 512
States are -1,1
           1      -1319          1     0.00
           3      -1351          1     0.00
          14      -1355          1     0.00
          75      -1359          1     0.02
         150      -1363          1     0.04
       10443      -1363         33     5.04
       20445      -1363         58    10.05
       30025      -1363         86    15.05
       39729      -1363        113    20.05
       49704      -1363        137    25.05
       59312      -1363        159    30.06
       68987      -1363        192    35.06
       79172      -1363        223    40.06
       89166      -1363        257    45.06
       99088      -1363        287    50.06
      109339      -1363        316    55.07
      120269      -1363        345    60.58
      132420      -1363        379    66.64
      145410      -1363        416    73.31
      159836      -1363        456    80.67
      170952      -1363        500    85.97
Time to solution 0.17194s, assuming true minimum is -1363
