N=8
Mode: 1
Seed: 952
Search strategy: 2
Target time to run: 10s
Initialising random weight matrix with 439 working nodes
439 working nodes out of 512
States are -1,1
           1      -1335          1     0.00
           2      -1363          1     0.00
          14      -1371          1     0.00
         286      -1375          1     0.08
        9468      -1375         19     5.12
       19751      -1375         46    10.13
       29738      -1375         67    15.13
       39705      -1375         90    20.14
       49571      -1375        119    25.14
       59216      -1375        145    30.14
       70168      -1375        182    35.16
       79733      -1375        204    40.18
       89421      -1375        231    45.18
       98517      -1375        248    50.18
      107985      -1375        269    55.20
      118766      -1375        295    60.73
      131071      -1375        320    66.81
      144487      -1375        357    73.50
      159301      -1375        404    80.86
      175220      -1375        435    88.96
      192767      -1375        485    97.86
      201387      -1375        500   102.55
Time to solution 0.2051s, assuming true minimum is -1375
