N=8
Mode: 1
Seed: 955
Search strategy: 2
Initialising random weight matrix with 439 working nodes
439 working nodes out of 512
States are -1,1
Weight-choosing mode: 3
Min time to run: 0.5s
Max time to run: 1e+10s
Groundtruth: 1000000000
           1      -1387          1     0.00
           5      -1391          1     0.00
          42      -1395          1     0.01
         129      -1399          1     0.05
         152      -1403          1     0.06
        1346      -1407          1     0.67
        9502      -1407         17     5.67
       17434      -1407         33    10.67
       25537      -1407         51    15.67
       33181      -1407         68    20.67
       40853      -1407         85    25.69
       48828      -1407        100    30.69
       56786      -1407        123    35.69
       64579      -1407        144    40.69
       72659      -1407        159    45.69
       80316      -1407        174    50.69
       88245      -1407        190    55.78
       97473      -1407        213    61.36
      107302      -1407        232    67.50
      118182      -1407        257    74.25
      130362      -1407        284    81.68
      143520      -1407        305    89.88
      157686      -1407        334    98.87
      173276      -1407        365   108.76
      190410      -1407        402   119.64
      209582      -1407        445   131.61
      229382      -1407        500   143.90
Time to solution 0.2878s, assuming true minimum is -1407
