N=8
Mode: 1
Seed: 957
Search strategy: 2
Initialising random weight matrix with 439 working nodes
439 working nodes out of 512
States are -1,1
Weight-choosing mode: 3
Min time to run: 0.5s
Max time to run: 1e+10s
Groundtruth: 1000000000
           1      -1375          1     0.00
           3      -1387          1     0.00
           7      -1403          1     0.00
           9      -1411          1     0.00
          21      -1415          1     0.01
        3243      -1419          1     1.36
       11741      -1419         20     6.36
       20149      -1419         35    11.36
       28271      -1419         47    16.36
       36498      -1419         60    21.39
       45044      -1419         75    26.41
       53409      -1419         92    31.41
       61934      -1419        106    36.46
       70438      -1419        123    41.46
       78624      -1419        135    46.50
       86784      -1419        151    51.50
       95552      -1419        164    56.66
      105235      -1419        186    62.33
      115503      -1419        204    68.57
      126913      -1419        220    75.43
      139265      -1419        235    82.98
      153041      -1419        257    91.28
      168184      -1419        279   100.43
      185275      -1419        307   110.48
      203609      -1419        335   121.53
      223802      -1419        370   133.70
      245935      -1419        395   147.07
      270453      -1419        431   161.78
      296672      -1419        456   177.96
      323457      -1419        500   194.28
Time to solution 0.38856s, assuming true minimum is -1419
