N=8
Mode: 1
Seed: 96
Search strategy: 2
Initialising random weight matrix with 439 working nodes
439 working nodes out of 512
States are -1,1
Weight-choosing mode: 3
Min time to run: 0.5s
Max time to run: 1e+10s
Groundtruth: 1000000000
           1      -1307          1     0.00
           2      -1327          1     0.00
          10      -1331          1     0.00
          13      -1335          1     0.00
          44      -1347          1     0.02
        8441      -1347         24     5.02
       16600      -1347         52    10.02
       24918      -1347         83    15.04
       33134      -1347        102    20.04
       41651      -1347        131    25.04
       50087      -1347        163    30.04
       58201      -1347        189    35.08
       66425      -1347        220    40.08
       74568      -1347        244    45.10
       82996      -1347        268    50.13
       91385      -1347        291    55.16
      100515      -1347        321    60.70
      110165      -1347        350    66.78
      121324      -1347        380    73.46
      133216      -1347        404    80.84
      146486      -1347        436    88.94
      160883      -1347        479    97.87
      167927      -1347        500   102.17
Time to solution 0.20434s, assuming true minimum is -1347
