N=8
Mode: 1
Seed: 965
Search strategy: 2
Target time to run: 10s
Initialising random weight matrix with 439 working nodes
439 working nodes out of 512
States are -1,1
           1      -1345          1     0.00
           2      -1353          1     0.00
           3      -1365          1     0.00
           6      -1377          1     0.00
          36      -1381          1     0.01
          50      -1385          1     0.01
         134      -1389          1     0.04
         166      -1393          1     0.05
        9736      -1393         28     5.08
       18844      -1393         50    10.11
       27831      -1393         69    15.13
       36627      -1393         87    20.14
       45885      -1393        113    25.14
       54955      -1393        132    30.16
       64417      -1393        162    35.18
       73556      -1393        183    40.18
       82525      -1393        209    45.20
       91464      -1393        232    50.20
      100729      -1393        258    55.23
      110868      -1393        286    60.76
      121817      -1393        318    66.84
      133708      -1393        349    73.53
      147116      -1393        374    80.89
      161667      -1393        421    88.99
      177679      -1393        464    97.89
      187922      -1393        500   103.48
Time to solution 0.20696s, assuming true minimum is -1393
