N=8
Mode: 1
Seed: 979
Search strategy: 2
Initialising random weight matrix with 439 working nodes
439 working nodes out of 512
States are -1,1
Weight-choosing mode: 3
Min time to run: 0.5s
Max time to run: 1e+10s
Groundtruth: 1000000000
           1      -1389          1     0.00
          30      -1393          1     0.01
          73      -1397          1     0.03
         205      -1401          1     0.08
        8203      -1401         14     5.08
       16181      -1401         23    10.08
       24386      -1401         42    15.11
       32487      -1401         56    20.15
       40836      -1401         69    25.15
       48603      -1401         80    30.15
       56305      -1401         84    35.17
       64342      -1401         99    40.20
       72530      -1401        107    45.20
       80624      -1401        120    50.20
       88577      -1401        129    55.24
       97682      -1401        147    60.78
      107244      -1401        160    66.87
      117998      -1401        174    73.56
      129904      -1401        185    80.92
      143005      -1401        200    89.02
      157423      -1401        214    97.97
      173816      -1401        241   107.81
      191002      -1401        264   118.60
      210342      -1401        286   130.50
      231600      -1401        314   143.55
      254508      -1401        336   157.91
      280126      -1401        371   173.71
      308345      -1401        407   191.13
      339819      -1401        458   210.25
      373349      -1401        486   231.28
      384929      -1401        500   238.51
Time to solution 0.47702s, assuming true minimum is -1401
