N=8
Mode: 1
Seed: 984
Search strategy: 2
Target time to run: 10s
Initialising random weight matrix with 439 working nodes
439 working nodes out of 512
States are -1,1
           1      -1335          1     0.00
          85      -1339          1     0.02
         227      -1343          1     0.07
         278      -1347          1     0.08
        8995      -1347         11     5.08
       17736      -1347         22    10.08
       26311      -1347         32    15.08
       34941      -1347         47    20.10
       43643      -1347         58    25.10
       52574      -1347         64    30.14
       61448      -1347         75    35.16
       70385      -1347         84    40.16
       79160      -1347         94    45.16
       87808      -1347        106    50.17
       96281      -1347        119    55.21
      106326      -1347        126    60.74
      116882      -1347        138    66.82
      128494      -1347        152    73.52
      141388      -1347        168    80.88
      155586      -1347        182    88.98
      171616      -1347        196    97.94
      189046      -1347        212   107.74
      208318      -1347        234   118.54
      228745      -1347        261   130.40
      251335      -1347        285   143.45
      276739      -1347        310   157.83
      304713      -1347        335   173.63
      335722      -1347        367   191.02
      369357      -1347        404   210.13
      406243      -1347        440   231.20
      448783      -1347        477   254.33
      474712      -1347        500   268.30
Time to solution 0.5366s, assuming true minimum is -1347
