N=8
Mode: 1
Seed: 987
Search strategy: 2
Target time to run: 10s
Initialising random weight matrix with 439 working nodes
439 working nodes out of 512
States are -1,1
           1      -1385          1     0.00
           2      -1393          1     0.00
           4      -1397          1     0.00
           9      -1405          1     0.00
          75      -1409          1     0.02
         399      -1413          1     0.12
       10566      -1413         29     5.18
       21035      -1413         58    10.18
       31912      -1413         92    15.21
       42307      -1413        127    20.21
       52053      -1413        160    25.21
       62507      -1413        191    30.21
       72808      -1413        232    35.21
       82839      -1413        255    40.21
       92726      -1413        283    45.21
      103063      -1413        309    50.23
      113175      -1413        338    55.26
      124632      -1413        362    60.79
      138093      -1413        407    66.87
      152033      -1413        446    73.56
      167338      -1413        498    80.92
      168915      -1413        500    81.67
Time to solution 0.16334s, assuming true minimum is -1413
