N=8
Mode: 1
Seed: 995
Search strategy: 2
Target time to run: 10s
Initialising random weight matrix with 439 working nodes
439 working nodes out of 512
States are -1,1
           1      -1355          1     0.00
           4      -1363          1     0.00
           5      -1371          1     0.00
         296      -1375          1     0.09
       10102      -1375         23     5.14
       20208      -1375         45    10.17
       30566      -1375         77    15.17
       40739      -1375        105    20.21
       50995      -1375        132    25.24
       61218      -1375        160    30.24
       71422      -1375        185    35.24
       81607      -1375        208    40.26
       91545      -1375        233    45.26
      102169      -1375        257    50.26
      112008      -1375        285    55.31
      123070      -1375        321    60.85
      134574      -1375        351    66.95
      147508      -1375        392    73.68
      162693      -1375        427    81.05
      178400      -1375        468    89.16
      189944      -1375        500    95.03
Time to solution 0.19006s, assuming true minimum is -1375
