# Problem number  Optimum         TTS
               1    -1439     880.590
               2    -1401     669.550
               3    -1377    2456.040
               4    -1395     907.950
               5    -1409     811.270
               6    -1355    4350.350
               7    -1379    1532.510
               8    -1381    1379.080
               9    -1401     475.700
              10    -1401     959.380
              11    -1443    1398.560
              12    -1423    2334.070
              13    -1377     688.660
              14    -1437    1140.690
              15    -1415    1295.120
              16    -1397    2762.590
              17    -1423    1153.980
              18    -1387    1361.980
              19    -1361    1731.630
              20    -1379     689.790
              21    -1347    1746.740
              23    -1401     568.200
              25    -1369    1233.230
              30    -1411     920.090
              31    -1367     520.700
              33    -1383    1033.630
              35    -1403    1632.640
              36    -1413     721.610
              37    -1351    1170.440
              41    -1393    1743.890
              42    -1427    1213.650
              45    -1397     654.810
              46    -1407     426.110
              49    -1393     875.410
              50    -1407     946.460
              51    -1427     532.640
              54    -1409     472.540
              57    -1403     590.970
              60    -1395     936.690
              63    -1399    1224.610
              67    -1381    1612.140
              69    -1405     113.540
              71    -1411     526.470
              78    -1371    1358.530
              79    -1417    1276.670
              80    -1403     423.080
              82    -1425     142.670
              84    -1391     924.470
              85    -1379     285.830
              88    -1405     404.110
              89    -1377     298.920
              96    -1347     639.770
              99    -1373    2271.740
             100    -1377    1927.060
             103    -1393    1097.060
             105    -1347    1210.600
             106    -1423    1151.240
             107    -1447     328.860
             108    -1393    1586.770
             111    -1399    1633.180
             113    -1417     658.010
             114    -1451    1622.500
             115    -1395     657.720
             118    -1439     435.740
             119    -1425    1844.830
             121    -1405    1088.050
             124    -1399     502.470
             128    -1429     721.690
             131    -1383    1044.650
             134    -1449     360.350
             135    -1387     851.460
             136    -1415     648.840
             139    -1413    1378.310
             140    -1387    1271.550
             145    -1449    1250.960
             148    -1457     801.700
             149    -1363     816.360
             150    -1401     653.330
             153    -1437     739.950
             190    -1435     246.310
             192    -1433     593.570
             193    -1403    1105.990
             196    -1407    1589.940
             197    -1407    1036.810
             199    -1367    1288.700
             204    -1401     959.710
             208    -1387     914.770
             210    -1387     496.640
             214    -1355     996.870
             215    -1385     807.140
             216    -1391    1979.270
             218    -1429     632.990
             220    -1405     564.340
             221    -1371     307.610
             224    -1411    1004.130
             226    -1417    1118.240
             229    -1341     494.160
             231    -1459     456.170
             232    -1429     319.140
             234    -1365     440.110
             236    -1401     826.470
             237    -1411     439.720
             238    -1413    1503.440
             242    -1387     332.680
             245    -1379     681.190
             249    -1381     345.120
             251    -1355     930.020
             252    -1443    1156.920
