# Problem number  Optimum          TTS
        1            -531     0.000273
        2            -667     0.000421
        3            -608     0.000254
        4            -591     0.000486
        5            -586     0.000241
        6            -649     0.000334
        7            -597     0.001480
        8            -597     0.000572
        9            -585     0.000276
       10            -609     0.000233
       11            -623     0.000243
       12            -602     0.000491
       13            -623     0.003940
       14            -586     0.000229
       15            -575     0.000256
       16            -567     0.000853
       17            -682     0.000274
       18            -612     0.000495
       19            -651     0.000707
       20            -568     0.000315
       21            -505     0.000269
       22            -626     0.000370
       23            -558     0.000296
       24            -594     0.000233
       25            -583     0.000414
       26            -582     0.000263
       27            -591     0.000280
       28            -674     0.000234
       29            -603     0.000434
       30            -618     0.000223
       31            -613     0.000242
       32            -648     0.001100
       33            -602     0.000225
       34            -605     0.000234
       35            -638     0.000242
       36            -603     0.000234
       37            -585     0.000281
       38            -605     0.000250
       39            -611     0.000225
       40            -630     0.000232
       41            -669     0.000309
       42            -612     0.000608
       43            -632     0.000403
       44            -595     0.000358
       45            -586     0.000229
       46            -548     0.000346
       47            -659     0.000373
       48            -609     0.000242
       49            -618     0.000229
       50            -549     0.000724
       51            -606     0.000473
       52            -616     0.003880
       53            -510     0.002280
       54            -680     0.000435
       55            -617     0.000227
       56            -588     0.000370
       57            -574     0.000233
       58            -591     0.000250
       59            -583     0.000279
       60            -639     0.000300
       61            -650     0.000384
       62            -620     0.000236
       63            -637     0.000233
       64            -618     0.000290
       65            -581     0.000435
       66            -613     0.000693
       67            -603     0.000235
       68            -556     0.000283
       69            -613     0.000462
       70            -601     0.001320
       71            -572     0.000257
       72            -609     0.000333
       73            -585     0.001000
       74            -609     0.000241
       75            -607     0.000249
       76            -590     0.000291
       77            -607     0.000266
       78            -591     0.000215
       79            -644     0.000469
       80            -582     0.000259
       81            -574     0.000805
       82            -623     0.000373
       83            -589     0.000355
       84            -552     0.000269
       85            -583     0.000231
       86            -599     0.000382
       87            -581     0.000277
       88            -636     0.000266
       89            -622     0.000254
       90            -592     0.000254
       91            -584     0.000239
       92            -515     0.000556
       93            -564     0.000458
       94            -626     0.000232
       95            -569     0.000524
       96            -575     0.001120
       97            -606     0.000213
       98            -605     0.000226
       99            -570     0.000766
      100            -556     0.000342
      101            -615     0.001400
      102            -650     0.000216
      103            -604     0.000235
      104            -591     0.000243
      105            -548     0.000398
      106            -646     0.000314
      107            -630     0.000223
      108            -625     0.000397
      109            -597     0.000311
      110            -691     0.000257
      111            -566     0.000421
      112            -563     0.000240
      113            -571     0.000620
      114            -620     0.000289
      115            -613     0.000235
      116            -641     0.000235
      117            -565     0.000512
      118            -587     0.000357
      119            -625     0.000470
      120            -536     0.000570
      121            -672     0.000230
      122            -648     0.000248
      123            -596     0.000364
      124            -580     0.000564
      125            -625     0.000230
      126            -573     0.000322
      127            -626     0.000243
      128            -615     0.000327
      129            -598     0.000522
      130            -571     0.000273
      131            -647     0.000218
      132            -618     0.000215
      133            -546     0.000317
      134            -668     0.000249
      135            -629     0.000352
      136            -546     0.001680
      137            -559     0.000253
      138            -590     0.000279
      139            -601     0.000559
      140            -640     0.000319
      141            -577     0.000230
      142            -502     0.001200
      143            -614     0.000466
      144            -604     0.000380
      145            -626     0.000332
      146            -531     0.000476
      147            -599     0.000229
      148            -682     0.000219
      149            -568     0.000296
      150            -635     0.000229
      151            -540     0.000792
      152            -573     0.000268
      153            -593     0.000228
      154            -568     0.000282
      155            -574     0.000220
      156            -607     0.000223
      157            -608     0.000254
      158            -568     0.000242
      159            -598     0.000229
      160            -587     0.000388
      161            -604     0.000876
      162            -614     0.000278
      163            -591     0.000717
      164            -657     0.000229
      165            -596     0.000270
      166            -639     0.000541
      167            -623     0.000615
      168            -649     0.000417
      169            -560     0.000231
      170            -543     0.000562
      171            -574     0.000590
      172            -630     0.000232
      173            -631     0.000809
      174            -561     0.000280
      175            -576     0.000237
      176            -586     0.000294
      177            -616     0.000274
      178            -575     0.000291
      179            -610     0.000274
      180            -580     0.000264
      181            -603     0.000257
      182            -640     0.000599
      183            -557     0.000420
      184            -600     0.000657
      185            -634     0.000611
      186            -589     0.000260
      187            -600     0.000264
      188            -549     0.000277
      189            -592     0.000234
      190            -585     0.000237
      191            -634     0.000231
      192            -654     0.000239
      193            -608     0.000222
      194            -578     0.001160
      195            -555     0.000492
      196            -575     0.000223
      197            -623     0.000617
      198            -570     0.000224
      199            -577     0.000313
      200            -609     0.000382
      201            -610     0.000243
      202            -597     0.000290
      203            -639     0.000216
      204            -638     0.000268
      205            -626     0.000221
      206            -581     0.000399
      207            -595     0.000235
      208            -598     0.000392
      209            -617     0.000320
      210            -585     0.000593
      211            -630     0.000225
      212            -598     0.000436
      213            -618     0.000234
      214            -571     0.000329
      215            -588     0.000390
      216            -540     0.000766
      217            -577     0.000251
      218            -648     0.000294
      219            -558     0.000236
      220            -584     0.000628
      221            -550     0.000310
      222            -669     0.000227
      223            -616     0.000342
      224            -634     0.000498
      225            -655     0.000300
      226            -628     0.000268
      227            -649     0.000527
      228            -644     0.000291
      229            -587     0.001360
      230            -602     0.000229
      231            -562     0.000250
      232            -555     0.000687
      233            -590     0.000259
      234            -632     0.000224
      235            -614     0.000268
      236            -565     0.000244
      237            -577     0.000381
      238            -604     0.000438
      239            -600     0.000623
      240            -573     0.000239
      241            -574     0.000282
      242            -629     0.000231
      243            -577     0.000337
      244            -559     0.000309
      245            -575     0.000307
      246            -569     0.000238
      247            -647     0.000215
      248            -581     0.000242
      249            -535     0.001240
      250            -575     0.000574
      251            -572     0.000650
      252            -571     0.000358
      253            -607     0.000406
      254            -600     0.000292
      255            -606     0.001180
      256            -567     0.000304
      257            -659     0.000226
      258            -628     0.000274
      259            -620     0.000417
      260            -645     0.000306
      261            -492     0.000541
      262            -549     0.000732
      263            -587     0.000455
      264            -691     0.000260
      265            -554     0.002240
      266            -552     0.000495
      267            -662     0.000270
      268            -597     0.000429
      269            -598     0.000347
      270            -593     0.000303
      271            -644     0.000322
      272            -667     0.000233
      273            -580     0.001900
      274            -536     0.000239
      275            -584     0.002920
      276            -668     0.000225
      277            -577     0.000280
      278            -615     0.000249
      279            -585     0.000244
      280            -609     0.000344
      281            -622     0.000316
      282            -605     0.000871
      283            -575     0.000261
      284            -589     0.000285
      285            -620     0.000233
      286            -654     0.000223
      287            -564     0.000255
      288            -562     0.000279
      289            -581     0.000384
      290            -556     0.000263
      291            -586     0.000226
      292            -621     0.000257
      293            -574     0.000252
      294            -550     0.000529
      295            -581     0.000344
      296            -611     0.000409
      297            -605     0.000398
      298            -587     0.000399
      299            -596     0.000275
      300            -563     0.000584
      301            -640     0.000227
      302            -623     0.000226
      303            -589     0.000372
      304            -555     0.000367
      305            -586     0.000230
      306            -638     0.006800
      307            -632     0.000223
      308            -598     0.000451
      309            -535     0.000674
      310            -584     0.000228
      311            -536     0.000291
      312            -570     0.000279
      313            -584     0.000847
      314            -601     0.001240
      315            -649     0.000234
      316            -608     0.000229
      317            -623     0.000273
      318            -599     0.000401
      319            -570     0.000249
      320            -607     0.000786
      321            -562     0.000262
      322            -565     0.001680
      323            -557     0.000356
      324            -577     0.000397
      325            -599     0.000234
      326            -569     0.000252
      327            -634     0.000713
      328            -707     0.001640
      329            -593     0.000222
      330            -582     0.000244
      331            -641     0.000248
      332            -627     0.000353
      333            -606     0.000224
      334            -592     0.000293
      335            -605     0.000548
      336            -596     0.000242
      337            -603     0.000235
      338            -604     0.000428
      339            -625     0.001060
      340            -583     0.000239
      341            -594     0.000228
      342            -579     0.000236
      343            -590     0.000342
      344            -562     0.000251
      345            -588     0.000276
      346            -602     0.000247
      347            -579     0.000220
      348            -562     0.000328
      349            -691     0.000222
      350            -543     0.000259
      351            -633     0.000373
      352            -563     0.000427
      353            -599     0.000301
      354            -532     0.000268
      355            -584     0.000295
      356            -584     0.000457
      357            -558     0.000297
      358            -562     0.000279
      359            -571     0.000963
      360            -553     0.000410
      361            -652     0.000229
      362            -586     0.000228
      363            -549     0.000521
      364            -611     0.000224
      365            -608     0.001080
      366            -550     0.000877
      367            -597     0.000234
      368            -602     0.000248
      369            -570     0.000610
      370            -589     0.001300
      371            -554     0.000345
      372            -696     0.000855
      373            -597     0.000236
      374            -591     0.000236
      375            -617     0.000442
      376            -514     0.000364
      377            -549     0.000326
      378            -603     0.001220
      379            -623     0.000238
      380            -626     0.000256
      381            -565     0.000226
      382            -604     0.000317
      383            -543     0.000235
      384            -583     0.000274
      385            -584     0.000752
      386            -597     0.000231
      387            -614     0.000243
      388            -559     0.000299
      389            -608     0.000244
      390            -660     0.000249
      391            -546     0.000251
      392            -593     0.000226
      393            -613     0.000530
      394            -571     0.000590
      395            -651     0.000218
      396            -622     0.000328
      397            -561     0.000287
      398            -619     0.000243
      399            -592     0.000230
      400            -566     0.000453
      401            -599     0.000602
      402            -588     0.000225
      403            -630     0.000242
      404            -615     0.000239
      405            -603     0.000216
      406            -637     0.000247
      407            -628     0.000236
      408            -614     0.000229
      409            -622     0.000509
      410            -598     0.000612
      411            -640     0.000327
      412            -616     0.000247
      413            -569     0.000263
      414            -590     0.001360
      415            -546     0.000330
      416            -590     0.000245
      417            -560     0.000259
      418            -593     0.000319
      419            -604     0.000526
      420            -584     0.000380
      421            -616     0.000268
      422            -601     0.000289
      423            -603     0.000222
      424            -603     0.000278
      425            -558     0.005080
      426            -561     0.000274
      427            -607     0.000263
      428            -627     0.000234
      429            -549     0.000225
      430            -565     0.000419
      431            -546     0.000243
      432            -610     0.001440
      433            -625     0.000316
      434            -679     0.000252
      435            -599     0.000330
      436            -595     0.000265
      437            -595     0.000717
      438            -584     0.000395
      439            -593     0.000247
      440            -572     0.000377
      441            -574     0.000213
      442            -585     0.002160
      443            -588     0.000485
      444            -599     0.000254
      445            -601     0.000784
      446            -589     0.000262
      447            -609     0.000229
      448            -653     0.000243
      449            -563     0.000224
      450            -626     0.000253
      451            -622     0.000419
      452            -625     0.001180
      453            -569     0.000229
      454            -618     0.000240
      455            -614     0.000216
      456            -605     0.000292
      457            -614     0.000620
      458            -637     0.000233
      459            -651     0.000482
      460            -580     0.000262
      461            -652     0.000245
      462            -598     0.000247
      463            -587     0.000311
      464            -623     0.000302
      465            -563     0.000295
      466            -619     0.000367
      467            -622     0.000360
      468            -626     0.000260
      469            -573     0.000290
      470            -575     0.000279
      471            -625     0.000244
      472            -600     0.000888
      473            -603     0.000252
      474            -620     0.000233
      475            -573     0.000861
      476            -603     0.000698
      477            -576     0.000283
      478            -654     0.000231
      479            -621     0.000378
      480            -592     0.000235
      481            -578     0.000369
      482            -629     0.000277
      483            -671     0.000232
      484            -628     0.000309
      485            -533     0.000403
      486            -611     0.000238
      487            -599     0.000259
      488            -603     0.000711
      489            -586     0.000227
      490            -638     0.000336
      491            -648     0.000355
      492            -598     0.000250
      493            -597     0.000284
      494            -607     0.000228
      495            -598     0.000364
      496            -606     0.000303
      497            -593     0.000258
      498            -616     0.000281
      499            -641     0.000234
      500            -621     0.000224
      501            -601     0.000301
      502            -624     0.000378
      503            -637     0.000231
      504            -625     0.000246
      505            -525     0.000553
      506            -606     0.000240
      507            -559     0.000376
      508            -604     0.000224
      509            -606     0.000284
      510            -572     0.000952
      511            -588     0.000254
      512            -587     0.000292
      513            -672     0.000259
      514            -625     0.000235
      515            -577     0.000336
      516            -578     0.000239
      517            -633     0.000243
      518            -638     0.000278
      519            -559     0.000296
      520            -554     0.000253
      521            -610     0.000401
      522            -573     0.000240
      523            -561     0.000276
      524            -575     0.000572
      525            -608     0.001160
      526            -612     0.000265
      527            -585     0.000374
      528            -600     0.000228
      529            -555     0.000491
      530            -611     0.000357
      531            -596     0.000352
      532            -599     0.000537
      533            -582     0.000230
      534            -600     0.000256
      535            -586     0.000617
      536            -536     0.000294
      537            -555     0.000233
      538            -615     0.000226
      539            -563     0.000267
      540            -632     0.000275
      541            -604     0.000299
      542            -656     0.000329
      543            -595     0.000245
      544            -591     0.000229
      545            -605     0.000227
      546            -618     0.000520
      547            -683     0.000231
      548            -647     0.000328
      549            -557     0.000247
      550            -628     0.000487
      551            -625     0.000235
      552            -577     0.000239
      553            -619     0.000275
      554            -670     0.000220
      555            -612     0.000226
      556            -603     0.000266
      557            -565     0.000789
      558            -579     0.000588
      559            -643     0.000224
      560            -558     0.000317
      561            -582     0.000229
      562            -594     0.000489
      563            -581     0.000215
      564            -691     0.000211
      565            -560     0.000230
      566            -545     0.000258
      567            -605     0.000354
      568            -608     0.000508
      569            -635     0.000229
      570            -622     0.000232
      571            -591     0.000339
      572            -623     0.000566
      573            -600     0.000297
      574            -667     0.000265
      575            -691     0.000314
      576            -637     0.000226
      577            -589     0.000237
      578            -560     0.000254
      579            -650     0.000253
      580            -609     0.000316
      581            -551     0.000343
      582            -628     0.000230
      583            -614     0.000454
      584            -627     0.000909
      585            -611     0.000221
      586            -612     0.000305
      587            -527     0.000342
      588            -628     0.000254
      589            -662     0.000259
      590            -596     0.000249
      591            -628     0.000307
      592            -663     0.000539
      593            -588     0.000403
      594            -682     0.000246
      595            -590     0.000921
      596            -550     0.000323
      597            -651     0.000586
      598            -589     0.000388
      599            -565     0.000751
      600            -613     0.000448
      601            -610     0.000217
      602            -612     0.000251
      603            -588     0.000509
      604            -616     0.000485
      605            -569     0.000938
      606            -600     0.000234
      607            -623     0.000235
      608            -611     0.000243
      609            -575     0.000593
      610            -594     0.000587
      611            -619     0.000383
      612            -567     0.000347
      613            -648     0.000223
      614            -584     0.000649
      615            -610     0.000268
      616            -596     0.001260
      617            -614     0.000236
      618            -602     0.000713
      619            -621     0.000231
      620            -607     0.000227
      621            -617     0.000229
      622            -624     0.000365
      623            -637     0.000362
      624            -586     0.000800
      625            -608     0.000289
      626            -571     0.001200
      627            -555     0.000475
      628            -529     0.000342
      629            -575     0.000230
      630            -600     0.000313
      631            -565     0.000328
      632            -595     0.001040
      633            -541     0.000455
      634            -564     0.000395
      635            -578     0.000248
      636            -627     0.000230
      637            -593     0.000293
      638            -584     0.000236
      639            -640     0.000239
      640            -575     0.000237
      641            -619     0.000367
      642            -604     0.000739
      643            -617     0.000230
      644            -541     0.000244
      645            -622     0.002180
      646            -574     0.000441
      647            -601     0.000236
      648            -538     0.000268
      649            -665     0.000293
      650            -602     0.000379
      651            -599     0.000251
      652            -599     0.000214
      653            -654     0.000734
      654            -615     0.000490
      655            -594     0.000671
      656            -515     0.000672
      657            -582     0.000261
      658            -673     0.000213
      659            -605     0.000219
      660            -544     0.000418
      661            -596     0.000687
      662            -591     0.000423
      663            -646     0.000227
      664            -581     0.000226
      665            -613     0.000216
      666            -617     0.000512
      667            -614     0.000455
      668            -648     0.000337
      669            -564     0.001060
      670            -621     0.000217
      671            -630     0.000240
      672            -558     0.000263
      673            -590     0.000214
      674            -630     0.000227
      675            -571     0.000220
      676            -690     0.000240
      677            -526     0.000833
      678            -611     0.000244
      679            -642     0.000258
      680            -684     0.000239
      681            -587     0.000530
      682            -567     0.000401
      683            -625     0.000224
      684            -628     0.000240
      685            -607     0.000247
      686            -672     0.000369
      687            -564     0.000596
      688            -664     0.000479
      689            -573     0.000484
      690            -577     0.000484
      691            -552     0.000257
      692            -657     0.000828
      693            -624     0.000292
      694            -644     0.000241
      695            -597     0.001500
      696            -572     0.000233
      697            -592     0.000364
      698            -658     0.000214
      699            -554     0.000265
      700            -625     0.000231
      701            -605     0.000289
      702            -582     0.000766
      703            -573     0.000906
      704            -628     0.000269
      705            -581     0.000283
      706            -596     0.000326
      707            -629     0.000269
      708            -554     0.000444
      709            -563     0.000258
      710            -583     0.000261
      711            -594     0.000436
      712            -565     0.000960
      713            -610     0.000315
      714            -647     0.000216
      715            -584     0.000291
      716            -622     0.000779
      717            -541     0.000292
      718            -565     0.000247
      719            -570     0.000272
      720            -616     0.000334
      721            -590     0.000288
      722            -633     0.000232
      723            -575     0.000393
      724            -577     0.000265
      725            -558     0.000366
      726            -532     0.000335
      727            -610     0.000238
      728            -597     0.000213
      729            -601     0.000238
      730            -552     0.000465
      731            -565     0.000978
      732            -615     0.000288
      733            -656     0.000233
      734            -617     0.000257
      735            -620     0.000336
      736            -639     0.000261
      737            -650     0.000912
      738            -611     0.000389
      739            -665     0.000273
      740            -596     0.000351
      741            -637     0.000579
      742            -589     0.000241
      743            -549     0.000237
      744            -587     0.000437
      745            -596     0.000231
      746            -632     0.000221
      747            -600     0.000235
      748            -553     0.000241
      749            -641     0.000270
      750            -632     0.000279
      751            -593     0.000327
      752            -673     0.000419
      753            -577     0.000229
      754            -600     0.000485
      755            -504     0.000254
      756            -613     0.000241
      757            -633     0.000447
      758            -577     0.000255
      759            -545     0.000629
      760            -564     0.000371
      761            -557     0.003520
      762            -568     0.000263
      763            -586     0.000668
      764            -641     0.000409
      765            -618     0.000707
      766            -639     0.000257
      767            -554     0.000571
      768            -641     0.000260
      769            -574     0.000697
      770            -533     0.000394
      771            -612     0.000225
      772            -518     0.000546
      773            -592     0.000288
      774            -633     0.000224
      775            -640     0.000358
      776            -578     0.000230
      777            -684     0.001120
      778            -665     0.000222
      779            -632     0.000238
      780            -626     0.000221
      781            -597     0.000219
      782            -614     0.000218
      783            -556     0.000228
      784            -579     0.000243
      785            -644     0.000237
      786            -597     0.000258
      787            -593     0.000283
      788            -572     0.000228
      789            -594     0.000293
      790            -569     0.000454
      791            -605     0.000235
      792            -608     0.000490
      793            -615     0.000239
      794            -548     0.000933
      795            -685     0.000375
      796            -634     0.000247
      797            -606     0.000480
      798            -652     0.000703
      799            -660     0.000291
      800            -648     0.000359
      801            -600     0.000300
      802            -608     0.000434
      803            -571     0.000322
      804            -624     0.000725
      805            -601     0.000225
      806            -585     0.000327
      807            -595     0.000654
      808            -631     0.000671
      809            -585     0.000936
      810            -663     0.000230
      811            -608     0.000232
      812            -602     0.000373
      813            -607     0.000231
      814            -562     0.000367
      815            -575     0.000243
      816            -564     0.000715
      817            -623     0.000519
      818            -613     0.000363
      819            -611     0.000277
      820            -576     0.000218
      821            -579     0.000339
      822            -557     0.000231
      823            -585     0.000256
      824            -647     0.000336
      825            -620     0.000394
      826            -592     0.000278
      827            -625     0.000263
      828            -622     0.000336
      829            -555     0.000410
      830            -595     0.000296
      831            -572     0.000373
      832            -537     0.000257
      833            -562     0.000360
      834            -598     0.000543
      835            -603     0.000251
      836            -649     0.000257
      837            -663     0.000234
      838            -652     0.000348
      839            -563     0.000250
      840            -639     0.000258
      841            -588     0.000330
      842            -626     0.000800
      843            -603     0.000329
      844            -611     0.000224
      845            -606     0.000237
      846            -624     0.000222
      847            -655     0.000228
      848            -642     0.000256
      849            -660     0.000475
      850            -622     0.000240
      851            -580     0.000220
      852            -575     0.000239
      853            -605     0.000306
      854            -583     0.000238
      855            -603     0.000223
      856            -596     0.000256
      857            -607     0.000243
      858            -605     0.000294
      859            -555     0.000332
      860            -554     0.000233
      861            -573     0.000232
      862            -610     0.000241
      863            -595     0.000380
      864            -582     0.000261
      865            -596     0.000615
      866            -613     0.000235
      867            -591     0.000247
      868            -643     0.000279
      869            -605     0.000695
      870            -591     0.000250
      871            -624     0.000243
      872            -580     0.000433
      873            -637     0.000275
      874            -603     0.000282
      875            -577     0.000357
      876            -543     0.000750
      877            -576     0.000225
      878            -611     0.000237
      879            -555     0.000290
      880            -625     0.000786
      881            -575     0.000627
      882            -599     0.000226
      883            -663     0.000341
      884            -580     0.000407
      885            -612     0.000707
      886            -628     0.000426
      887            -627     0.000297
      888            -623     0.000594
      889            -582     0.000300
      890            -615     0.000250
      891            -532     0.000221
      892            -564     0.000230
      893            -625     0.000234
      894            -586     0.000456
      895            -627     0.000208
      896            -588     0.001560
      897            -536     0.000226
      898            -618     0.000556
      899            -653     0.000271
      900            -582     0.000316
      901            -596     0.000254
      902            -542     0.000219
      903            -569     0.000242
      904            -615     0.000300
      905            -600     0.000240
      906            -640     0.000254
      907            -588     0.000320
      908            -573     0.000364
      909            -624     0.001540
      910            -576     0.000271
      911            -628     0.000212
      912            -653     0.000551
      913            -565     0.000528
      914            -588     0.000347
      915            -591     0.000277
      916            -568     0.004860
      917            -614     0.000362
      918            -533     0.000340
      919            -609     0.000743
      920            -555     0.000613
      921            -590     0.000392
      922            -617     0.000687
      923            -562     0.000645
      924            -629     0.000557
      925            -609     0.000237
      926            -580     0.000305
      927            -601     0.000628
      928            -664     0.000227
      929            -625     0.000580
      930            -698     0.000247
      931            -651     0.000268
      932            -646     0.000252
      933            -614     0.000228
      934            -614     0.000665
      935            -573     0.000508
      936            -547     0.000384
      937            -578     0.000323
      938            -636     0.000223
      939            -646     0.000296
      940            -600     0.000368
      941            -608     0.000227
      942            -621     0.000227
      943            -559     0.000307
      944            -545     0.000252
      945            -599     0.000218
      946            -615     0.000327
      947            -633     0.000340
      948            -595     0.000246
      949            -666     0.000266
      950            -618     0.000754
      951            -576     0.001880
      952            -628     0.000222
      953            -594     0.000258
      954            -657     0.000220
      955            -597     0.000592
      956            -549     0.000609
      957            -588     0.000428
      958            -608     0.000273
      959            -590     0.001440
      960            -640     0.000415
      961            -627     0.000444
      962            -570     0.000252
      963            -619     0.000266
      964            -581     0.000244
      965            -630     0.000421
      966            -616     0.000322
      967            -557     0.000231
      968            -662     0.000222
      969            -551     0.000262
      970            -566     0.000536
      971            -643     0.000233
      972            -577     0.000528
      973            -595     0.000605
      974            -581     0.000238
      975            -574     0.000257
      976            -604     0.000259
      977            -587     0.000550
      978            -614     0.000301
      979            -607     0.000388
      980            -596     0.000227
      981            -691     0.000244
      982            -621     0.000457
      983            -616     0.000238
      984            -540     0.000592
      985            -607     0.000313
      986            -603     0.000319
      987            -606     0.000235
      988            -570     0.000404
      989            -566     0.000258
      990            -603     0.000297
      991            -593     0.000550
      992            -620     0.000271
      993            -609     0.000226
      994            -644     0.001600
      995            -562     0.000552
      996            -596     0.000398
      997            -582     0.000310
      998            -646     0.000281
      999            -599     0.000341
     1000            -609     0.000247
