N=8
Mode: 1
Seed: 123
Search strategy: 1
Initialising random weight matrix with 439 working nodes
439 working nodes out of 512
States are -1,1
Weight-choosing mode: 3
Min time to run: 0.5s
Max time to run: 1e+10s
Groundtruth: 1000000000
           1      -1383          1     0.00
           3      -1387          1     0.00
           5      -1395          1     0.00
          25      -1399          1     0.01
         133      -1403          1     0.05
       12773      -1403         19     5.05
       25375      -1403         34    10.05
       37990      -1403         59    15.05
       50627      -1403         75    20.05
       63260      -1403         95    25.05
       75858      -1403        118    30.05
       88479      -1403        143    35.05
      101091      -1403        167    40.05
      113723      -1403        191    45.05
      126374      -1403        214    50.05
      138972      -1403        237    55.06
      152882      -1403        263    60.57
      168135      -1403        297    66.63
      184907      -1403        329    73.30
      203370      -1403        352    80.64
      223661      -1403        386    88.71
      246066      -1403        435    97.59
      270658      -1403        469   107.35
      292157      -1403        500   115.86
Time to solution 0.23172s, assuming true minimum is -1403
