N=8
Mode: 1
Seed: 136
Search strategy: 1
Initialising random weight matrix with 439 working nodes
439 working nodes out of 512
States are -1,1
Weight-choosing mode: 3
Min time to run: 0.5s
Max time to run: 1e+10s
Groundtruth: 1000000000
           1      -1391          1     0.00
           4      -1395          1     0.00
           7      -1403          1     0.00
          12      -1407          1     0.00
         122      -1411          1     0.04
         828      -1415          1     0.32
       13691      -1415         27     5.32
       26566      -1415         52    10.32
       39450      -1415         80    15.32
       52329      -1415        103    20.32
       65210      -1415        126    25.32
       78054      -1415        163    30.32
       90930      -1415        186    35.32
      103822      -1415        212    40.32
      116705      -1415        229    45.32
      129524      -1415        251    50.32
      142518      -1415        278    55.36
      156782      -1415        301    60.90
      172486      -1415        335    67.00
      189677      -1415        359    73.70
      208617      -1415        402    81.08
      229476      -1415        462    89.19
      252396      -1415        495    98.11
      256464      -1415        500    99.69
Time to solution 0.19938s, assuming true minimum is -1415
