N=8
Mode: 1
Seed: 149
Search strategy: 1
Initialising random weight matrix with 439 working nodes
439 working nodes out of 512
States are -1,1
Weight-choosing mode: 3
Min time to run: 0.5s
Max time to run: 1e+10s
Groundtruth: 1000000000
           1      -1335          1     0.00
           3      -1343          1     0.00
          13      -1347          1     0.00
          23      -1351          1     0.01
          59      -1363          1     0.02
       12677      -1363         19     5.02
       25341      -1363         39    10.02
       38013      -1363         63    15.02
       50665      -1363         87    20.02
       63292      -1363        100    25.02
       75927      -1363        131    30.02
       88553      -1363        160    35.02
      101156      -1363        176    40.02
      113819      -1363        203    45.02
      126487      -1363        230    50.02
      139179      -1363        259    55.03
      153134      -1363        282    60.54
      168418      -1363        300    66.60
      185278      -1363        336    73.26
      203737      -1363        373    80.59
      224125      -1363        416    88.65
      246529      -1363        458    97.52
      269507      -1363        500   106.61
Time to solution 0.21322s, assuming true minimum is -1363
