N=8
Mode: 1
Seed: 16
Search strategy: 1
Initialising random weight matrix with 439 working nodes
439 working nodes out of 512
States are -1,1
Weight-choosing mode: 3
Min time to run: 0.5s
Max time to run: 1e+10s
Groundtruth: 1000000000
           1      -1373          1     0.00
           2      -1377          1     0.00
           4      -1381          1     0.00
          10      -1385          1     0.00
          15      -1389          1     0.00
          69      -1393          1     0.02
         136      -1397          1     0.05
       12099      -1397          7     5.05
       23987      -1397         20    10.05
       35916      -1397         35    15.05
       47868      -1397         49    20.05
       59769      -1397         68    25.05
       71710      -1397         80    30.05
       83638      -1397         93    35.05
       95575      -1397        102    40.05
      107473      -1397        119    45.05
      119383      -1397        129    50.05
      131336      -1397        150    55.06
      144428      -1397        168    60.57
      158855      -1397        183    66.63
      174768      -1397        206    73.30
      192264      -1397        227    80.64
      211594      -1397        258    88.71
      232837      -1397        279    97.59
      256167      -1397        306   107.35
      281843      -1397        346   118.09
      310049      -1397        382   129.90
      341126      -1397        414   142.90
      375326      -1397        461   157.20
      408202      -1397        500   170.98
Time to solution 0.34196s, assuming true minimum is -1397
