N=8
Mode: 1
Seed: 164
Search strategy: 1
Initialising random weight matrix with 439 working nodes
439 working nodes out of 512
States are -1,1
Weight-choosing mode: 3
Min time to run: 0.5s
Max time to run: 1e+10s
Groundtruth: 1000000000
           1      -1389          1     0.00
           5      -1397          1     0.00
          21      -1401          1     0.01
         741      -1405          1     0.28
       13160      -1405         10     5.28
       25593      -1405         20    10.29
       38013      -1405         33    15.29
       50438      -1405         43    20.29
       62849      -1405         54    25.29
       75278      -1405         64    30.29
       87737      -1405         80    35.29
      100180      -1405         89    40.29
      112567      -1405        102    45.29
      125015      -1405        121    50.29
      137540      -1405        128    55.32
      151315      -1405        144    60.86
      166445      -1405        158    66.95
      183121      -1405        169    73.65
      201435      -1405        182    81.02
      221636      -1405        200    89.13
      243772      -1405        221    98.05
      268204      -1405        254   107.86
      295051      -1405        279   118.65
      324599      -1405        312   130.52
      357102      -1405        341   143.58
      392777      -1405        374   157.94
      432053      -1405        419   173.74
      475306      -1405        465   191.12
      512546      -1405        500   206.08
Time to solution 0.41216s, assuming true minimum is -1405
