N=8
Mode: 1
Seed: 20
Search strategy: 1
Initialising random weight matrix with 439 working nodes
439 working nodes out of 512
States are -1,1
Weight-choosing mode: 3
Min time to run: 0.5s
Max time to run: 1e+10s
Groundtruth: 1000000000
           1      -1359          1     0.00
           8      -1367          1     0.00
          17      -1371          1     0.00
          69      -1375          1     0.02
         501      -1379          1     0.20
       13281      -1379          7     5.20
       26108      -1379         13    10.20
       38851      -1379         17    15.20
       51599      -1379         24    20.20
       64424      -1379         31    25.20
       77174      -1379         43    30.20
       89942      -1379         49    35.20
      102719      -1379         53    40.20
      115542      -1379         65    45.20
      128354      -1379         72    50.20
      141186      -1379         87    55.23
      155248      -1379        103    60.76
      170810      -1379        115    66.84
      187864      -1379        126    73.53
      206701      -1379        139    80.89
      227433      -1379        158    88.98
      250164      -1379        174    97.88
      275174      -1379        189   107.67
      302814      -1379        207   118.44
      333153      -1379        230   130.29
      366549      -1379        260   143.32
      403235      -1379        285   157.66
      443572      -1379        322   173.43
      487967      -1379        361   190.78
      536771      -1379        405   209.86
      590462      -1379        441   230.85
      649517      -1379        482   253.94
      680118      -1379        500   265.90
Time to solution 0.5318s, assuming true minimum is -1379
