N=8
Mode: 1
Seed: 22
Search strategy: 1
Initialising random weight matrix with 439 working nodes
439 working nodes out of 512
States are -1,1
Weight-choosing mode: 3
Min time to run: 0.5s
Max time to run: 1e+10s
Groundtruth: 1000000000
           1      -1411          1     0.00
          11      -1415          1     0.00
          20      -1419          1     0.01
          22      -1423          1     0.01
          24      -1427          1     0.01
         167      -1431          1     0.07
        1491      -1435          1     0.60
       13828      -1435         24     5.60
       26175      -1435         45    10.60
       38495      -1435         70    15.60
       50831      -1435        103    20.60
       63186      -1435        127    25.60
       75510      -1435        154    30.60
       87891      -1435        177    35.60
      100259      -1435        203    40.60
      112566      -1435        231    45.60
      124862      -1435        260    50.60
      137347      -1435        283    55.67
      151103      -1435        318    61.24
      166230      -1435        350    67.37
      182881      -1435        377    74.11
      201191      -1435        417    81.53
      221376      -1435        462    89.69
      240803      -1435        500    97.55
Time to solution 0.1951s, assuming true minimum is -1435
