N=8
Mode: 1
Seed: 241
Search strategy: 1
Initialising random weight matrix with 439 working nodes
439 working nodes out of 512
States are -1,1
Weight-choosing mode: 3
Min time to run: 0.5s
Max time to run: 1e+10s
Groundtruth: 1000000000
           1      -1383          1     0.00
           2      -1399          1     0.00
           4      -1403          1     0.00
          11      -1411          1     0.00
        2326      -1415          1     0.88
       15510      -1415         13     5.88
       28723      -1415         24    10.88
       41823      -1415         28    15.88
       55036      -1415         39    20.89
       68207      -1415         50    25.89
       81415      -1415         59    30.89
       94560      -1415         71    35.89
      107818      -1415         80    40.89
      120971      -1415         86    45.89
      134125      -1415         92    50.89
      147534      -1415        100    55.98
      162178      -1415        110    61.58
      178347      -1415        120    67.74
      196284      -1415        134    74.52
      215963      -1415        146    81.98
      237569      -1415        153    90.18
      261315      -1415        170    99.20
      287500      -1415        193   109.13
      316247      -1415        212   120.05
      347927      -1415        231   132.06
      382339      -1415        255   145.27
      420636      -1415        277   159.80
      462642      -1415        302   175.79
      508803      -1415        338   193.37
      559784      -1415        377   212.71
      615072      -1415        417   233.99
      676185      -1415        460   257.39
      743520      -1415        500   282.88
Time to solution 0.56576s, assuming true minimum is -1415
