N=8
Mode: 1
Seed: 242
Search strategy: 1
Initialising random weight matrix with 439 working nodes
439 working nodes out of 512
States are -1,1
Weight-choosing mode: 3
Min time to run: 0.5s
Max time to run: 1e+10s
Groundtruth: 1000000000
           1      -1355          1     0.00
           2      -1359          1     0.00
           3      -1383          1     0.00
        1395      -1387          1     0.57
       13641      -1387         14     5.57
       25863      -1387         30    10.57
       38092      -1387         38    15.57
       50186      -1387         46    20.57
       62419      -1387         67    25.57
       74659      -1387         85    30.57
       86911      -1387         91    35.57
       99133      -1387        105    40.57
      111331      -1387        112    45.57
      123575      -1387        125    50.57
      135944      -1387        132    55.63
      149559      -1387        150    61.20
      164514      -1387        160    67.33
      180966      -1387        179    74.07
      199061      -1387        197    81.48
      218998      -1387        215    89.63
      240914      -1387        238    98.60
      265123      -1387        268   108.47
      291606      -1387        293   119.32
      320752      -1387        323   131.26
      352858      -1387        348   144.39
      388241      -1387        378   158.83
      426918      -1387        425   174.72
      469636      -1387        463   192.20
      501309      -1387        500   205.14
Time to solution 0.41028s, assuming true minimum is -1387
