N=8
Mode: 1
Seed: 273
Search strategy: 1
Initialising random weight matrix with 439 working nodes
439 working nodes out of 512
States are -1,1
Weight-choosing mode: 3
Min time to run: 0.5s
Max time to run: 1e+10s
Groundtruth: 1000000000
           1      -1353          1     0.00
           2      -1373          1     0.00
           5      -1381          1     0.00
           7      -1393          1     0.00
          85      -1397          1     0.03
        2837      -1401          1     1.14
       15101      -1401         10     6.14
       27346      -1401         16    11.14
       39588      -1401         26    16.14
       51835      -1401         37    21.14
       64110      -1401         48    26.14
       76353      -1401         57    31.14
       88597      -1401         67    36.14
      100842      -1401         77    41.14
      113105      -1401         87    46.14
      125329      -1401        106    51.14
      137864      -1401        114    56.26
      151673      -1401        126    61.89
      166843      -1401        135    68.08
      183561      -1401        150    74.89
      201930      -1401        168    82.38
      222124      -1401        188    90.62
      244335      -1401        217    99.69
      268614      -1401        245   109.66
      295458      -1401        266   120.63
      325063      -1401        295   132.70
      357626      -1401        323   145.97
      393356      -1401        360   160.57
      432670      -1401        391   176.63
      475958      -1401        426   194.30
      523521      -1401        466   213.74
      570147      -1401        500   232.73
Time to solution 0.46546s, assuming true minimum is -1401
