N=8
Mode: 1
Seed: 28
Search strategy: 1
Initialising random weight matrix with 439 working nodes
439 working nodes out of 512
States are -1,1
Weight-choosing mode: 3
Min time to run: 0.5s
Max time to run: 1e+10s
Groundtruth: 1000000000
           1      -1335          1     0.00
           2      -1355          1     0.00
          42      -1363          1     0.02
        1654      -1367          1     0.68
       13805      -1367          4     5.68
       26024      -1367          8    10.68
       38238      -1367         12    15.68
       50420      -1367         25    20.68
       62608      -1367         32    25.68
       74775      -1367         37    30.68
       86996      -1367         45    35.68
       99253      -1367         51    40.68
      111507      -1367         57    45.68
      123711      -1367         62    50.68
      136100      -1367         67    55.75
      149710      -1367         74    61.33
      164675      -1367         82    67.47
      181169      -1367         92    74.22
      199199      -1367        100    81.65
      219091      -1367        108    89.82
      240953      -1367        118    98.81
      265030      -1367        130   108.70
      291495      -1367        141   119.58
      320673      -1367        151   131.54
      352739      -1367        165   144.70
      387978      -1367        179   159.17
      426696      -1367        200   175.09
      469390      -1367        226   192.60
      516315      -1367        246   211.86
      567971      -1367        258   233.05
      624816      -1367        276   256.36
      687334      -1367        312   282.00
      756077      -1367        342   310.21
      831743      -1367        384   341.24
      914820      -1367        423   375.37
     1006398      -1367        470   412.91
     1090340      -1367        500   447.40
Time to solution 0.8948s, assuming true minimum is -1367
