N=8
Mode: 1
Seed: 303
Search strategy: 1
Initialising random weight matrix with 439 working nodes
439 working nodes out of 512
States are -1,1
Weight-choosing mode: 3
Min time to run: 0.5s
Max time to run: 1e+10s
Groundtruth: 1000000000
           1      -1351          1     0.00
           6      -1355          1     0.00
           7      -1363          1     0.00
          10      -1375          1     0.00
          42      -1379          1     0.02
         477      -1383          1     0.20
       12716      -1383         25     5.20
       24957      -1383         53    10.20
       37223      -1383         83    15.20
       49471      -1383        113    20.20
       61714      -1383        136    25.20
       73897      -1383        159    30.20
       86164      -1383        179    35.20
       98400      -1383        207    40.20
      110568      -1383        239    45.20
      122787      -1383        257    50.20
      135073      -1383        292    55.23
      148628      -1383        316    60.76
      163514      -1383        348    66.84
      179913      -1383        385    73.53
      197938      -1383        435    80.89
      217710      -1383        475    88.98
      228542      -1383        500    93.42
Time to solution 0.18684s, assuming true minimum is -1383
