N=8
Mode: 1
Seed: 308
Search strategy: 1
Initialising random weight matrix with 439 working nodes
439 working nodes out of 512
States are -1,1
Weight-choosing mode: 3
Min time to run: 0.5s
Max time to run: 1e+10s
Groundtruth: 1000000000
           1      -1365          1     0.00
           3      -1381          1     0.00
           6      -1385          1     0.00
           7      -1389          1     0.00
          46      -1393          1     0.02
         214      -1397          1     0.09
       12280      -1397         24     5.09
       24346      -1397         45    10.09
       36446      -1397         73    15.09
       48537      -1397        101    20.09
       60610      -1397        133    25.09
       72726      -1397        175    30.09
       84746      -1397        194    35.09
       96816      -1397        214    40.09
      108909      -1397        238    45.09
      120978      -1397        264    50.09
      133080      -1397        288    55.10
      146413      -1397        320    60.62
      161118      -1397        357    66.69
      177193      -1397        396    73.36
      194924      -1397        431    80.70
      214514      -1397        475    88.78
      226465      -1397        500    93.72
Time to solution 0.18744s, assuming true minimum is -1397
