N=8
Mode: 1
Seed: 338
Search strategy: 1
Initialising random weight matrix with 439 working nodes
439 working nodes out of 512
States are -1,1
Weight-choosing mode: 3
Min time to run: 0.5s
Max time to run: 1e+10s
Groundtruth: 1000000000
           1      -1399          1     0.00
         213      -1403          1     0.08
       12818      -1403          5     5.08
       25476      -1403         16    10.08
       38138      -1403         21    15.08
       50798      -1403         30    20.08
       63418      -1403         41    25.08
       76022      -1403         48    30.08
       88620      -1403         54    35.08
      101276      -1403         61    40.08
      113895      -1403         69    45.08
      126461      -1403         74    50.08
      139096      -1403         82    55.09
      152954      -1403         92    60.60
      168269      -1403        100    66.67
      185086      -1403        113    73.34
      203621      -1403        132    80.68
      223973      -1403        146    88.75
      246424      -1403        159    97.63
      271103      -1403        171   107.40
      298229      -1403        182   118.15
      328117      -1403        194   129.97
      360869      -1403        210   142.97
      396998      -1403        231   157.27
      436676      -1403        263   173.00
      480244      -1403        285   190.30
      528311      -1403        322   209.34
      581198      -1403        359   230.28
      639372      -1403        389   253.31
      703363      -1403        436   278.65
      773629      -1403        472   306.52
      805958      -1403        500   319.33
Time to solution 0.63866s, assuming true minimum is -1403
