N=8
Mode: 1
Seed: 367
Search strategy: 1
Initialising random weight matrix with 439 working nodes
439 working nodes out of 512
States are -1,1
Weight-choosing mode: 3
Min time to run: 0.5s
Max time to run: 1e+10s
Groundtruth: 1000000000
           1      -1337          1     0.00
           2      -1349          1     0.00
           7      -1353          1     0.00
          17      -1361          1     0.00
       12431      -1361         14     5.00
       24922      -1361         25    10.00
       37339      -1361         37    15.00
       49738      -1361         49    20.00
       62252      -1361         68    25.00
       74752      -1361         86    30.00
       87224      -1361        105    35.00
       99700      -1361        117    40.00
      112131      -1361        139    45.00
      124596      -1361        153    50.00
      137064      -1361        167    55.01
      150760      -1361        186    60.52
      165840      -1361        204    66.58
      182514      -1361        213    73.24
      200777      -1361        228    80.57
      220857      -1361        249    88.63
      242954      -1361        268    97.50
      267293      -1361        302   107.26
      294002      -1361        325   117.99
      323323      -1361        352   129.79
      355637      -1361        382   142.77
      391194      -1361        426   157.05
      430294      -1361        469   172.76
      456618      -1361        500   183.34
Time to solution 0.36668s, assuming true minimum is -1361
