N=8
Mode: 1
Seed: 371
Search strategy: 1
Initialising random weight matrix with 439 working nodes
439 working nodes out of 512
States are -1,1
Weight-choosing mode: 3
Min time to run: 0.5s
Max time to run: 1e+10s
Groundtruth: 1000000000
           1      -1285          1     0.00
           2      -1301          1     0.00
           5      -1317          1     0.00
           9      -1333          1     0.00
         482      -1337          1     0.18
       12789      -1337         19     5.18
       25054      -1337         40    10.18
       37358      -1337         60    15.18
       49654      -1337         84    20.18
       61959      -1337        103    25.18
       74253      -1337        122    30.18
       86533      -1337        140    35.18
       98799      -1337        156    40.18
      111108      -1337        178    45.18
      123425      -1337        204    50.18
      135732      -1337        224    55.20
      149312      -1337        244    60.73
      164181      -1337        265    66.81
      180656      -1337        289    73.50
      198718      -1337        330    80.86
      218552      -1337        368    88.95
      240373      -1337        413    97.85
      264480      -1337        449   107.64
      284679      -1337        500   115.88
Time to solution 0.23176s, assuming true minimum is -1337
