N=8
Mode: 1
Seed: 393
Search strategy: 1
Initialising random weight matrix with 439 working nodes
439 working nodes out of 512
States are -1,1
Weight-choosing mode: 3
Min time to run: 0.5s
Max time to run: 1e+10s
Groundtruth: 1000000000
           1      -1379          1     0.00
           2      -1399          1     0.00
           7      -1407          1     0.00
          12      -1415          1     0.00
         116      -1419          1     0.05
       11924      -1419         20     5.05
       23769      -1419         37    10.05
       35644      -1419         50    15.05
       47500      -1419         63    20.05
       59355      -1419         80    25.05
       71171      -1419         94    30.05
       83027      -1419        112    35.05
       94913      -1419        119    40.05
      106550      -1419        129    45.05
      118375      -1419        146    50.05
      130235      -1419        166    55.06
      143339      -1419        180    60.57
      157700      -1419        192    66.63
      173480      -1419        210    73.30
      190856      -1419        235    80.64
      210027      -1419        258    88.71
      231155      -1419        285    97.59
      254293      -1419        321   107.35
      279732      -1419        357   118.09
      307740      -1419        393   129.90
      338565      -1419        426   142.90
      372483      -1419        464   157.20
      396920      -1419        500   167.48
Time to solution 0.33496s, assuming true minimum is -1419
