N=8
Mode: 1
Seed: 395
Search strategy: 1
Initialising random weight matrix with 439 working nodes
439 working nodes out of 512
States are -1,1
Weight-choosing mode: 3
Min time to run: 0.5s
Max time to run: 1e+10s
Groundtruth: 1000000000
           1      -1375          1     0.00
           3      -1379          1     0.00
           4      -1383          1     0.00
           7      -1387          1     0.00
          11      -1391          1     0.00
         101      -1395          1     0.04
         162      -1399          1     0.07
         665      -1403          1     0.28
       12511      -1403         24     5.28
       24363      -1403         43    10.29
       36177      -1403         64    15.29
       47974      -1403         86    20.29
       59728      -1403        108    25.29
       71560      -1403        135    30.29
       83396      -1403        163    35.29
       95206      -1403        181    40.29
      107005      -1403        202    45.29
      118850      -1403        224    50.29
      130746      -1403        236    55.32
      143920      -1403        261    60.86
      158315      -1403        294    66.95
      174206      -1403        332    73.65
      191577      -1403        373    81.02
      210799      -1403        411    89.13
      231972      -1403        451    98.05
      255141      -1403        497   107.86
      256063      -1403        500   108.25
Time to solution 0.2165s, assuming true minimum is -1403
