N=8
Mode: 1
Seed: 406
Search strategy: 1
Initialising random weight matrix with 439 working nodes
439 working nodes out of 512
States are -1,1
Weight-choosing mode: 3
Min time to run: 0.5s
Max time to run: 1e+10s
Groundtruth: 1000000000
           1      -1393          1     0.00
           3      -1397          1     0.00
           4      -1405          1     0.00
           6      -1413          1     0.00
          10      -1417          1     0.00
          36      -1421          1     0.01
          37      -1425          1     0.01
          58      -1429          1     0.02
        1536      -1433          1     0.63
       13605      -1433         26     5.63
       25646      -1433         51    10.63
       37753      -1433         72    15.63
       49830      -1433        110    20.64
       61923      -1433        136    25.64
       73946      -1433        166    30.64
       86021      -1433        191    35.64
       98123      -1433        221    40.64
      110202      -1433        244    45.64
      122287      -1433        280    50.64
      134536      -1433        312    55.71
      148009      -1433        338    61.29
      162798      -1433        367    67.42
      179087      -1433        400    74.17
      197015      -1433        452    81.59
      216673      -1433        486    89.75
      221208      -1433        500    91.63
Time to solution 0.18326s, assuming true minimum is -1433
