N=8
Mode: 1
Seed: 412
Search strategy: 1
Initialising random weight matrix with 439 working nodes
439 working nodes out of 512
States are -1,1
Weight-choosing mode: 3
Min time to run: 0.5s
Max time to run: 1e+10s
Groundtruth: 1000000000
           1      -1371          1     0.00
           3      -1375          1     0.00
           6      -1391          1     0.00
          18      -1395          1     0.00
          81      -1399          1     0.03
       11902      -1399         21     5.03
       23712      -1399         49    10.04
       35532      -1399         75    15.04
       47335      -1399         91    20.04
       59147      -1399        124    25.04
       70971      -1399        150    30.04
       82782      -1399        179    35.04
       94578      -1399        206    40.04
      106391      -1399        238    45.04
      118204      -1399        268    50.04
      130063      -1399        297    55.05
      143096      -1399        323    60.56
      157426      -1399        349    66.62
      173209      -1399        392    73.29
      190555      -1399        422    80.62
      209664      -1399        464    88.69
      230625      -1399        498    97.56
      231036      -1399        500    97.73
Time to solution 0.19546s, assuming true minimum is -1399
