N=8
Mode: 1
Seed: 436
Search strategy: 1
Initialising random weight matrix with 439 working nodes
439 working nodes out of 512
States are -1,1
Weight-choosing mode: 3
Min time to run: 0.5s
Max time to run: 1e+10s
Groundtruth: 1000000000
           1      -1379          1     0.00
           2      -1395          1     0.00
          10      -1399          1     0.00
          13      -1407          1     0.00
         167      -1411          1     0.06
        1308      -1415          1     0.49
       14352      -1415         20     5.49
       27444      -1415         45    10.49
       40494      -1415         67    15.49
       53612      -1415         89    20.50
       66648      -1415        114    25.50
       79743      -1415        131    30.50
       92762      -1415        152    35.50
      105867      -1415        173    40.50
      118897      -1415        189    45.50
      131972      -1415        210    50.50
      145179      -1415        231    55.56
      159719      -1415        251    61.12
      175736      -1415        266    67.24
      193316      -1415        290    73.97
      212712      -1415        321    81.37
      233911      -1415        354    89.51
      257289      -1415        399    98.47
      283014      -1415        433   108.32
      311385      -1415        467   119.16
      332856      -1415        500   127.35
Time to solution 0.2547s, assuming true minimum is -1415
