N=8
Mode: 1
Seed: 515
Search strategy: 1
Initialising random weight matrix with 439 working nodes
439 working nodes out of 512
States are -1,1
Weight-choosing mode: 3
Min time to run: 0.5s
Max time to run: 1e+10s
Groundtruth: 1000000000
           1      -1373          1     0.00
          19      -1381          1     0.00
          91      -1385          1     0.04
        1117      -1389          1     0.46
       13311      -1389          9     5.46
       25521      -1389         24    10.46
       37769      -1389         35    15.46
       50051      -1389         46    20.46
       62276      -1389         58    25.46
       74503      -1389         79    30.46
       86681      -1389         94    35.46
       98935      -1389        115    40.46
      111192      -1389        129    45.46
      123392      -1389        135    50.46
      135763      -1389        155    55.51
      149382      -1389        184    61.07
      164331      -1389        202    67.18
      180755      -1389        220    73.90
      198896      -1389        247    81.29
      218692      -1389        274    89.42
      240638      -1389        304    98.37
      264735      -1389        337   108.21
      291285      -1389        372   119.04
      320502      -1389        414   130.95
      352572      -1389        461   144.05
      379887      -1389        500   155.19
Time to solution 0.31038s, assuming true minimum is -1389
