N=8
Mode: 1
Seed: 549
Search strategy: 1
Initialising random weight matrix with 439 working nodes
439 working nodes out of 512
States are -1,1
Weight-choosing mode: 3
Min time to run: 0.5s
Max time to run: 1e+10s
Groundtruth: 1000000000
           1      -1353          1     0.00
           3      -1357          1     0.00
          16      -1365          1     0.00
         333      -1369          1     0.13
         866      -1373          1     0.34
       13539      -1373         22     5.34
       26309      -1373         41    10.34
       39038      -1373         60    15.34
       51765      -1373         80    20.34
       64486      -1373        103    25.34
       77236      -1373        124    30.34
       89976      -1373        151    35.34
      102718      -1373        172    40.34
      115475      -1373        192    45.34
      128157      -1373        212    50.34
      141024      -1373        236    55.38
      155168      -1373        256    60.92
      170678      -1373        287    67.02
      187767      -1373        318    73.73
      206570      -1373        350    81.11
      227226      -1373        388    89.23
      249954      -1373        434    98.16
      274945      -1373        489   107.98
      278474      -1373        500   109.36
Time to solution 0.21872s, assuming true minimum is -1373
