N=8
Mode: 1
Seed: 572
Search strategy: 1
Initialising random weight matrix with 439 working nodes
439 working nodes out of 512
States are -1,1
Weight-choosing mode: 3
Min time to run: 0.5s
Max time to run: 1e+10s
Groundtruth: 1000000000
           1      -1363          1     0.00
           3      -1371          1     0.00
           4      -1379          1     0.00
          17      -1383          1     0.01
          67      -1387          1     0.03
       11951      -1387         10     5.03
       23843      -1387         25    10.04
       35730      -1387         47    15.04
       47586      -1387         65    20.04
       59431      -1387         79    25.04
       71352      -1387         92    30.04
       83249      -1387        106    35.04
       95143      -1387        118    40.04
      107060      -1387        132    45.04
      118946      -1387        144    50.04
      130865      -1387        157    55.05
      143965      -1387        173    60.56
      158350      -1387        194    66.62
      174231      -1387        208    73.29
      191601      -1387        231    80.62
      210789      -1387        261    88.69
      231879      -1387        285    97.56
      255037      -1387        309   107.32
      280611      -1387        345   118.06
      308676      -1387        383   129.87
      339577      -1387        412   142.86
      373522      -1387        446   157.15
      410901      -1387        492   172.87
      416533      -1387        500   175.23
Time to solution 0.35046s, assuming true minimum is -1387
