N=8
Mode: 1
Seed: 573
Search strategy: 1
Initialising random weight matrix with 439 working nodes
439 working nodes out of 512
States are -1,1
Weight-choosing mode: 3
Min time to run: 0.5s
Max time to run: 1e+10s
Groundtruth: 1000000000
           1      -1383          1     0.00
           2      -1391          1     0.00
           6      -1403          1     0.00
          14      -1411          1     0.00
         408      -1415          1     0.16
       12509      -1415         29     5.16
       24676      -1415         54    10.16
       36842      -1415         72    15.16
       49034      -1415         99    20.16
       61163      -1415        136    25.16
       73342      -1415        156    30.16
       85507      -1415        189    35.16
       97676      -1415        214    40.16
      109805      -1415        243    45.16
      121954      -1415        259    50.16
      134151      -1415        292    55.18
      147550      -1415        320    60.70
      162288      -1415        349    66.78
      178507      -1415        381    73.46
      196409      -1415        411    80.81
      216052      -1415        444    88.90
      237592      -1415        495    97.80
      239495      -1415        500    98.58
Time to solution 0.19716s, assuming true minimum is -1415
