N=8
Mode: 1
Seed: 626
Search strategy: 1
Initialising random weight matrix with 439 working nodes
439 working nodes out of 512
States are -1,1
Weight-choosing mode: 3
Min time to run: 0.5s
Max time to run: 1e+10s
Groundtruth: 1000000000
           1      -1295          1     0.00
           3      -1319          1     0.00
           6      -1323          1     0.00
          56      -1327          1     0.02
        1126      -1331          1     0.46
       13241      -1331         12     5.46
       25414      -1331         22    10.46
       37561      -1331         38    15.46
       49676      -1331         44    20.46
       61806      -1331         57    25.46
       73946      -1331         68    30.46
       86140      -1331         75    35.46
       98251      -1331         87    40.46
      110410      -1331         91    45.46
      122530      -1331        103    50.46
      134718      -1331        126    55.51
      148188      -1331        143    61.07
      163043      -1331        164    67.18
      179353      -1331        176    73.90
      197264      -1331        195    81.29
      216996      -1331        212    89.42
      238726      -1331        237    98.37
      262664      -1331        259   108.21
      289018      -1331        286   119.04
      317946      -1331        322   130.95
      349759      -1331        353   144.05
      384787      -1331        377   158.46
      423195      -1331        415   174.31
      465500      -1331        454   191.75
      512017      -1331        490   210.93
      524443      -1331        500   216.03
Time to solution 0.43206s, assuming true minimum is -1331
