N=8
Mode: 1
Seed: 637
Search strategy: 1
Initialising random weight matrix with 439 working nodes
439 working nodes out of 512
States are -1,1
Weight-choosing mode: 3
Min time to run: 0.5s
Max time to run: 1e+10s
Groundtruth: 1000000000
           1      -1325          1     0.00
           2      -1333          1     0.00
           4      -1337          1     0.00
           5      -1341          1     0.00
          16      -1345          1     0.00
         142      -1349          1     0.06
         231      -1353          1     0.09
       12304      -1353         11     5.09
       24507      -1353         25    10.09
       36732      -1353         31    15.09
       48980      -1353         40    20.09
       61198      -1353         56    25.09
       73407      -1353         60    30.09
       85661      -1353         68    35.09
       97876      -1353         77    40.09
      110160      -1353         92    45.09
      122360      -1353        106    50.09
      134677      -1353        117    55.10
      148185      -1353        124    60.62
      162992      -1353        134    66.69
      179309      -1353        150    73.36
      197315      -1353        166    80.70
      217061      -1353        179    88.78
      238787      -1353        194    97.66
      262746      -1353        210   107.43
      289103      -1353        228   118.18
      318003      -1353        251   130.00
      349822      -1353        274   143.00
      384794      -1353        307   157.30
      423238      -1353        344   173.04
      465505      -1353        376   190.35
      512029      -1353        421   209.39
      563154      -1353        468   230.33
      600124      -1353        500   245.44
Time to solution 0.49088s, assuming true minimum is -1353
