N=8
Mode: 1
Seed: 643
Search strategy: 1
Initialising random weight matrix with 439 working nodes
439 working nodes out of 512
States are -1,1
Weight-choosing mode: 3
Min time to run: 0.5s
Max time to run: 1e+10s
Groundtruth: 1000000000
           1      -1329          1     0.00
           2      -1333          1     0.00
           3      -1337          1     0.00
           4      -1345          1     0.00
          15      -1349          1     0.00
          91      -1353          1     0.03
         170      -1357          1     0.06
         228      -1361          1     0.09
       12631      -1361         29     5.09
       24973      -1361         56    10.09
       37315      -1361         81    15.09
       49693      -1361        109    20.09
       62066      -1361        124    25.09
       74458      -1361        149    30.09
       86864      -1361        172    35.09
       99263      -1361        201    40.09
      111562      -1361        225    45.09
      123950      -1361        240    50.09
      136306      -1361        265    55.10
      149897      -1361        292    60.62
      164902      -1361        324    66.69
      181371      -1361        357    73.36
      199536      -1361        384    80.70
      219514      -1361        413    88.78
      241520      -1361        447    97.66
      265686      -1361        491   107.43
      273173      -1361        500   110.46
Time to solution 0.22092s, assuming true minimum is -1361
