N=8
Mode: 1
Seed: 660
Search strategy: 1
Initialising random weight matrix with 439 working nodes
439 working nodes out of 512
States are -1,1
Weight-choosing mode: 3
Min time to run: 0.5s
Max time to run: 1e+10s
Groundtruth: 1000000000
           1      -1329          1     0.00
           2      -1337          1     0.00
           5      -1349          1     0.00
         539      -1353          1     0.22
        1422      -1357          1     0.58
       13577      -1357         17     5.58
       25723      -1357         27    10.58
       37797      -1357         41    15.58
       49929      -1357         49    20.58
       62105      -1357         64    25.58
       74216      -1357         85    30.58
       86278      -1357         94    35.58
       98391      -1357        113    40.58
      110531      -1357        124    45.58
      122658      -1357        139    50.58
      134967      -1357        149    55.64
      148457      -1357        163    61.21
      163360      -1357        170    67.34
      179699      -1357        185    74.08
      197660      -1357        195    81.49
      217450      -1357        214    89.64
      239164      -1357        229    98.61
      263069      -1357        255   108.48
      289358      -1357        284   119.33
      318328      -1357        311   131.27
      350190      -1357        348   144.40
      385207      -1357        377   158.85
      423787      -1357        418   174.74
      466196      -1357        465   192.22
      501002      -1357        500   206.59
Time to solution 0.41318s, assuming true minimum is -1357
