N=8
Mode: 1
Seed: 665
Search strategy: 1
Initialising random weight matrix with 439 working nodes
439 working nodes out of 512
States are -1,1
Weight-choosing mode: 3
Min time to run: 0.5s
Max time to run: 1e+10s
Groundtruth: 1000000000
           1      -1357          1     0.00
           2      -1361          1     0.00
           6      -1369          1     0.00
          14      -1373          1     0.00
          19      -1377          1     0.00
         119      -1381          1     0.05
         270      -1385          1     0.11
       13018      -1385         12     5.11
       25717      -1385         33    10.11
       38440      -1385         45    15.11
       51176      -1385         63    20.11
       63882      -1385         78    25.11
       76557      -1385         88    30.11
       89223      -1385        112    35.11
      101966      -1385        134    40.11
      114657      -1385        148    45.11
      127331      -1385        160    50.11
      140100      -1385        182    55.13
      154059      -1385        194    60.65
      169537      -1385        216    66.72
      186492      -1385        241    73.40
      205184      -1385        259    80.75
      225785      -1385        297    88.83
      248381      -1385        329    97.72
      273196      -1385        360   107.50
      300501      -1385        390   118.26
      330535      -1385        425   130.09
      363590      -1385        469   143.10
      399719      -1385        500   157.33
Time to solution 0.31466s, assuming true minimum is -1385
