N=8
Mode: 1
Seed: 676
Search strategy: 1
Initialising random weight matrix with 439 working nodes
439 working nodes out of 512
States are -1,1
Weight-choosing mode: 3
Min time to run: 0.5s
Max time to run: 1e+10s
Groundtruth: 1000000000
           1      -1361          1     0.00
           2      -1393          1     0.00
          61      -1397          1     0.02
        1816      -1401          1     0.72
       14103      -1401         18     5.72
       26498      -1401         36    10.72
       38847      -1401         56    15.72
       51245      -1401         68    20.72
       63583      -1401         91    25.72
       75912      -1401        113    30.72
       88260      -1401        129    35.72
      100649      -1401        147    40.72
      113027      -1401        163    45.72
      125339      -1401        182    50.72
      137878      -1401        197    55.80
      151658      -1401        214    61.38
      166809      -1401        233    67.52
      183569      -1401        267    74.28
      201902      -1401        291    81.71
      222107      -1401        318    89.89
      244274      -1401        346    98.88
      268738      -1401        382   108.77
      295764      -1401        417   119.65
      325336      -1401        466   131.62
      349374      -1401        500   141.33
Time to solution 0.28266s, assuming true minimum is -1401
