N=8
Mode: 1
Seed: 731
Search strategy: 1
Initialising random weight matrix with 439 working nodes
439 working nodes out of 512
States are -1,1
Weight-choosing mode: 3
Min time to run: 0.5s
Max time to run: 1e+10s
Groundtruth: 1000000000
           1      -1385          1     0.00
          11      -1389          1     0.00
          57      -1393          1     0.02
         164      -1397          1     0.06
       12784      -1397         19     5.06
       25515      -1397         34    10.06
       38184      -1397         47    15.06
       50848      -1397         60    20.07
       63547      -1397         77    25.07
       76211      -1397         90    30.07
       88798      -1397        106    35.07
      101432      -1397        125    40.07
      114095      -1397        141    45.07
      126710      -1397        152    50.07
      139384      -1397        167    55.08
      153289      -1397        188    60.59
      168615      -1397        201    66.65
      185455      -1397        212    73.32
      203673      -1397        238    80.66
      223889      -1397        264    88.73
      246335      -1397        294    97.61
      271058      -1397        326   107.38
      298156      -1397        347   118.12
      328035      -1397        386   129.94
      360753      -1397        424   142.94
      394536      -1397        456   157.24
      431625      -1397        500   171.90
Time to solution 0.3438s, assuming true minimum is -1397
