N=8
Mode: 1
Seed: 778
Search strategy: 1
Initialising random weight matrix with 439 working nodes
439 working nodes out of 512
States are -1,1
Weight-choosing mode: 3
Min time to run: 0.5s
Max time to run: 1e+10s
Groundtruth: 1000000000
           1      -1367          1     0.00
           2      -1375          1     0.00
           4      -1379          1     0.00
           5      -1383          1     0.00
          18      -1387          1     0.00
         102      -1391          1     0.03
        1326      -1395          1     0.53
       13845      -1395         17     5.53
       26416      -1395         30    10.54
       38945      -1395         45    15.54
       51475      -1395         62    20.54
       63998      -1395         76    25.54
       76539      -1395         94    30.54
       89045      -1395        111    35.54
      101568      -1395        119    40.54
      114045      -1395        132    45.54
      126529      -1395        140    50.54
      139195      -1395        156    55.60
      153119      -1395        170    61.17
      168373      -1395        190    67.29
      185161      -1395        213    74.02
      203689      -1395        232    81.43
      224141      -1395        260    89.58
      246580      -1395        289    98.54
      271205      -1395        325   108.40
      298369      -1395        363   119.25
      328128      -1395        401   131.18
      360911      -1395        448   144.30
      397020      -1395        498   158.74
      399203      -1395        500   159.60
Time to solution 0.3192s, assuming true minimum is -1395
