N=8
Mode: 1
Seed: 787
Search strategy: 1
Initialising random weight matrix with 439 working nodes
439 working nodes out of 512
States are -1,1
Weight-choosing mode: 3
Min time to run: 0.5s
Max time to run: 1e+10s
Groundtruth: 1000000000
           1      -1383          1     0.00
           3      -1387          1     0.00
           5      -1399          1     0.00
          89      -1403          1     0.03
         101      -1407          1     0.03
         278      -1411          1     0.10
       12797      -1411         17     5.10
       25363      -1411         39    10.10
       37989      -1411         61    15.10
       50565      -1411         80    20.10
       63144      -1411         97    25.10
       75751      -1411        115    30.10
       88314      -1411        138    35.10
      100892      -1411        167    40.10
      113522      -1411        185    45.10
      126129      -1411        203    50.10
      138792      -1411        229    55.12
      152688      -1411        256    60.64
      167928      -1411        286    66.71
      184755      -1411        311    73.39
      203254      -1411        338    80.73
      223614      -1411        363    88.81
      245961      -1411        399    97.70
      270590      -1411        433   107.48
      297624      -1411        482   118.23
      309336      -1411        500   122.86
Time to solution 0.24572s, assuming true minimum is -1411
