N=8
Mode: 1
Seed: 813
Search strategy: 1
Initialising random weight matrix with 439 working nodes
439 working nodes out of 512
States are -1,1
Weight-choosing mode: 3
Min time to run: 0.5s
Max time to run: 1e+10s
Groundtruth: 1000000000
           1      -1379          1     0.00
           3      -1387          1     0.00
           4      -1395          1     0.00
          24      -1403          1     0.01
         144      -1407          1     0.06
       12211      -1407         20     5.06
       24329      -1407         44    10.06
       36478      -1407         63    15.06
       48615      -1407         76    20.07
       60755      -1407         96    25.07
       72883      -1407        118    30.07
       84982      -1407        132    35.07
       97074      -1407        157    40.07
      109168      -1407        177    45.07
      121305      -1407        201    50.07
      133465      -1407        221    55.08
      146770      -1407        254    60.59
      161441      -1407        283    66.65
      177599      -1407        303    73.32
      195408      -1407        338    80.66
      214998      -1407        375    88.73
      236533      -1407        425    97.61
      260113      -1407        452   107.38
      286160      -1407        483   118.12
      296368      -1407        500   122.33
Time to solution 0.24466s, assuming true minimum is -1407
