N=8
Mode: 1
Seed: 815
Search strategy: 1
Initialising random weight matrix with 439 working nodes
439 working nodes out of 512
States are -1,1
Weight-choosing mode: 3
Min time to run: 0.5s
Max time to run: 1e+10s
Groundtruth: 1000000000
           1      -1361          1     0.00
           4      -1365          1     0.00
          24      -1369          1     0.01
          32      -1373          1     0.01
          73      -1377          1     0.03
         490      -1381          1     0.19
       13183      -1381         34     5.19
       25902      -1381         56    10.20
       38666      -1381         81    15.20
       51362      -1381         99    20.20
       64096      -1381        116    25.20
       76781      -1381        143    30.20
       89470      -1381        160    35.20
      102146      -1381        187    40.20
      114897      -1381        220    45.20
      127559      -1381        240    50.20
      140267      -1381        268    55.23
      154326      -1381        301    60.76
      169793      -1381        329    66.84
      186784      -1381        372    73.53
      205468      -1381        415    80.89
      226023      -1381        458    88.98
      246079      -1381        500    96.84
Time to solution 0.19368s, assuming true minimum is -1381
