N=8
Mode: 1
Seed: 841
Search strategy: 1
Initialising random weight matrix with 439 working nodes
439 working nodes out of 512
States are -1,1
Weight-choosing mode: 3
Min time to run: 0.5s
Max time to run: 1e+10s
Groundtruth: 1000000000
           1      -1337          1     0.00
           2      -1365          1     0.00
           5      -1373          1     0.00
          19      -1377          1     0.01
         167      -1381          1     0.07
        2936      -1385          1     1.19
       15277      -1385         14     6.19
       27593      -1385         25    11.20
       39894      -1385         40    16.20
       52237      -1385         53    21.20
       64622      -1385         62    26.20
       76918      -1385         72    31.20
       89239      -1385         82    36.20
      101525      -1385         94    41.20
      113835      -1385        109    46.20
      126139      -1385        123    51.20
      138783      -1385        137    56.33
      152679      -1385        148    61.97
      167958      -1385        164    68.17
      184748      -1385        179    74.99
      203168      -1385        205    82.49
      223535      -1385        218    90.74
      245881      -1385        231    99.82
      270454      -1385        252   109.81
      297452      -1385        276   120.80
      327204      -1385        307   132.88
      359970      -1385        340   146.17
      395975      -1385        378   160.79
      435651      -1385        407   176.87
      479217      -1385        452   194.56
      527107      -1385        487   214.02
      543447      -1385        500   220.64
Time to solution 0.44128s, assuming true minimum is -1385
