N=8
Mode: 1
Seed: 855
Search strategy: 1
Initialising random weight matrix with 439 working nodes
439 working nodes out of 512
States are -1,1
Weight-choosing mode: 3
Min time to run: 0.5s
Max time to run: 1e+10s
Groundtruth: 1000000000
           1      -1347          1     0.00
           2      -1359          1     0.00
          44      -1367          1     0.02
         945      -1371          1     0.38
       13294      -1371          7     5.38
       25690      -1371         14    10.38
       38114      -1371         21    15.38
       50528      -1371         26    20.39
       62794      -1371         34    25.39
       75179      -1371         38    30.39
       87486      -1371         45    35.39
       99857      -1371         53    40.39
      112225      -1371         61    45.39
      124598      -1371         71    50.39
      137042      -1371         75    55.43
      150771      -1371         85    60.98
      165831      -1371         89    67.08
      182367      -1371         96    73.79
      200601      -1371        104    81.17
      220605      -1371        112    89.29
      242654      -1371        122    98.22
      266938      -1371        130   108.05
      293573      -1371        142   118.86
      322985      -1371        152   130.75
      355403      -1371        159   143.83
      391014      -1371        174   158.22
      430161      -1371        190   174.05
      473162      -1371        205   191.46
      520488      -1371        228   210.61
      572565      -1371        264   231.68
      629845      -1371        291   254.85
      692929      -1371        313   280.34
      762221      -1371        341   308.38
      838411      -1371        375   339.22
      922274      -1371        415   373.15
     1014626      -1371        443   410.47
     1116191      -1371        483   451.52
     1143749      -1371        500   462.65
Time to solution 0.9253s, assuming true minimum is -1371
