N=8
Mode: 1
Seed: 886
Search strategy: 1
Initialising random weight matrix with 439 working nodes
439 working nodes out of 512
States are -1,1
Weight-choosing mode: 3
Min time to run: 0.5s
Max time to run: 1e+10s
Groundtruth: 1000000000
           1      -1371          1     0.00
          19      -1379          1     0.00
          41      -1383          1     0.01
         884      -1387          1     0.36
       13036      -1387         16     5.36
       25178      -1387         27    10.36
       37356      -1387         52    15.36
       49489      -1387         69    20.36
       61729      -1387         91    25.36
       73906      -1387        110    30.36
       86027      -1387        121    35.36
       98200      -1387        137    40.36
      110401      -1387        160    45.36
      122594      -1387        175    50.36
      134877      -1387        187    55.40
      148365      -1387        208    60.95
      163195      -1387        226    67.05
      179612      -1387        251    73.76
      197548      -1387        274    81.14
      217367      -1387        296    89.26
      239119      -1387        332    98.19
      263074      -1387        365   108.01
      289322      -1387        396   118.82
      318265      -1387        429   130.71
      350181      -1387        476   143.79
      367773      -1387        500   151.02
Time to solution 0.30204s, assuming true minimum is -1387
