N=8
Mode: 1
Seed: 896
Search strategy: 1
Initialising random weight matrix with 439 working nodes
439 working nodes out of 512
States are -1,1
Weight-choosing mode: 3
Min time to run: 0.5s
Max time to run: 1e+10s
Groundtruth: 1000000000
           1      -1337          1     0.00
           3      -1353          1     0.00
          23      -1357          1     0.00
          29      -1365          1     0.01
        1286      -1369          1     0.52
       13417      -1369         18     5.52
       25597      -1369         31    10.52
       37751      -1369         48    15.52
       49972      -1369         71    20.52
       62126      -1369         86    25.52
       74285      -1369        103    30.52
       86464      -1369        117    35.52
       98599      -1369        142    40.52
      110729      -1369        155    45.52
      122916      -1369        172    50.52
      135213      -1369        193    55.58
      148761      -1369        220    61.14
      163643      -1369        244    67.26
      180039      -1369        271    73.99
      198056      -1369        287    81.39
      217866      -1369        310    89.53
      239591      -1369        343    98.49
      263500      -1369        374   108.34
      289947      -1369        416   119.18
      318884      -1369        454   131.10
      344646      -1369        500   141.70
Time to solution 0.2834s, assuming true minimum is -1369
