N=8
Mode: 1
Seed: 915
Search strategy: 1
Initialising random weight matrix with 439 working nodes
439 working nodes out of 512
States are -1,1
Weight-choosing mode: 3
Min time to run: 0.5s
Max time to run: 1e+10s
Groundtruth: 1000000000
           1      -1367          1     0.00
           2      -1375          1     0.00
           4      -1379          1     0.00
          61      -1383          1     0.02
         675      -1387          1     0.28
       13044      -1387         20     5.28
       25393      -1387         42    10.29
       37737      -1387         62    15.29
       50079      -1387         84    20.29
       62418      -1387        113    25.29
       74778      -1387        138    30.29
       87121      -1387        157    35.29
       99434      -1387        185    40.29
      111787      -1387        207    45.29
      124139      -1387        235    50.29
      136516      -1387        254    55.32
      150203      -1387        279    60.86
      165204      -1387        314    66.95
      181790      -1387        349    73.65
      199983      -1387        384    81.02
      219799      -1387        418    89.13
      241804      -1387        463    98.05
      263538      -1387        500   106.87
Time to solution 0.21374s, assuming true minimum is -1387
