N=8
Mode: 1
Seed: 921
Search strategy: 1
Initialising random weight matrix with 439 working nodes
439 working nodes out of 512
States are -1,1
Weight-choosing mode: 3
Min time to run: 0.5s
Max time to run: 1e+10s
Groundtruth: 1000000000
           1      -1347          1     0.00
           2      -1371          1     0.00
          16      -1375          1     0.01
          42      -1383          1     0.03
        3954      -1387          1     1.67
       16432      -1387         19     6.67
       28912      -1387         28    11.67
       41330      -1387         36    16.67
       53794      -1387         44    21.67
       66281      -1387         50    26.67
       78780      -1387         61    31.67
       91268      -1387         70    36.67
      103752      -1387         83    41.67
      116220      -1387         91    46.67
      128668      -1387         96    51.67
      141564      -1387        116    56.84
      155827      -1387        128    62.53
      171430      -1387        147    68.79
      188570      -1387        167    75.67
      207488      -1387        182    83.24
      228200      -1387        198    91.57
      250962      -1387        224   100.73
      276034      -1387        247   110.81
      303726      -1387        270   121.90
      334024      -1387        293   134.09
      367391      -1387        317   147.50
      404178      -1387        365   162.25
      444685      -1387        396   178.48
      489230      -1387        432   196.33
      538194      -1387        486   215.97
      546267      -1387        500   219.20
Time to solution 0.4384s, assuming true minimum is -1387
