N=8
Mode: 1
Seed: 96
Search strategy: 1
Initialising random weight matrix with 439 working nodes
439 working nodes out of 512
States are -1,1
Weight-choosing mode: 3
Min time to run: 0.5s
Max time to run: 1e+10s
Groundtruth: 1000000000
           1      -1307          1     0.00
           2      -1327          1     0.00
          10      -1331          1     0.00
          13      -1335          1     0.00
          44      -1347          1     0.02
       12417      -1347         23     5.02
       24769      -1347         46    10.02
       37091      -1347         69    15.02
       49491      -1347         85    20.02
       61842      -1347        111    25.02
       74170      -1347        132    30.02
       86523      -1347        153    35.02
       98861      -1347        174    40.02
      111201      -1347        204    45.02
      123540      -1347        224    50.02
      135939      -1347        238    55.03
      149564      -1347        259    60.54
      164584      -1347        285    66.60
      181053      -1347        310    73.26
      199124      -1347        343    80.59
      219066      -1347        380    88.65
      240969      -1347        421    97.52
      265062      -1347        466   107.28
      285172      -1347        500   115.39
Time to solution 0.23078s, assuming true minimum is -1347
