N=8
Mode: 1
Seed: 984
Search strategy: 1
Initialising random weight matrix with 439 working nodes
439 working nodes out of 512
States are -1,1
Weight-choosing mode: 3
Min time to run: 0.5s
Max time to run: 1e+10s
Groundtruth: 1000000000
           1      -1335          1     0.00
          47      -1339          1     0.01
         154      -1343          1     0.06
         179      -1347          1     0.07
       12736      -1347          5     5.07
       25319      -1347         11    10.07
       37893      -1347         14    15.07
       50510      -1347         24    20.07
       63149      -1347         33    25.07
       75710      -1347         39    30.07
       88285      -1347         46    35.07
      100858      -1347         51    40.07
      113472      -1347         55    45.07
      126032      -1347         58    50.07
      138678      -1347         65    55.08
      152557      -1347         70    60.59
      167724      -1347         81    66.65
      184445      -1347         88    73.32
      202967      -1347        102    80.66
      223339      -1347        115    88.73
      245790      -1347        133    97.61
      270377      -1347        153   107.38
      297452      -1347        170   118.12
      327245      -1347        186   129.94
      359976      -1347        193   142.94
      396007      -1347        211   157.24
      435626      -1347        228   172.97
      479206      -1347        244   190.27
      527140      -1347        263   209.30
      579880      -1347        289   230.24
      639414      -1347        320   253.27
      705797      -1347        349   278.60
      778868      -1347        383   306.47
      859225      -1347        430   337.12
      947485      -1347        471   370.84
     1002642      -1347        500   391.89
Time to solution 0.78378s, assuming true minimum is -1347
