N=8
Mode: 1
Seed: 992
Search strategy: 1
Initialising random weight matrix with 439 working nodes
439 working nodes out of 512
States are -1,1
Weight-choosing mode: 3
Min time to run: 0.5s
Max time to run: 1e+10s
Groundtruth: 1000000000
           1      -1383          1     0.00
           4      -1407          1     0.00
         623      -1411          1     0.24
       13300      -1411         27     5.24
       25953      -1411         51    10.24
       38614      -1411         66    15.24
       51263      -1411         91    20.25
       63962      -1411        115    25.25
       76616      -1411        135    30.25
       89262      -1411        158    35.25
      101932      -1411        182    40.25
      114641      -1411        195    45.25
      127330      -1411        214    50.25
      140101      -1411        234    55.28
      154093      -1411        261    60.81
      169552      -1411        286    66.90
      186553      -1411        303    73.60
      205235      -1411        326    80.96
      225772      -1411        354    89.06
      248347      -1411        398    97.97
      273213      -1411        439   107.77
      300593      -1411        471   118.55
      316220      -1411        500   124.73
Time to solution 0.24946s, assuming true minimum is -1411
