# Problem number  Optimum          TTS
               1    -1439     0.025400
               2    -1401     0.019600
               3    -1377     0.016040
               4    -1395     0.102180
               5    -1409     0.134440
               6    -1355     0.044460
               7    -1379     0.030020
               8    -1381     0.050120
               9    -1401     0.135520
              10    -1401     0.073780
              11    -1443     0.130480
              12    -1423     0.140360
              13    -1377     0.061220
              14    -1437     0.028920
              15    -1415     0.303460
              16    -1397     0.341960
              17    -1423     0.015840
              18    -1387     0.026720
              19    -1361     0.124320
              20    -1379     0.531800
              21    -1347     0.024060
              22    -1435     0.195100
              23    -1401     0.073080
              24    -1391     0.172520
              25    -1369     0.422600
              26    -1427     0.039240
              27    -1413     0.018080
              28    -1367     0.894800
              29    -1365     0.132660
              30    -1411     0.021900
              31    -1367     0.040620
              32    -1405     0.029960
              33    -1383     0.028660
              34    -1357     0.104700
              35    -1403     0.094960
              36    -1413     0.010600
              37    -1351     0.021480
              38    -1371     0.030980
              39    -1379     0.030460
              40    -1429     0.039640
              41    -1393     0.033620
              42    -1427     0.032740
              43    -1387     0.072060
              44    -1371     0.031580
              45    -1397     0.138480
              46    -1407     0.018840
              47    -1359     0.036380
              48    -1371     0.022900
              49    -1393     0.123020
              50    -1407     0.239640
              51    -1427     0.095980
              52    -1373     0.065840
              53    -1347     0.046760
              54    -1409     0.022560
              55    -1393     0.111860
              56    -1419     0.012280
              57    -1403     0.011740
              58    -1355     0.023480
              59    -1373     0.054260
              60    -1395     0.029040
              61    -1407     0.731440
              62    -1377     0.104140
              63    -1399     0.062340
              64    -1389     0.242780
              65    -1401     0.178300
              66    -1411     0.039900
              67    -1381     0.013420
              68    -1419     0.035160
              69    -1405     0.024480
              70    -1413     0.026600
              71    -1411     0.169000
              72    -1387     0.071360
              73    -1395     0.152360
              74    -1429     0.049820
              75    -1355     0.370600
              76    -1421     0.064180
              77    -1353     0.304800
              78    -1371     0.028920
              79    -1417     0.055880
              80    -1403     0.192220
              81    -1387     0.048260
              82    -1425     0.048940
              83    -1363     0.040620
              84    -1391     0.092480
              85    -1379     0.088280
              86    -1403     0.097040
              87    -1357     0.149780
              88    -1405     0.041200
              89    -1377     0.069380
              90    -1373     0.051140
              91    -1365     0.091180
              92    -1387     0.014680
              93    -1327     0.063120
              94    -1381     0.087040
              95    -1363     0.065360
              96    -1347     0.230780
              97    -1331     0.043480
              98    -1407     0.013480
              99    -1373     0.160160
             100    -1377     0.062000
             101    -1377     0.029480
             102    -1407     0.016400
             103    -1393     0.085980
             104    -1367     0.105960
             105    -1347     0.080280
             106    -1423     0.029360
             107    -1447     0.044980
             108    -1393     0.087340
             109    -1411     0.022580
             110    -1409     0.019840
             111    -1399     0.013300
             112    -1403     0.164340
             113    -1417     0.011040
             114    -1451     0.066780
             115    -1395     0.018080
             116    -1351     0.223180
             117    -1409     0.082920
             118    -1439     0.013280
             119    -1425     0.125880
             120    -1445     0.037640
             121    -1405     0.047000
             122    -1403     0.056720
             123    -1403     0.231720
             124    -1399     0.067860
             125    -1423     0.033160
             126    -1405     0.039780
             127    -1425     0.034220
             128    -1429     0.134840
             129    -1355     0.111400
             130    -1397     0.068040
             131    -1383     0.035180
             132    -1337     0.021500
             133    -1329     0.076860
             134    -1449     0.027920
             135    -1387     0.013560
             136    -1415     0.199380
             137    -1361     0.209280
             138    -1423     0.040720
             139    -1413     0.015440
             140    -1387     0.110040
             141    -1421     0.015360
             142    -1347     0.063100
             143    -1409     0.027900
             144    -1453     0.036800
             145    -1449     0.168160
             146    -1405     0.109400
             147    -1409     0.018320
             148    -1457     0.091900
             149    -1363     0.213220
             150    -1401     0.109020
             151    -1365     0.024580
             152    -1413     0.031000
             153    -1437     0.019420
             154    -1365     0.055640
             155    -1405     0.026980
             156    -1365     0.080100
             157    -1417     0.370300
             158    -1427     0.086560
             159    -1391     0.019700
             160    -1383     0.175920
             161    -1419     0.074960
             162    -1429     0.011620
             163    -1389     0.052840
             164    -1405     0.412160
             165    -1389     0.017820
             166    -1437     0.027040
             167    -1397     0.042620
             168    -1413     0.161800
             169    -1405     0.111180
             170    -1357     0.111340
             171    -1387     0.029140
             172    -1433     0.028840
             173    -1377     0.097680
             174    -1391     0.025780
             175    -1369     0.015920
             176    -1341     0.086680
             177    -1391     0.104780
             178    -1407     0.049780
             179    -1355     0.230640
             180    -1385     0.049000
             181    -1353     0.292900
             182    -1433     0.091480
             183    -1357     0.043300
             184    -1377     0.053540
             185    -1413     0.049620
             186    -1449     0.015220
             187    -1379     0.158960
             188    -1385     0.011460
             189    -1401     0.045600
             190    -1435     0.427680
             191    -1405     0.035720
             192    -1433     0.047220
             193    -1403     0.122080
             194    -1347     0.021020
             195    -1337     0.076660
             196    -1407     0.130520
             197    -1407     0.013180
             198    -1393     0.235060
             199    -1367     0.063700
             200    -1393     0.353400
             201    -1375     0.250700
             202    -1385     0.074880
             203    -1373     0.079380
             204    -1401     0.183520
             205    -1415     0.009680
             206    -1345     0.042580
             207    -1401     0.082420
             208    -1387     0.059740
             209    -1377     0.025200
             210    -1387     0.173900
             211    -1449     0.037240
             212    -1383     0.115900
             213    -1405     0.027340
             214    -1355     0.228160
             215    -1385     0.102180
             216    -1391     0.037760
             217    -1381     0.030920
             218    -1429     0.018240
             219    -1405     0.039360
             220    -1405     0.029840
             221    -1371     0.066500
             222    -1387     0.023560
             223    -1389     0.021100
             224    -1411     0.025940
             225    -1371     0.020960
             226    -1417     0.039200
             227    -1413     0.068940
             228    -1385     0.090840
             229    -1341     0.061740
             230    -1373     0.127860
             231    -1459     0.005940
             232    -1429     0.028720
             233    -1401     0.174020
             234    -1365     0.013660
             235    -1417     0.044760
             236    -1401     0.021420
             237    -1411     0.056120
             238    -1413     0.090660
             239    -1375     0.033860
             240    -1369     0.082760
             241    -1415     0.565760
             242    -1387     0.410280
             243    -1381     0.183580
             244    -1403     0.029740
             245    -1379     0.021700
             246    -1395     0.055140
             247    -1387     0.085740
             248    -1425     0.018740
             249    -1381     0.250600
             250    -1415     0.054640
             251    -1355     0.047540
             252    -1443     0.012480
             253    -1419     0.018240
             254    -1403     0.020400
             255    -1415     0.039520
             256    -1441     0.022820
             257    -1401     0.078760
             258    -1413     0.076300
             259    -1407     0.167600
             260    -1405     0.008120
             261    -1391     0.013520
             262    -1351     0.138960
             263    -1367     0.025020
             264    -1425     0.004400
             265    -1369     0.026100
             266    -1357     0.019000
             267    -1381     0.057760
             268    -1447     0.020960
             269    -1385     0.017520
             270    -1369     0.068120
             271    -1391     0.111680
             272    -1383     0.062320
             273    -1401     0.465460
             274    -1365     0.132660
             275    -1357     0.043200
             276    -1425     0.152800
             277    -1347     0.031160
             278    -1387     0.054840
             279    -1403     0.015320
             280    -1393     0.027540
             281    -1413     0.117800
             282    -1423     0.018400
             283    -1343     0.012300
             284    -1375     0.174840
             285    -1383     0.269480
             286    -1405     0.390780
             287    -1345     0.021780
             288    -1349     0.116320
             289    -1413     0.032700
             290    -1401     0.028580
             291    -1395     0.030000
             292    -1393     0.013300
             293    -1349     0.047520
             294    -1421     0.035360
             295    -1469     0.016720
             296    -1391     0.100300
             297    -1339     0.107920
             298    -1381     0.052900
             299    -1377     0.051180
             300    -1395     0.079300
             301    -1399     0.044860
             302    -1395     0.087000
             303    -1383     0.186840
             304    -1349     0.192300
             305    -1371     0.065700
             306    -1419     0.012480
             307    -1413     0.140320
             308    -1397     0.187440
             309    -1375     0.135780
             310    -1415     0.055500
             311    -1411     0.005720
             312    -1393     0.126260
             313    -1337     0.022740
             314    -1377     0.066280
             315    -1417     0.030840
             316    -1387     0.122300
             317    -1401     0.115300
             318    -1367     0.039900
             319    -1367     0.041940
             320    -1397     0.023740
             321    -1379     0.036660
             322    -1397     0.026500
             323    -1413     0.021900
             324    -1385     0.023400
             325    -1395     0.434360
             326    -1405     0.052400
             327    -1435     0.023160
             328    -1431     0.019400
             329    -1377     0.247640
             330    -1367     0.082260
             331    -1383     0.046800
             332    -1397     0.008880
             333    -1385     0.077820
             334    -1397     0.056600
             335    -1419     0.014660
             336    -1419     0.103860
             337    -1395     0.028080
             338    -1403     0.638660
             339    -1461     0.008680
             340    -1411     0.062040
             341    -1373     0.418900
             342    -1419     0.025080
             343    -1415     0.041240
             344    -1383     0.015340
             345    -1375     0.058680
             346    -1347     0.067500
             347    -1399     0.080020
             348    -1367     0.103980
             349    -1417     0.098920
             350    -1357     0.133240
             351    -1377     0.049060
             352    -1415     0.029400
             353    -1391     0.026760
             354    -1397     0.007380
             355    -1401     0.148300
             356    -1349     0.007540
             357    -1387     0.016920
             358    -1385     0.188020
             359    -1399     0.243560
             360    -1405     0.048080
             361    -1429     0.095960
             362    -1431     0.098120
             363    -1391     0.018240
             364    -1409     0.049320
             365    -1399     0.054900
             366    -1377     0.020040
             367    -1361     0.366680
             368    -1383     0.014540
             369    -1405     0.188600
             370    -1393     0.025380
             371    -1337     0.231760
             372    -1365     0.031960
             373    -1429     0.041400
             374    -1415     0.487740
             375    -1419     0.033700
             376    -1347     0.126280
             377    -1411     0.060180
             378    -1415     0.027520
             379    -1435     0.062920
             380    -1389     0.136460
             381    -1365     0.030220
             382    -1415     0.041480
             383    -1339     0.087340
             384    -1403     0.061700
             385    -1379     0.086500
             386    -1405     0.042540
             387    -1369     0.032800
             388    -1377     0.068280
             389    -1403     0.089860
             390    -1441     0.015560
             391    -1363     0.030900
             392    -1397     0.144220
             393    -1419     0.334960
             394    -1373     0.034840
             395    -1403     0.216500
             396    -1387     0.041100
             397    -1393     0.016880
             398    -1405     0.051860
             399    -1425     0.018200
             400    -1383     0.041580
             401    -1455     0.022180
             402    -1405     0.033080
             403    -1401     0.036760
             404    -1397     0.026240
             405    -1367     0.008480
             406    -1433     0.183260
             407    -1421     0.048180
             408    -1415     0.022400
             409    -1409     0.097680
             410    -1425     0.020380
             411    -1399     0.026680
             412    -1399     0.195460
             413    -1379     0.019000
             414    -1387     0.027500
             415    -1401     0.054840
             416    -1417     0.100580
             417    -1427     0.031560
             418    -1419     0.090580
             419    -1397     0.176400
             420    -1429     0.087140
             421    -1441     0.048660
             422    -1429     0.052080
             423    -1343     0.184160
             424    -1353     0.650460
             425    -1349     0.089260
             426    -1395     0.032860
             427    -1393     0.060260
             428    -1407     0.017740
             429    -1317     0.016220
             430    -1411     0.018740
             431    -1321     0.047200
             432    -1393     0.034540
             433    -1413     0.016660
             434    -1443     0.043000
             435    -1387     0.462540
             436    -1415     0.254700
             437    -1379     0.013900
             438    -1355     0.015480
             439    -1441     0.016480
             440    -1363     0.023960
             441    -1401     0.012000
             442    -1361     0.411540
             443    -1389     0.195620
             444    -1373     0.051240
             445    -1377     0.168440
             446    -1395     0.049660
             447    -1427     0.028360
             448    -1409     0.395620
             449    -1393     0.008780
             450    -1441     0.033880
             451    -1365     0.107520
             452    -1393     0.091780
             453    -1455     0.103600
             454    -1407     0.072100
             455    -1423     0.045680
             456    -1399     0.046020
             457    -1373     0.114780
             458    -1447     0.056580
             459    -1461     0.021940
             460    -1351     0.018660
             461    -1403     0.045180
             462    -1393     0.033700
             463    -1329     0.014000
             464    -1399     0.089340
             465    -1389     0.156820
             466    -1407     0.014840
             467    -1383     0.117160
             468    -1379     0.167740
             469    -1423     0.016220
             470    -1407     0.031940
             471    -1375     0.051780
             472    -1371     0.111060
             473    -1427     0.019240
             474    -1405     0.178840
             475    -1375     0.104360
             476    -1425     0.088420
             477    -1365     0.040440
             478    -1377     0.066920
             479    -1403     0.122260
             480    -1341     0.014960
             481    -1365     0.027300
             482    -1449     0.042380
             483    -1371     0.045760
             484    -1383     0.063240
             485    -1395     0.083560
             486    -1409     0.153420
             487    -1401     0.089700
             488    -1389     0.067540
             489    -1381     0.060560
             490    -1363     0.047400
             491    -1407     0.185760
             492    -1393     0.105240
             493    -1431     0.027860
             494    -1371     0.051940
             495    -1431     0.053160
             496    -1407     0.014780
             497    -1341     0.019480
             498    -1353     0.044320
             499    -1399     0.100840
             500    -1401     0.010320
             501    -1381     0.014460
             502    -1383     0.025120
             503    -1407     0.127140
             504    -1391     0.016620
             505    -1363     0.021720
             506    -1395     0.042240
             507    -1393     0.033040
             508    -1389     0.098380
             509    -1373     0.220080
             510    -1419     0.163900
             511    -1457     0.036640
             512    -1389     0.761420
             513    -1403     0.170480
             514    -1413     0.017960
             515    -1389     0.310380
             516    -1397     0.044200
             517    -1397     0.082920
             518    -1417     0.061300
             519    -1387     0.017540
             520    -1399     0.088880
             521    -1417     0.032260
             522    -1427     0.050440
             523    -1357     0.065460
             524    -1369     0.247900
             525    -1391     0.155240
             526    -1373     0.411680
             527    -1375     0.048240
             528    -1401     0.173740
             529    -1361     0.031520
             530    -1403     0.023640
             531    -1357     0.078220
             532    -1391     0.064200
             533    -1359     0.054140
             534    -1405     0.019380
             535    -1427     0.067240
             536    -1383     0.149400
             537    -1361     0.041820
             538    -1419     0.013120
             539    -1371     0.114040
             540    -1397     0.022760
             541    -1467     0.016700
             542    -1407     0.030840
             543    -1435     0.089100
             544    -1405     0.131900
             545    -1367     0.072620
             546    -1415     0.123980
             547    -1379     0.042040
             548    -1435     0.090640
             549    -1373     0.218720
             550    -1407     0.010340
             551    -1437     0.017280
             552    -1419     0.013400
             553    -1379     0.314060
             554    -1421     0.042120
             555    -1377     0.055240
             556    -1351     0.058800
             557    -1393     0.065380
             558    -1381     0.057060
             559    -1441     0.021420
             560    -1371     0.143420
             561    -1409     0.017980
             562    -1397     0.130080
             563    -1381     0.033420
             564    -1413     0.039480
             565    -1365     0.074180
             566    -1413     0.039920
             567    -1405     0.037900
             568    -1395     0.031540
             569    -1381     0.029600
             570    -1379     0.045580
             571    -1405     0.043420
             572    -1387     0.350460
             573    -1415     0.197160
             574    -1407     0.040100
             575    -1397     0.026780
             576    -1393     0.132340
             577    -1403     0.035380
             578    -1349     0.060840
             579    -1411     0.025000
             580    -1407     0.119840
             581    -1319     0.025260
             582    -1405     0.007220
             583    -1427     0.199700
             584    -1445     0.022780
             585    -1415     0.026640
             586    -1379     0.332740
             587    -1403     0.040480
             588    -1413     0.017640
             589    -1409     0.129760
             590    -1421     0.026840
             591    -1435     0.038320
             592    -1409     0.169720
             593    -1391     0.068700
             594    -1419     0.092520
             595    -1411     0.030520
             596    -1403     0.021400
             597    -1373     0.005440
             598    -1389     0.028660
             599    -1369     0.035420
             600    -1433     0.012840
             601    -1403     0.039220
             602    -1449     0.007020
             603    -1369     0.123920
             604    -1359     0.032560
             605    -1385     0.021200
             606    -1407     0.012560
             607    -1385     0.047780
             608    -1369     0.106600
             609    -1371     0.096560
             610    -1393     0.037560
             611    -1423     0.035800
             612    -1337     0.030240
             613    -1381     0.039040
             614    -1381     0.111180
             615    -1389     0.134600
             616    -1385     0.041300
             617    -1425     0.109540
             618    -1407     0.095520
             619    -1429     0.171400
             620    -1409     0.124320
             621    -1385     0.055940
             622    -1425     0.040540
             623    -1375     0.051060
             624    -1377     0.954460
             625    -1407     0.021720
             626    -1331     0.432060
             627    -1353     0.014960
             628    -1369     0.059640
             629    -1393     0.010760
             630    -1361     0.014400
             631    -1351     0.108980
             632    -1369     0.030220
             633    -1391     0.065660
             634    -1405     0.175920
             635    -1417     0.016020
             636    -1409     0.071160
             637    -1353     0.490880
             638    -1401     0.043600
             639    -1393     0.050760
             640    -1353     0.031900
             641    -1431     0.096160
             642    -1385     0.049280
             643    -1361     0.220920
             644    -1355     0.050900
             645    -1407     0.044080
             646    -1423     0.049720
             647    -1367     0.146560
             648    -1381     0.132840
             649    -1427     0.094100
             650    -1399     0.105260
             651    -1393     0.036500
             652    -1397     0.118840
             653    -1411     0.086520
             654    -1433     0.059920
             655    -1401     0.010140
             656    -1395     0.131580
             657    -1405     0.021800
             658    -1425     0.051420
             659    -1417     0.031660
             660    -1357     0.413180
             661    -1389     0.022440
             662    -1357     0.041380
             663    -1371     0.041040
             664    -1407     0.056600
             665    -1385     0.314660
             666    -1375     0.041160
             667    -1391     0.033760
             668    -1423     0.045020
             669    -1371     0.244900
             670    -1447     0.018960
             671    -1387     0.063120
             672    -1357     0.017820
             673    -1377     0.006920
             674    -1435     0.034720
             675    -1401     0.039620
             676    -1401     0.282660
             677    -1347     0.434760
             678    -1371     0.022140
             679    -1441     0.027420
             680    -1435     0.396840
             681    -1417     0.042020
             682    -1339     0.050060
             683    -1391     0.034380
             684    -1393     0.027180
             685    -1369     0.056400
             686    -1457     0.102760
             687    -1391     0.048040
             688    -1407     0.151120
             689    -1389     0.015460
             690    -1377     0.086280
             691    -1349     0.092480
             692    -1423     0.038520
             693    -1393     0.010900
             694    -1355     0.140600
             695    -1395     0.058440
             696    -1397     0.024540
             697    -1387     0.064400
             698    -1385     0.302300
             699    -1361     0.034980
             700    -1451     0.025660
             701    -1411     0.203240
             702    -1459     0.014500
             703    -1385     0.056240
             704    -1407     0.007520
             705    -1369     0.046760
             706    -1369     0.042280
             707    -1387     0.052680
             708    -1365     0.225380
             709    -1411     0.058840
             710    -1381     0.021360
             711    -1417     0.357240
             712    -1397     0.300300
             713    -1375     0.083600
             714    -1431     0.018760
             715    -1405     0.024240
             716    -1387     0.067520
             717    -1381     0.443620
             718    -1437     0.027580
             719    -1389     0.051980
             720    -1373     0.060280
             721    -1391     0.150420
             722    -1375     0.086120
             723    -1423     0.090240
             724    -1377     0.021580
             725    -1345     0.045660
             726    -1373     0.144340
             727    -1385     0.013940
             728    -1395     0.029580
             729    -1369     0.023500
             730    -1397     0.025480
             731    -1397     0.343800
             732    -1389     0.017600
             733    -1387     0.048260
             734    -1421     0.081500
             735    -1381     0.092760
             736    -1413     0.022400
             737    -1393     0.023540
             738    -1379     0.118620
             739    -1411     0.011120
             740    -1441     0.034700
             741    -1419     0.066340
             742    -1429     0.024680
             743    -1373     0.037140
             744    -1391     0.089200
             745    -1417     0.056660
             746    -1429     0.008760
             747    -1359     0.343780
             748    -1409     0.109820
             749    -1433     0.022940
             750    -1379     0.037620
             751    -1389     0.048880
             752    -1387     0.095780
             753    -1377     0.174840
             754    -1419     0.103120
             755    -1367     0.062300
             756    -1417     0.050200
             757    -1417     0.033560
             758    -1417     0.022820
             759    -1411     0.013840
             760    -1413     0.065280
             761    -1397     0.023040
             762    -1361     0.106140
             763    -1371     0.041860
             764    -1409     0.110800
             765    -1439     0.114860
             766    -1403     0.054900
             767    -1421     0.143140
             768    -1421     0.014720
             769    -1359     0.063100
             770    -1319     0.007240
             771    -1429     0.051900
             772    -1405     0.146800
             773    -1405     0.019720
             774    -1413     0.029920
             775    -1435     0.070860
             776    -1387     0.156220
             777    -1451     0.078280
             778    -1395     0.319200
             779    -1413     0.229040
             780    -1361     0.106820
             781    -1405     0.030780
             782    -1453     0.023960
             783    -1367     0.063680
             784    -1405     0.062880
             785    -1409     0.072620
             786    -1447     0.025020
             787    -1411     0.245720
             788    -1381     0.026240
             789    -1389     0.031480
             790    -1399     0.027520
             791    -1377     0.008040
             792    -1383     0.013420
             793    -1423     0.635540
             794    -1373     0.030360
             795    -1419     0.024740
             796    -1405     0.069520
             797    -1365     0.132120
             798    -1387     0.082800
             799    -1419     0.076980
             800    -1439     0.033080
             801    -1375     0.025860
             802    -1413     0.068160
             803    -1363     0.007080
             804    -1425     0.035160
             805    -1449     0.032380
             806    -1383     0.062000
             807    -1431     0.034100
             808    -1417     0.039860
             809    -1387     0.052100
             810    -1385     0.475100
             811    -1423     0.054600
             812    -1401     0.023060
             813    -1407     0.244660
             814    -1407     0.013400
             815    -1381     0.193680
             816    -1357     0.044200
             817    -1417     0.085460
             818    -1389     0.174980
             819    -1405     0.024860
             820    -1387     0.063700
             821    -1373     0.112820
             822    -1369     0.072080
             823    -1373     0.031180
             824    -1467     0.037220
             825    -1381     0.024220
             826    -1411     0.160320
             827    -1415     0.104920
             828    -1409     0.109800
             829    -1359     0.046060
             830    -1373     0.010400
             831    -1403     0.051540
             832    -1339     0.049340
             833    -1395     0.022520
             834    -1373     0.048280
             835    -1369     0.047480
             836    -1463     0.012480
             837    -1417     0.077280
             838    -1449     0.047860
             839    -1383     0.030920
             840    -1433     0.040720
             841    -1385     0.441280
             842    -1391     0.122180
             843    -1419     0.073720
             844    -1421     0.266560
             845    -1365     0.022400
             846    -1397     0.020680
             847    -1433     0.012800
             848    -1455     0.043860
             849    -1429     0.014040
             850    -1375     0.097720
             851    -1403     0.043240
             852    -1423     0.008400
             853    -1401     0.056680
             854    -1385     0.019600
             855    -1371     0.925300
             856    -1395     0.021460
             857    -1397     0.030980
             858    -1361     0.021480
             859    -1375     0.018500
             860    -1345     0.255560
             861    -1391     0.061820
             862    -1385     0.061000
             863    -1409     0.076060
             864    -1433     0.068360
             865    -1369     0.015400
             866    -1405     0.099700
             867    -1355     0.170680
             868    -1447     0.046500
             869    -1421     0.015300
             870    -1367     0.043880
             871    -1433     0.010760
             872    -1371     0.033420
             873    -1437     0.411620
             874    -1383     0.035120
             875    -1407     0.013320
             876    -1403     0.032440
             877    -1343     0.023720
             878    -1425     0.079260
             879    -1381     0.016380
             880    -1375     0.056400
             881    -1349     0.014480
             882    -1373     0.194380
             883    -1405     0.082660
             884    -1333     0.065080
             885    -1391     0.039900
             886    -1387     0.302040
             887    -1451     0.008600
             888    -1365     0.041260
             889    -1393     0.022540
             890    -1409     0.069740
             891    -1355     0.181600
             892    -1367     0.077040
             893    -1401     0.082140
             894    -1345     0.041200
             895    -1429     0.158200
             896    -1369     0.283400
             897    -1415     0.020060
             898    -1391     0.120600
             899    -1397     0.022780
             900    -1415     0.166880
             901    -1395     0.053980
             902    -1391     0.023740
             903    -1365     0.365500
             904    -1375     0.017680
             905    -1413     0.057720
             906    -1455     0.047980
             907    -1393     0.062920
             908    -1369     0.017060
             909    -1369     0.057520
             910    -1427     0.023500
             911    -1399     0.062220
             912    -1383     0.122360
             913    -1403     0.021980
             914    -1417     0.036820
             915    -1387     0.213740
             916    -1387     0.018580
             917    -1381     0.189160
             918    -1369     0.081820
             919    -1401     0.254640
             920    -1351     0.058600
             921    -1387     0.438400
             922    -1391     0.007720
             923    -1425     0.075360
             924    -1365     0.025120
             925    -1389     0.084720
             926    -1455     0.026940
             927    -1389     0.029520
             928    -1439     0.525640
             929    -1393     0.139460
             930    -1389     0.053860
             931    -1399     0.152780
             932    -1425     0.050020
             933    -1407     0.009900
             934    -1387     0.039260
             935    -1441     0.068680
             936    -1421     0.013600
             937    -1415     0.125760
             938    -1431     0.056220
             939    -1399     0.022300
             940    -1399     0.018820
             941    -1365     0.046120
             942    -1381     0.049760
             943    -1403     0.021140
             944    -1399     0.020440
             945    -1415     0.030480
             946    -1349     0.206380
             947    -1429     0.022400
             948    -1417     0.018400
             949    -1425     0.027520
             950    -1401     0.025580
             951    -1409     0.025900
             952    -1375     0.077340
             953    -1365     0.015280
             954    -1395     0.337760
             955    -1407     0.339380
             956    -1415     0.030580
             957    -1419     0.355800
             958    -1381     0.074980
             959    -1419     0.029100
             960    -1423     0.017540
             961    -1387     0.018520
             962    -1413     0.015180
             963    -1381     0.037480
             964    -1373     0.050600
             965    -1393     0.156720
             966    -1423     0.090700
             967    -1347     0.012320
             968    -1417     0.022620
             969    -1323     0.096320
             970    -1353     0.052320
             971    -1373     0.080380
             972    -1395     0.040720
             973    -1375     0.009160
             974    -1381     0.187440
             975    -1387     0.020960
             976    -1375     0.096300
             977    -1361     0.053500
             978    -1399     0.135380
             979    -1401     0.365580
             980    -1427     0.058120
             981    -1459     0.069420
             982    -1393     0.037340
             983    -1387     0.011020
             984    -1347     0.783780
             985    -1415     0.073780
             986    -1453     0.191420
             987    -1413     0.064380
             988    -1375     0.009520
             989    -1375     0.007660
             990    -1357     0.051660
             991    -1379     0.031860
             992    -1411     0.249460
             993    -1371     0.129160
             994    -1407     0.079000
             995    -1375     0.048020
             996    -1369     0.009800
             997    -1433     0.014980
             998    -1393     0.089960
             999    -1363     0.012460
            1000    -1395     0.018000
