# Problem number  Optimum          TTS
               1     -369     0.014680
               2     -332     0.006680
               3     -344     0.013220
               4     -336     0.013460
               5     -353     0.005520
               6     -328     0.022940
               7     -360     0.025080
               8     -333     0.025720
               9     -360     0.013860
              10     -341     0.007140
              11     -341     0.034000
              12     -325     0.005040
              13     -341     0.021540
              14     -345     0.055280
              15     -368     0.014080
              16     -368     0.039580
              17     -320     0.004660
              18     -344     0.005480
              19     -330     0.028000
              20     -348     0.011480
              21     -391     0.006880
              22     -314     0.013840
              23     -358     0.021220
              24     -354     0.020620
              25     -369     0.008420
              26     -342     0.013720
              27     -347     0.003240
              28     -325     0.008820
              29     -348     0.021840
              30     -331     0.005320
              31     -352     0.013360
              32     -321     0.004640
              33     -337     0.018720
              34     -368     0.014280
              35     -339     0.023280
              36     -348     0.027440
              37     -349     0.009460
              38     -346     0.022680
              39     -343     0.017340
              40     -359     0.006040
              41     -310     0.027140
              42     -360     0.007100
              43     -341     0.041600
              44     -379     0.009520
              45     -365     0.014020
              46     -359     0.006240
              47     -337     0.007780
              48     -322     0.010680
              49     -343     0.023280
              50     -349     0.018960
              51     -338     0.010900
              52     -326     0.022140
              53     -382     0.006060
              54     -347     0.030560
              55     -329     0.026200
              56     -375     0.013160
              57     -350     0.014020
              58     -345     0.007700
              59     -333     0.010800
              60     -334     0.010480
              61     -323     0.006440
              62     -348     0.018900
              63     -338     0.019260
              64     -347     0.027660
              65     -341     0.020100
              66     -351     0.020940
              67     -354     0.014280
              68     -357     0.017520
              69     -341     0.012160
              70     -352     0.011560
              71     -357     0.008360
              72     -352     0.016940
              73     -353     0.017340
              74     -342     0.052320
              75     -356     0.006480
              76     -359     0.020240
              77     -351     0.015340
              78     -375     0.017760
              79     -336     0.005780
              80     -379     0.007540
              81     -368     0.017360
              82     -337     0.047380
              83     -353     0.008500
              84     -363     0.006620
              85     -373     0.005120
              86     -343     0.009140
              87     -356     0.010820
              88     -334     0.025660
              89     -341     0.034980
              90     -331     0.003500
              91     -360     0.011640
              92     -398     0.010620
              93     -356     0.020300
              94     -350     0.026960
              95     -374     0.006500
              96     -387     0.004060
              97     -342     0.014780
              98     -370     0.013440
              99     -348     0.013360
             100     -368     0.013880
             101     -351     0.010400
             102     -311     0.016300
             103     -348     0.021280
             104     -356     0.019000
             105     -366     0.020640
             106     -340     0.008360
             107     -342     0.037900
             108     -337     0.006660
             109     -346     0.033460
             110     -319     0.010160
             111     -354     0.041940
             112     -375     0.020120
             113     -349     0.010360
             114     -330     0.006900
             115     -365     0.008960
             116     -334     0.014140
             117     -359     0.007180
             118     -349     0.026060
             119     -355     0.061820
             120     -360     0.027040
             121     -316     0.014900
             122     -350     0.010200
             123     -347     0.015900
             124     -327     0.021200
             125     -331     0.031880
             126     -350     0.018300
             127     -349     0.019360
             128     -341     0.008480
             129     -336     0.007480
             130     -358     0.007880
             131     -336     0.005760
             132     -343     0.013240
             133     -377     0.093160
             134     -323     0.004360
             135     -358     0.024360
             136     -366     0.011580
             137     -366     0.034880
             138     -375     0.012200
             139     -356     0.042400
             140     -329     0.032740
             141     -376     0.015780
             142     -399     0.015520
             143     -346     0.010900
             144     -338     0.007600
             145     -348     0.013820
             146     -382     0.027240
             147     -334     0.004680
             148     -301     0.009940
             149     -375     0.008820
             150     -347     0.007860
             151     -382     0.022120
             152     -366     0.008780
             153     -354     0.011300
             154     -374     0.006080
             155     -356     0.004880
             156     -359     0.012600
             157     -345     0.006240
             158     -359     0.008640
             159     -355     0.012200
             160     -345     0.006420
             161     -345     0.006160
             162     -353     0.006800
             163     -331     0.029240
             164     -327     0.013400
             165     -351     0.017720
             166     -335     0.009480
             167     -307     0.011060
             168     -337     0.027000
             169     -394     0.016580
             170     -351     0.020900
             171     -346     0.006020
             172     -352     0.004780
             173     -352     0.007260
             174     -359     0.010700
             175     -353     0.016740
             176     -347     0.021000
             177     -354     0.032300
             178     -345     0.007980
             179     -356     0.012300
             180     -347     0.007520
             181     -350     0.016240
             182     -332     0.008120
             183     -355     0.022060
             184     -348     0.004240
             185     -323     0.024260
             186     -357     0.031220
             187     -346     0.013580
             188     -356     0.015180
             189     -353     0.009140
             190     -334     0.003340
             191     -308     0.016280
             192     -338     0.004960
             193     -338     0.006920
             194     -391     0.005100
             195     -356     0.003700
             196     -377     0.007400
             197     -337     0.005940
             198     -357     0.009680
             199     -377     0.012240
             200     -351     0.010620
             201     -334     0.028620
             202     -355     0.020100
             203     -334     0.008260
             204     -321     0.070420
             205     -341     0.002980
             206     -354     0.006980
             207     -379     0.011180
             208     -355     0.007580
             209     -351     0.013940
             210     -356     0.007140
             211     -324     0.064460
             212     -356     0.022060
             213     -343     0.014540
             214     -330     0.023700
             215     -338     0.021540
             216     -351     0.007760
             217     -345     0.005640
             218     -325     0.008140
             219     -369     0.010600
             220     -336     0.008080
             221     -356     0.052500
             222     -329     0.006600
             223     -347     0.009100
             224     -346     0.012880
             225     -349     0.008780
             226     -348     0.021240
             227     -325     0.007040
             228     -324     0.009580
             229     -362     0.004180
             230     -365     0.036500
             231     -342     0.015580
             232     -373     0.014860
             233     -355     0.024560
             234     -320     0.008800
             235     -332     0.007460
             236     -348     0.024720
             237     -368     0.017660
             238     -359     0.008020
             239     -351     0.021480
             240     -365     0.023000
             241     -360     0.011040
             242     -313     0.009960
             243     -354     0.006860
             244     -381     0.006480
             245     -380     0.006200
             246     -377     0.012260
             247     -335     0.017600
             248     -373     0.004180
             249     -363     0.005620
             250     -359     0.003460
             251     -357     0.011260
             252     -356     0.010300
             253     -339     0.027160
             254     -345     0.018600
             255     -364     0.009460
             256     -351     0.010420
             257     -340     0.005920
             258     -351     0.017080
             259     -334     0.019540
             260     -342     0.015420
             261     -403     0.013860
             262     -370     0.006200
             263     -361     0.031580
             264     -333     0.006420
             265     -360     0.019800
             266     -355     0.021840
             267     -335     0.007180
             268     -352     0.004900
             269     -356     0.013260
             270     -354     0.008060
             271     -340     0.007180
             272     -317     0.010720
             273     -335     0.038500
             274     -388     0.027500
             275     -363     0.010220
             276     -337     0.031140
             277     -354     0.019860
             278     -349     0.011680
             279     -357     0.005920
             280     -357     0.024960
             281     -320     0.013920
             282     -340     0.018040
             283     -362     0.049120
             284     -353     0.023240
             285     -352     0.065340
             286     -302     0.009160
             287     -376     0.012960
             288     -357     0.011400
             289     -353     0.004160
             290     -366     0.011760
             291     -392     0.008880
             292     -328     0.006440
             293     -359     0.007660
             294     -378     0.011800
             295     -341     0.032000
             296     -343     0.003080
             297     -324     0.031100
             298     -366     0.019820
             299     -352     0.025100
             300     -367     0.004240
             301     -347     0.012660
             302     -350     0.012000
             303     -353     0.005840
             304     -363     0.006660
             305     -340     0.023400
             306     -315     0.018140
             307     -357     0.016960
             308     -338     0.006940
             309     -361     0.006440
             310     -356     0.010280
             311     -377     0.008800
             312     -365     0.015860
             313     -364     0.003320
             314     -365     0.011020
             315     -325     0.006260
             316     -352     0.008220
             317     -349     0.017320
             318     -346     0.023540
             319     -360     0.002740
             320     -362     0.016580
             321     -374     0.015500
             322     -339     0.008800
             323     -357     0.010460
             324     -351     0.106400
             325     -339     0.004840
             326     -364     0.006200
             327     -338     0.007840
             328     -316     0.005660
             329     -354     0.009200
             330     -357     0.025100
             331     -336     0.027600
             332     -330     0.017000
             333     -358     0.026160
             334     -362     0.042040
             335     -367     0.028980
             336     -345     0.013120
             337     -356     0.011700
             338     -362     0.010800
             339     -327     0.006400
             340     -369     0.006960
             341     -356     0.005700
             342     -357     0.014620
             343     -347     0.009180
             344     -365     0.004760
             345     -352     0.012120
             346     -340     0.023520
             347     -361     0.035520
             348     -354     0.009880
             349     -310     0.033800
             350     -362     0.018260
             351     -339     0.032860
             352     -364     0.031360
             353     -345     0.007500
             354     -374     0.028180
             355     -351     0.021000
             356     -368     0.024420
             357     -384     0.009340
             358     -366     0.007680
             359     -368     0.018660
             360     -390     0.018560
             361     -351     0.019000
             362     -365     0.011240
             363     -358     0.007780
             364     -340     0.009140
             365     -350     0.012480
             366     -352     0.012440
             367     -352     0.036380
             368     -362     0.031420
             369     -379     0.039880
             370     -363     0.014360
             371     -371     0.008680
             372     -295     0.013360
             373     -339     0.004200
             374     -339     0.011280
             375     -372     0.016920
             376     -389     0.008740
             377     -367     0.009180
             378     -337     0.014560
             379     -339     0.009040
             380     -357     0.010160
             381     -365     0.006640
             382     -341     0.046920
             383     -370     0.020940
             384     -345     0.007320
             385     -350     0.044600
             386     -344     0.041740
             387     -353     0.013680
             388     -357     0.009660
             389     -354     0.019040
             390     -322     0.009700
             391     -371     0.022000
             392     -358     0.010500
             393     -325     0.009560
             394     -373     0.016280
             395     -335     0.007520
             396     -338     0.019260
             397     -359     0.017260
             398     -337     0.007520
             399     -337     0.008100
             400     -347     0.009480
             401     -372     0.006200
             402     -365     0.035200
             403     -373     0.007700
             404     -329     0.005840
             405     -344     0.007140
             406     -349     0.016480
             407     -332     0.010700
             408     -337     0.008940
             409     -344     0.008900
             410     -345     0.016680
             411     -341     0.022860
             412     -347     0.007820
             413     -353     0.006120
             414     -345     0.012760
             415     -338     0.018020
             416     -330     0.011560
             417     -385     0.007820
             418     -336     0.011360
             419     -342     0.019900
             420     -353     0.021420
             421     -338     0.016760
             422     -324     0.011960
             423     -365     0.009640
             424     -344     0.010260
             425     -376     0.009900
             426     -365     0.014280
             427     -352     0.008540
             428     -350     0.013040
             429     -379     0.006920
             430     -356     0.007280
             431     -380     0.011060
             432     -342     0.011740
             433     -356     0.016040
             434     -314     0.011220
             435     -355     0.011280
             436     -324     0.006000
             437     -356     0.009260
             438     -354     0.008480
             439     -338     0.011760
             440     -341     0.010720
             441     -355     0.040840
             442     -368     0.007540
             443     -359     0.006760
             444     -340     0.007900
             445     -358     0.032640
             446     -366     0.008360
             447     -325     0.005900
             448     -324     0.005540
             449     -359     0.003640
             450     -345     0.004400
             451     -351     0.020380
             452     -335     0.025980
             453     -367     0.017180
             454     -347     0.022560
             455     -344     0.010820
             456     -329     0.007860
             457     -356     0.008940
             458     -333     0.028980
             459     -337     0.046320
             460     -374     0.004500
             461     -342     0.018140
             462     -362     0.019620
             463     -368     0.013260
             464     -343     0.022900
             465     -362     0.011920
             466     -332     0.009660
             467     -356     0.004180
             468     -347     0.005240
             469     -361     0.009040
             470     -380     0.009140
             471     -337     0.004360
             472     -350     0.005800
             473     -352     0.037940
             474     -346     0.010240
             475     -333     0.007320
             476     -339     0.008300
             477     -374     0.007380
             478     -331     0.018600
             479     -338     0.005580
             480     -350     0.009040
             481     -349     0.014260
             482     -332     0.020600
             483     -326     0.006320
             484     -334     0.015440
             485     -400     0.006720
             486     -329     0.008140
             487     -341     0.030760
             488     -357     0.024000
             489     -361     0.008480
             490     -341     0.008840
             491     -335     0.010820
             492     -330     0.023220
             493     -344     0.035320
             494     -348     0.007540
             495     -343     0.010880
             496     -338     0.012480
             497     -357     0.012360
             498     -340     0.013460
             499     -339     0.016320
             500     -322     0.012380
             501     -356     0.005940
             502     -334     0.016700
             503     -318     0.012780
             504     -350     0.012440
             505     -375     0.012980
             506     -334     0.050280
             507     -342     0.005780
             508     -364     0.010660
             509     -346     0.006120
             510     -349     0.010380
             511     -358     0.006480
             512     -336     0.006060
             513     -331     0.023200
             514     -348     0.016540
             515     -354     0.008580
             516     -341     0.031740
             517     -335     0.028340
             518     -341     0.010120
             519     -373     0.010300
             520     -381     0.004920
             521     -333     0.005920
             522     -348     0.009140
             523     -342     0.035980
             524     -360     0.010120
             525     -355     0.005420
             526     -358     0.013000
             527     -345     0.006000
             528     -337     0.014540
             529     -370     0.009320
             530     -337     0.018800
             531     -343     0.006460
             532     -353     0.022340
             533     -345     0.015800
             534     -338     0.010440
             535     -354     0.020000
             536     -353     0.014160
             537     -372     0.004240
             538     -367     0.002520
             539     -366     0.008940
             540     -331     0.046300
             541     -358     0.020440
             542     -334     0.004420
             543     -339     0.006760
             544     -344     0.010940
             545     -362     0.006900
             546     -337     0.012880
             547     -321     0.011320
             548     -303     0.005340
             549     -363     0.004120
             550     -322     0.009240
             551     -317     0.016720
             552     -369     0.006060
             553     -351     0.005720
             554     -322     0.011820
             555     -367     0.006240
             556     -343     0.011820
             557     -376     0.009840
             558     -359     0.006320
             559     -328     0.015840
             560     -350     0.013760
             561     -369     0.004640
             562     -360     0.009660
             563     -382     0.025880
             564     -314     0.009320
             565     -382     0.012500
             566     -351     0.029580
             567     -337     0.008960
             568     -337     0.010980
             569     -328     0.045180
             570     -331     0.040020
             571     -365     0.012440
             572     -327     0.034040
             573     -329     0.006400
             574     -333     0.006520
             575     -315     0.005980
             576     -343     0.007300
             577     -348     0.010440
             578     -351     0.013740
             579     -361     0.020740
             580     -338     0.018180
             581     -376     0.019580
             582     -346     0.007020
             583     -334     0.005040
             584     -317     0.016040
             585     -351     0.088140
             586     -333     0.016020
             587     -372     0.006900
             588     -349     0.006840
             589     -347     0.007240
             590     -350     0.008260
             591     -340     0.007760
             592     -335     0.009140
             593     -365     0.024100
             594     -318     0.007480
             595     -370     0.012100
             596     -377     0.035180
             597     -339     0.007580
             598     -344     0.012160
             599     -358     0.009360
             600     -347     0.016000
             601     -346     0.021180
             602     -358     0.017500
             603     -350     0.035200
             604     -329     0.061320
             605     -361     0.021880
             606     -327     0.018440
             607     -339     0.020340
             608     -344     0.010380
             609     -360     0.006500
             610     -330     0.018100
             611     -349     0.009680
             612     -378     0.013380
             613     -381     0.018440
             614     -354     0.018940
             615     -340     0.004600
             616     -364     0.011000
             617     -346     0.006300
             618     -344     0.064800
             619     -333     0.004000
             620     -332     0.037680
             621     -355     0.011680
             622     -367     0.010960
             623     -344     0.018540
             624     -342     0.077140
             625     -341     0.012740
             626     -367     0.029920
             627     -360     0.028160
             628     -374     0.030140
             629     -361     0.011880
             630     -344     0.006160
             631     -368     0.007200
             632     -361     0.037820
             633     -390     0.009760
             634     -363     0.008560
             635     -357     0.007060
             636     -318     0.007360
             637     -365     0.017280
             638     -344     0.026700
             639     -340     0.019700
             640     -369     0.013820
             641     -345     0.009740
             642     -362     0.021680
             643     -331     0.006940
             644     -376     0.021340
             645     -325     0.008160
             646     -358     0.008120
             647     -350     0.011320
             648     -362     0.039320
             649     -321     0.025100
             650     -353     0.002920
             651     -339     0.002940
             652     -364     0.006320
             653     -328     0.016420
             654     -348     0.009460
             655     -343     0.012380
             656     -359     0.006780
             657     -384     0.009640
             658     -299     0.040840
             659     -356     0.006700
             660     -377     0.008140
             661     -337     0.012740
             662     -334     0.004960
             663     -334     0.010960
             664     -364     0.014940
             665     -356     0.007280
             666     -345     0.008700
             667     -345     0.091900
             668     -331     0.011900
             669     -375     0.009360
             670     -355     0.005720
             671     -337     0.041460
             672     -361     0.029140
             673     -358     0.006360
             674     -331     0.003760
             675     -372     0.010860
             676     -330     0.010360
             677     -393     0.006100
             678     -370     0.007560
             679     -309     0.027360
             680     -304     0.007340
             681     -372     0.013640
             682     -362     0.009460
             683     -331     0.009260
             684     -347     0.007560
             685     -365     0.012780
             686     -321     0.011100
             687     -364     0.014100
             688     -319     0.009680
             689     -347     0.004480
             690     -357     0.014060
             691     -368     0.024120
             692     -315     0.018140
             693     -348     0.031700
             694     -347     0.035340
             695     -344     0.038500
             696     -363     0.014260
             697     -334     0.023880
             698     -330     0.014400
             699     -371     0.010280
             700     -341     0.009420
             701     -344     0.015660
             702     -363     0.011980
             703     -357     0.005680
             704     -354     0.005400
             705     -360     0.009520
             706     -362     0.013140
             707     -332     0.015320
             708     -390     0.027760
             709     -381     0.021660
             710     -335     0.009740
             711     -342     0.026180
             712     -380     0.009880
             713     -360     0.009980
             714     -334     0.009520
             715     -367     0.004400
             716     -334     0.017220
             717     -399     0.022060
             718     -358     0.028540
             719     -361     0.010140
             720     -344     0.011320
             721     -354     0.007840
             722     -323     0.008460
             723     -345     0.015760
             724     -364     0.004460
             725     -357     0.003660
             726     -360     0.010040
             727     -355     0.006880
             728     -329     0.004940
             729     -371     0.005620
             730     -354     0.031520
             731     -353     0.006940
             732     -366     0.018340
             733     -348     0.020220
             734     -358     0.013340
             735     -332     0.015080
             736     -341     0.008060
             737     -311     0.010260
             738     -335     0.039660
             739     -309     0.004440
             740     -334     0.005880
             741     -335     0.011900
             742     -335     0.008480
             743     -387     0.004740
             744     -364     0.004360
             745     -358     0.035240
             746     -350     0.021300
             747     -355     0.006760
             748     -361     0.006360
             749     -347     0.009180
             750     -340     0.011720
             751     -357     0.011260
             752     -333     0.022160
             753     -370     0.010440
             754     -354     0.008440
             755     -408     0.009680
             756     -333     0.013320
             757     -326     0.012640
             758     -360     0.005200
             759     -372     0.006800
             760     -366     0.007460
             761     -375     0.022300
             762     -362     0.003600
             763     -338     0.031680
             764     -333     0.009900
             765     -348     0.033220
             766     -351     0.007380
             767     -359     0.015560
             768     -308     0.023440
             769     -355     0.014280
             770     -368     0.007120
             771     -330     0.020000
             772     -377     0.016600
             773     -343     0.010520
             774     -315     0.015440
             775     -322     0.019760
             776     -365     0.004180
             777     -332     0.009520
             778     -336     0.016240
             779     -311     0.048560
             780     -350     0.008000
             781     -367     0.016280
             782     -347     0.013020
             783     -362     0.016060
             784     -353     0.077820
             785     -327     0.010060
             786     -333     0.024700
             787     -346     0.010780
             788     -347     0.017020
             789     -346     0.019980
             790     -351     0.042280
             791     -341     0.010580
             792     -337     0.022780
             793     -334     0.008800
             794     -358     0.016040
             795     -351     0.005260
             796     -328     0.075180
             797     -349     0.012780
             798     -345     0.022540
             799     -334     0.010480
             800     -324     0.007680
             801     -336     0.024780
             802     -317     0.006240
             803     -369     0.025020
             804     -338     0.009740
             805     -364     0.007140
             806     -343     0.011100
             807     -351     0.005460
             808     -325     0.025980
             809     -374     0.005920
             810     -327     0.012120
             811     -362     0.036180
             812     -356     0.009600
             813     -346     0.009620
             814     -363     0.008260
             815     -362     0.025720
             816     -357     0.012800
             817     -333     0.037800
             818     -350     0.020740
             819     -332     0.010120
             820     -362     0.008120
             821     -349     0.006760
             822     -384     0.012120
             823     -346     0.029200
             824     -328     0.004240
             825     -345     0.009980
             826     -345     0.016880
             827     -325     0.011520
             828     -331     0.012840
             829     -382     0.011720
             830     -338     0.013120
             831     -338     0.008380
             832     -379     0.008660
             833     -356     0.011240
             834     -337     0.014020
             835     -364     0.009080
             836     -306     0.006480
             837     -318     0.015660
             838     -321     0.004680
             839     -347     0.006420
             840     -337     0.010460
             841     -364     0.062700
             842     -335     0.004360
             843     -362     0.071380
             844     -355     0.008520
             845     -368     0.043740
             846     -351     0.017960
             847     -334     0.029260
             848     -338     0.036340
             849     -318     0.007740
             850     -341     0.009080
             851     -364     0.006000
             852     -337     0.006620
             853     -340     0.022480
             854     -356     0.032020
             855     -353     0.040980
             856     -331     0.015780
             857     -360     0.012800
             858     -348     0.009920
             859     -372     0.011900
             860     -395     0.008000
             861     -369     0.003520
             862     -340     0.011180
             863     -360     0.006720
             864     -357     0.015780
             865     -352     0.007640
             866     -337     0.018120
             867     -330     0.041180
             868     -307     0.019120
             869     -335     0.014660
             870     -365     0.015180
             871     -341     0.005360
             872     -358     0.023100
             873     -307     0.030180
             874     -329     0.017860
             875     -363     0.019500
             876     -371     0.012400
             877     -363     0.009000
             878     -358     0.012300
             879     -362     0.020580
             880     -330     0.005500
             881     -368     0.013460
             882     -340     0.013740
             883     -338     0.018000
             884     -367     0.017740
             885     -349     0.013200
             886     -337     0.008240
             887     -348     0.004260
             888     -341     0.033600
             889     -364     0.013120
             890     -364     0.009820
             891     -385     0.009160
             892     -366     0.011580
             893     -333     0.016160
             894     -362     0.012220
             895     -354     0.017840
             896     -334     0.005100
             897     -371     0.009460
             898     -324     0.023540
             899     -323     0.014280
             900     -342     0.046800
             901     -368     0.013820
             902     -378     0.006480
             903     -347     0.010680
             904     -343     0.011800
             905     -339     0.006860
             906     -325     0.026180
             907     -371     0.014260
             908     -352     0.029780
             909     -337     0.006720
             910     -333     0.011340
             911     -316     0.006940
             912     -323     0.011160
             913     -346     0.008600
             914     -328     0.009160
             915     -343     0.013680
             916     -361     0.013720
             917     -350     0.022740
             918     -364     0.029840
             919     -348     0.004660
             920     -379     0.007580
             921     -338     0.042360
             922     -350     0.035340
             923     -339     0.017060
             924     -334     0.038360
             925     -338     0.006920
             926     -342     0.014120
             927     -335     0.021400
             928     -326     0.006380
             929     -330     0.047900
             930     -297     0.025140
             931     -331     0.025720
             932     -327     0.014320
             933     -364     0.005420
             934     -360     0.023500
             935     -334     0.011640
             936     -346     0.009540
             937     -355     0.005060
             938     -360     0.009560
             939     -360     0.012420
             940     -334     0.004920
             941     -354     0.007060
             942     -361     0.012460
             943     -355     0.006420
             944     -351     0.003580
             945     -338     0.032640
             946     -341     0.007260
             947     -341     0.009520
             948     -324     0.030000
             949     -319     0.009800
             950     -350     0.009860
             951     -346     0.042620
             952     -322     0.027520
             953     -328     0.005080
             954     -309     0.005640
             955     -358     0.008520
             956     -398     0.008000
             957     -357     0.009640
             958     -354     0.003100
             959     -347     0.010120
             960     -341     0.013340
             961     -352     0.032520
             962     -350     0.019300
             963     -333     0.011440
             964     -320     0.016780
             965     -355     0.010000
             966     -356     0.013420
             967     -359     0.024800
             968     -321     0.019460
             969     -376     0.013780
             970     -368     0.004540
             971     -319     0.005980
             972     -349     0.007960
             973     -363     0.023560
             974     -359     0.026640
             975     -372     0.015700
             976     -334     0.012900
             977     -339     0.009680
             978     -333     0.007780
             979     -363     0.007700
             980     -336     0.004320
             981     -310     0.005500
             982     -332     0.028500
             983     -348     0.023100
             984     -378     0.004880
             985     -333     0.057000
             986     -315     0.052680
             987     -355     0.008200
             988     -362     0.005280
             989     -362     0.008480
             990     -344     0.015460
             991     -343     0.013780
             992     -349     0.010960
             993     -375     0.006600
             994     -341     0.004460
             995     -368     0.026640
             996     -356     0.017780
             997     -374     0.014720
             998     -332     0.073140
             999     -371     0.007200
            1000     -337     0.013360
