# Problem number  Optimum          TTS
               1     -439     0.000255
               2     -457     0.000233
               3     -420     0.000354
               4     -443     0.000202
               5     -417     0.000466
               6     -458     0.000224
               7     -464     0.000243
               8     -409     0.000207
               9     -426     0.000223
              10     -435     0.000201
              11     -452     0.000275
              12     -459     0.000444
              13     -453     0.000203
              14     -415     0.000249
              15     -438     0.000202
              16     -441     0.000215
              17     -471     0.000212
              18     -475     0.001340
              19     -455     0.000214
              20     -380     0.000353
              21     -370     0.000204
              22     -482     0.000212
              23     -401     0.000205
              24     -421     0.000248
              25     -414     0.000237
              26     -435     0.000216
              27     -422     0.000210
              28     -475     0.000206
              29     -447     0.000198
              30     -436     0.000211
              31     -425     0.000261
              32     -452     0.000929
              33     -433     0.000202
              34     -420     0.000217
              35     -440     0.000232
              36     -427     0.000204
              37     -435     0.000279
              38     -455     0.000236
              39     -426     0.000225
              40     -441     0.000324
              41     -460     0.000304
              42     -436     0.000217
              43     -443     0.000208
              44     -441     0.000226
              45     -442     0.000205
              46     -420     0.000264
              47     -449     0.000258
              48     -445     0.000208
              49     -456     0.000211
              50     -407     0.000247
              51     -414     0.000246
              52     -451     0.000210
              53     -372     0.000209
              54     -455     0.000220
              55     -453     0.000209
              56     -437     0.000229
              57     -401     0.000225
              58     -473     0.000207
              59     -449     0.000216
              60     -444     0.000212
              61     -492     0.000218
              62     -472     0.000202
              63     -463     0.000215
              64     -444     0.000212
              65     -413     0.000207
              66     -418     0.000489
              67     -437     0.000207
              68     -391     0.000222
              69     -427     0.000214
              70     -443     0.000255
              71     -395     0.000337
              72     -437     0.000218
              73     -448     0.000240
              74     -476     0.000222
              75     -468     0.000209
              76     -441     0.000260
              77     -439     0.000208
              78     -424     0.000202
              79     -453     0.000221
              80     -424     0.000258
              81     -399     0.000234
              82     -426     0.000392
              83     -431     0.000305
              84     -404     0.000457
              85     -427     0.000281
              86     -451     0.000261
              87     -410     0.000345
              88     -449     0.000217
              89     -445     0.000219
              90     -461     0.000214
              91     -399     0.000245
              92     -395     0.000198
              93     -463     0.000212
              94     -398     0.000251
              95     -418     0.000210
              96     -422     0.000238
              97     -435     0.000334
              98     -434     0.000209
              99     -460     0.000373
             100     -424     0.000331
             101     -379     0.000217
             102     -463     0.000211
             103     -468     0.000207
             104     -439     0.000235
             105     -432     0.000201
             106     -442     0.000214
             107     -446     0.001180
             108     -441     0.000330
             109     -430     0.000268
             110     -467     0.000212
             111     -446     0.000229
             112     -474     0.000321
             113     -407     0.000406
             114     -432     0.000309
             115     -474     0.000203
             116     -445     0.000326
             117     -444     0.000217
             118     -434     0.000227
             119     -454     0.000211
             120     -437     0.000236
             121     -476     0.000247
             122     -451     0.000658
             123     -421     0.000220
             124     -447     0.000210
             125     -426     0.000562
             126     -431     0.000209
             127     -436     0.000225
             128     -431     0.000217
             129     -458     0.000214
             130     -410     0.000220
             131     -438     0.000238
             132     -455     0.000229
             133     -399     0.001500
             134     -490     0.000200
             135     -498     0.000198
             136     -412     0.000275
             137     -397     0.000201
             138     -418     0.000398
             139     -473     0.000209
             140     -408     0.000529
             141     -414     0.000209
             142     -375     0.000491
             143     -437     0.000204
             144     -456     0.000215
             145     -477     0.000210
             146     -418     0.000443
             147     -441     0.000215
             148     -524     0.000214
             149     -443     0.000209
             150     -437     0.000216
             151     -455     0.000215
             152     -404     0.000308
             153     -410     0.000204
             154     -371     0.000210
             155     -428     0.000207
             156     -395     0.000305
             157     -428     0.000259
             158     -393     0.000307
             159     -421     0.000216
             160     -471     0.000208
             161     -441     0.000244
             162     -449     0.000224
             163     -450     0.000222
             164     -456     0.000200
             165     -445     0.000352
             166     -469     0.000426
             167     -449     0.000208
             168     -478     0.000449
             169     -435     0.000202
             170     -418     0.000217
             171     -414     0.000206
             172     -475     0.000213
             173     -421     0.000214
             174     -438     0.000212
             175     -430     0.000218
             176     -402     0.000201
             177     -444     0.000206
             178     -441     0.000217
             179     -437     0.000203
             180     -420     0.000206
             181     -417     0.000228
             182     -468     0.000526
             183     -408     0.000205
             184     -451     0.000209
             185     -455     0.000217
             186     -437     0.000305
             187     -460     0.000209
             188     -405     0.000218
             189     -438     0.000217
             190     -407     0.000204
             191     -475     0.000233
             192     -469     0.000249
             193     -459     0.000216
             194     -433     0.000205
             195     -423     0.000242
             196     -409     0.000256
             197     -462     0.000251
             198     -430     0.000200
             199     -440     0.000411
             200     -430     0.000260
             201     -445     0.000210
             202     -413     0.000214
             203     -479     0.000217
             204     -467     0.000221
             205     -414     0.000235
             206     -417     0.000209
             207     -431     0.000204
             208     -477     0.000370
             209     -429     0.000275
             210     -424     0.000210
             211     -463     0.000207
             212     -440     0.000209
             213     -457     0.000423
             214     -438     0.000336
             215     -415     0.000248
             216     -406     0.000501
             217     -421     0.000210
             218     -461     0.000225
             219     -403     0.000209
             220     -422     0.000437
             221     -452     0.000318
             222     -462     0.000203
             223     -454     0.000894
             224     -439     0.000215
             225     -469     0.000222
             226     -455     0.001340
             227     -445     0.000287
             228     -432     0.000229
             229     -427     0.000535
             230     -437     0.000242
             231     -411     0.000205
             232     -439     0.000487
             233     -458     0.000203
             234     -497     0.000211
             235     -421     0.000406
             236     -383     0.000265
             237     -442     0.000258
             238     -463     0.000273
             239     -474     0.000214
             240     -447     0.000218
             241     -397     0.000208
             242     -416     0.000222
             243     -415     0.001100
             244     -402     0.000343
             245     -418     0.000608
             246     -406     0.000229
             247     -447     0.000207
             248     -456     0.000217
             249     -404     0.000212
             250     -414     0.000233
             251     -422     0.000207
             252     -442     0.000749
             253     -421     0.000207
             254     -409     0.000240
             255     -465     0.000424
             256     -432     0.000225
             257     -459     0.000231
             258     -464     0.000220
             259     -436     0.000230
             260     -488     0.000205
             261     -390     0.000460
             262     -389     0.000206
             263     -430     0.000235
             264     -488     0.000219
             265     -415     0.000248
             266     -410     0.000227
             267     -441     0.000217
             268     -404     0.000212
             269     -423     0.000207
             270     -449     0.000331
             271     -476     0.000208
             272     -446     0.000201
             273     -421     0.000280
             274     -365     0.000258
             275     -426     0.000221
             276     -495     0.000208
             277     -419     0.000456
             278     -395     0.000209
             279     -379     0.000209
             280     -437     0.000202
             281     -441     0.000210
             282     -473     0.000203
             283     -403     0.000217
             284     -412     0.000226
             285     -422     0.000206
             286     -515     0.000219
             287     -394     0.000238
             288     -411     0.000208
             289     -419     0.000206
             290     -461     0.000198
             291     -413     0.000262
             292     -473     0.000200
             293     -457     0.000216
             294     -400     0.000221
             295     -433     0.000271
             296     -442     0.000204
             297     -471     0.000211
             298     -395     0.000281
             299     -413     0.000214
             300     -393     0.000405
             301     -430     0.000412
             302     -445     0.000288
             303     -435     0.000205
             304     -420     0.000214
             305     -424     0.000210
             306     -463     0.000204
             307     -453     0.000205
             308     -418     0.000534
             309     -410     0.000207
             310     -453     0.000221
             311     -449     0.000210
             312     -416     0.000557
             313     -433     0.000203
             314     -393     0.000216
             315     -466     0.000212
             316     -397     0.000232
             317     -446     0.000475
             318     -451     0.000259
             319     -438     0.000211
             320     -407     0.000388
             321     -406     0.000458
             322     -447     0.000214
             323     -409     0.000387
             324     -417     0.000210
             325     -449     0.000217
             326     -436     0.000218
             327     -491     0.000232
             328     -456     0.000208
             329     -423     0.000235
             330     -391     0.000864
             331     -447     0.000223
             332     -452     0.000220
             333     -396     0.000226
             334     -425     0.000220
             335     -423     0.000236
             336     -438     0.000413
             337     -455     0.000213
             338     -470     0.000221
             339     -479     0.000305
             340     -440     0.000268
             341     -421     0.000511
             342     -407     0.000257
             343     -440     0.000348
             344     -418     0.000462
             345     -430     0.000215
             346     -395     0.000273
             347     -421     0.000552
             348     -469     0.000235
             349     -506     0.000203
             350     -433     0.000212
             351     -435     0.000219
             352     -458     0.000233
             353     -432     0.000242
             354     -438     0.000299
             355     -416     0.000237
             356     -436     0.000200
             357     -416     0.000267
             358     -408     0.000338
             359     -393     0.000717
             360     -399     0.000303
             361     -482     0.000387
             362     -436     0.000212
             363     -388     0.000241
             364     -472     0.000202
             365     -454     0.000204
             366     -401     0.000235
             367     -452     0.000208
             368     -430     0.000272
             369     -382     0.000212
             370     -411     0.000282
             371     -403     0.000499
             372     -450     0.000239
             373     -402     0.000347
             374     -446     0.000303
             375     -438     0.000205
             376     -364     0.000290
             377     -398     0.000216
             378     -421     0.000216
             379     -421     0.000459
             380     -457     0.000249
             381     -426     0.000216
             382     -440     0.000661
             383     -417     0.000849
             384     -446     0.000213
             385     -446     0.000490
             386     -423     0.000252
             387     -445     0.000208
             388     -391     0.000285
             389     -420     0.000229
             390     -457     0.000218
             391     -391     0.000321
             392     -415     0.000206
             393     -434     0.000924
             394     -392     0.000225
             395     -457     0.000202
             396     -473     0.000213
             397     -443     0.000241
             398     -444     0.000202
             399     -469     0.000262
             400     -442     0.000205
             401     -390     0.000227
             402     -415     0.000214
             403     -412     0.000212
             404     -447     0.000211
             405     -413     0.000222
             406     -423     0.000286
             407     -470     0.000216
             408     -425     0.000304
             409     -413     0.000283
             410     -468     0.000225
             411     -478     0.000215
             412     -429     0.000244
             413     -436     0.000212
             414     -461     0.000209
             415     -403     0.000221
             416     -417     0.000215
             417     -409     0.001040
             418     -438     0.000213
             419     -439     0.000275
             420     -424     0.000258
             421     -447     0.000272
             422     -466     0.000551
             423     -430     0.000216
             424     -401     0.000205
             425     -391     0.000205
             426     -431     0.000209
             427     -451     0.000218
             428     -419     0.000215
             429     -388     0.000231
             430     -409     0.000218
             431     -431     0.000207
             432     -444     0.000224
             433     -452     0.000218
             434     -483     0.000201
             435     -453     0.000257
             436     -443     0.000213
             437     -426     0.000208
             438     -414     0.000498
             439     -423     0.000215
             440     -432     0.000247
             441     -418     0.000226
             442     -402     0.000258
             443     -449     0.000497
             444     -476     0.000217
             445     -414     0.000462
             446     -396     0.000203
             447     -421     0.000337
             448     -452     0.000232
             449     -453     0.000205
             450     -440     0.000943
             451     -438     0.000228
             452     -460     0.000214
             453     -400     0.000206
             454     -447     0.000212
             455     -446     0.000211
             456     -451     0.000238
             457     -456     0.000209
             458     -443     0.000217
             459     -457     0.000221
             460     -394     0.000256
             461     -434     0.000216
             462     -404     0.000307
             463     -416     0.000199
             464     -428     0.000238
             465     -396     0.000215
             466     -447     0.000228
             467     -458     0.000344
             468     -454     0.000228
             469     -453     0.000204
             470     -437     0.000217
             471     -456     0.000524
             472     -455     0.000204
             473     -401     0.000236
             474     -486     0.000209
             475     -429     0.000216
             476     -439     0.000215
             477     -411     0.000227
             478     -451     0.000206
             479     -423     0.000306
             480     -431     0.000218
             481     -421     0.000209
             482     -446     0.000676
             483     -499     0.000207
             484     -424     0.000226
             485     -412     0.000221
             486     -434     0.000218
             487     -451     0.000232
             488     -440     0.000200
             489     -423     0.000388
             490     -446     0.000200
             491     -515     0.000198
             492     -465     0.000290
             493     -449     0.000204
             494     -423     0.000274
             495     -437     0.000437
             496     -438     0.000202
             497     -400     0.000211
             498     -438     0.000242
             499     -429     0.000285
             500     -413     0.000353
             501     -421     0.000384
             502     -445     0.000215
             503     -441     0.000213
             504     -424     0.000332
             505     -366     0.000289
             506     -417     0.000265
             507     -414     0.000438
             508     -442     0.000735
             509     -381     0.000212
             510     -400     0.000213
             511     -443     0.000207
             512     -431     0.000273
             513     -446     0.000357
             514     -445     0.000204
             515     -412     0.000203
             516     -396     0.000218
             517     -464     0.000378
             518     -454     0.000205
             519     -401     0.000223
             520     -399     0.000215
             521     -455     0.000538
             522     -421     0.000309
             523     -421     0.000205
             524     -400     0.000234
             525     -423     0.000212
             526     -419     0.000249
             527     -420     0.000216
             528     -470     0.000330
             529     -382     0.000248
             530     -415     0.000468
             531     -442     0.000206
             532     -440     0.000213
             533     -446     0.000209
             534     -419     0.000300
             535     -404     0.000250
             536     -435     0.000231
             537     -382     0.000285
             538     -410     0.000573
             539     -396     0.000347
             540     -459     0.000204
             541     -415     0.000214
             542     -451     0.000212
             543     -448     0.000822
             544     -460     0.000203
             545     -411     0.000444
             546     -447     0.000217
             547     -487     0.000226
             548     -441     0.000212
             549     -403     0.000210
             550     -447     0.000226
             551     -475     0.000469
             552     -407     0.000265
             553     -463     0.000212
             554     -445     0.000203
             555     -400     0.000322
             556     -447     0.000211
             557     -438     0.000224
             558     -455     0.000210
             559     -471     0.000204
             560     -413     0.000221
             561     -370     0.000490
             562     -403     0.000216
             563     -422     0.000210
             564     -455     0.000216
             565     -391     0.000222
             566     -454     0.000212
             567     -409     0.000390
             568     -425     0.000355
             569     -424     0.000235
             570     -487     0.000224
             571     -463     0.000205
             572     -442     0.001120
             573     -425     0.000231
             574     -468     0.000218
             575     -484     0.000216
             576     -471     0.000224
             577     -446     0.000218
             578     -419     0.000248
             579     -433     0.000463
             580     -408     0.000211
             581     -360     0.000210
             582     -473     0.000212
             583     -399     0.000222
             584     -468     0.000246
             585     -440     0.000325
             586     -470     0.000209
             587     -385     0.000327
             588     -435     0.000212
             589     -454     0.000211
             590     -422     0.000215
             591     -444     0.000213
             592     -476     0.000438
             593     -416     0.000204
             594     -463     0.000215
             595     -416     0.000213
             596     -391     0.000247
             597     -492     0.000222
             598     -414     0.000200
             599     -394     0.000208
             600     -445     0.000209
             601     -402     0.000460
             602     -450     0.000223
             603     -444     0.000231
             604     -463     0.000208
             605     -402     0.000299
             606     -435     0.000215
             607     -426     0.000271
             608     -453     0.000358
             609     -402     0.000416
             610     -441     0.000434
             611     -449     0.000280
             612     -403     0.000231
             613     -421     0.000209
             614     -424     0.000228
             615     -443     0.000261
             616     -394     0.001060
             617     -404     0.000282
             618     -429     0.000319
             619     -439     0.000232
             620     -435     0.000219
             621     -451     0.000460
             622     -442     0.000225
             623     -486     0.000223
             624     -423     0.000430
             625     -470     0.000205
             626     -456     0.000213
             627     -395     0.000204
             628     -374     0.000302
             629     -370     0.000288
             630     -449     0.000211
             631     -416     0.000225
             632     -435     0.000210
             633     -372     0.000204
             634     -466     0.000199
             635     -435     0.000218
             636     -449     0.000231
             637     -496     0.000204
             638     -398     0.000212
             639     -442     0.000271
             640     -409     0.000303
             641     -480     0.000272
             642     -436     0.000214
             643     -460     0.000220
             644     -385     0.000229
             645     -470     0.000216
             646     -416     0.000231
             647     -461     0.000220
             648     -413     0.000323
             649     -455     0.000214
             650     -440     0.000210
             651     -440     0.000203
             652     -444     0.000269
             653     -473     0.000205
             654     -470     0.000221
             655     -426     0.000225
             656     -415     0.000437
             657     -407     0.000207
             658     -486     0.000231
             659     -465     0.000407
             660     -437     0.002680
             661     -485     0.000206
             662     -435     0.000221
             663     -484     0.000212
             664     -416     0.000251
             665     -421     0.000389
             666     -431     0.000213
             667     -420     0.000222
             668     -450     0.000206
             669     -416     0.000210
             670     -412     0.000202
             671     -461     0.000258
             672     -428     0.000218
             673     -447     0.000216
             674     -453     0.000297
             675     -390     0.000238
             676     -464     0.000202
             677     -413     0.000213
             678     -414     0.000217
             679     -474     0.000204
             680     -513     0.000208
             681     -424     0.000374
             682     -398     0.000237
             683     -413     0.000228
             684     -417     0.000227
             685     -437     0.000233
             686     -508     0.000203
             687     -415     0.000215
             688     -449     0.000285
             689     -419     0.000209
             690     -454     0.000372
             691     -445     0.000227
             692     -458     0.000203
             693     -408     0.000349
             694     -423     0.000342
             695     -431     0.000222
             696     -420     0.000219
             697     -426     0.000218
             698     -484     0.000260
             699     -403     0.000462
             700     -443     0.000261
             701     -461     0.000212
             702     -465     0.000300
             703     -430     0.000198
             704     -461     0.000212
             705     -416     0.000217
             706     -418     0.000229
             707     -455     0.000216
             708     -402     0.000265
             709     -393     0.000324
             710     -472     0.000219
             711     -445     0.000734
             712     -416     0.000227
             713     -431     0.000277
             714     -471     0.000203
             715     -474     0.000207
             716     -446     0.000301
             717     -410     0.000199
             718     -433     0.000218
             719     -421     0.000540
             720     -440     0.000203
             721     -412     0.000260
             722     -454     0.000277
             723     -415     0.000234
             724     -434     0.000268
             725     -398     0.000213
             726     -410     0.000213
             727     -411     0.000699
             728     -442     0.000246
             729     -420     0.000219
             730     -395     0.000290
             731     -438     0.000268
             732     -460     0.000327
             733     -440     0.000224
             734     -447     0.000229
             735     -440     0.000262
             736     -420     0.000424
             737     -457     0.000341
             738     -457     0.000210
             739     -464     0.000412
             740     -464     0.000201
             741     -467     0.000218
             742     -443     0.000233
             743     -387     0.000198
             744     -422     0.000202
             745     -384     0.000530
             746     -441     0.000332
             747     -381     0.000207
             748     -405     0.000259
             749     -476     0.000207
             750     -467     0.000403
             751     -430     0.000220
             752     -429     0.000689
             753     -386     0.000317
             754     -426     0.000210
             755     -391     0.000206
             756     -441     0.000251
             757     -496     0.000210
             758     -417     0.000262
             759     -409     0.000202
             760     -428     0.000828
             761     -400     0.000334
             762     -378     0.000305
             763     -446     0.000209
             764     -459     0.000212
             765     -438     0.000203
             766     -461     0.000289
             767     -430     0.000332
             768     -457     0.000282
             769     -443     0.000473
             770     -412     0.000222
             771     -454     0.000201
             772     -413     0.000203
             773     -468     0.000219
             774     -449     0.000210
             775     -435     0.000205
             776     -402     0.000234
             777     -442     0.000408
             778     -447     0.000206
             779     -463     0.000211
             780     -395     0.000219
             781     -481     0.000206
             782     -460     0.000209
             783     -454     0.000218
             784     -406     0.000205
             785     -457     0.000293
             786     -444     0.000228
             787     -413     0.000462
             788     -450     0.000225
             789     -433     0.000237
             790     -391     0.000213
             791     -444     0.000217
             792     -435     0.000230
             793     -428     0.000424
             794     -421     0.000282
             795     -440     0.000223
             796     -416     0.000210
             797     -477     0.000210
             798     -424     0.000231
             799     -458     0.000281
             800     -431     0.000530
             801     -457     0.000209
             802     -471     0.000209
             803     -436     0.000220
             804     -440     0.000229
             805     -405     0.000442
             806     -408     0.000280
             807     -430     0.000208
             808     -444     0.000261
             809     -461     0.000253
             810     -450     0.000222
             811     -455     0.000208
             812     -450     0.000212
             813     -431     0.000226
             814     -422     0.000260
             815     -413     0.000214
             816     -412     0.000222
             817     -418     0.000281
             818     -445     0.000572
             819     -439     0.000291
             820     -415     0.000239
             821     -430     0.000264
             822     -400     0.000223
             823     -411     0.000270
             824     -441     0.000267
             825     -449     0.000573
             826     -403     0.000226
             827     -459     0.000210
             828     -447     0.000319
             829     -417     0.000218
             830     -428     0.000203
             831     -454     0.000233
             832     -404     0.000393
             833     -416     0.000228
             834     -432     0.000304
             835     -465     0.000212
             836     -476     0.000217
             837     -443     0.000465
             838     -464     0.000205
             839     -387     0.000323
             840     -479     0.000246
             841     -416     0.000352
             842     -434     0.000216
             843     -442     0.000225
             844     -437     0.000224
             845     -456     0.000203
             846     -453     0.000435
             847     -454     0.000202
             848     -435     0.000401
             849     -456     0.000235
             850     -461     0.000217
             851     -425     0.000208
             852     -423     0.000635
             853     -428     0.000221
             854     -428     0.000217
             855     -427     0.000220
             856     -455     0.000407
             857     -430     0.000215
             858     -443     0.000249
             859     -400     0.000211
             860     -430     0.000199
             861     -407     0.000416
             862     -459     0.000551
             863     -457     0.000206
             864     -377     0.000310
             865     -431     0.000213
             866     -468     0.000522
             867     -426     0.000226
             868     -459     0.000209
             869     -419     0.000216
             870     -422     0.000214
             871     -433     0.000217
             872     -451     0.000217
             873     -459     0.000217
             874     -435     0.000223
             875     -451     0.000206
             876     -423     0.000222
             877     -379     0.000229
             878     -456     0.000429
             879     -406     0.000228
             880     -405     0.000213
             881     -431     0.000212
             882     -449     0.000233
             883     -471     0.000283
             884     -417     0.000345
             885     -493     0.000280
             886     -434     0.000208
             887     -441     0.000225
             888     -423     0.000213
             889     -432     0.000210
             890     -441     0.000230
             891     -368     0.000220
             892     -450     0.000222
             893     -433     0.000218
             894     -421     0.000208
             895     -475     0.000236
             896     -465     0.000631
             897     -415     0.000254
             898     -439     0.000245
             899     -449     0.000206
             900     -496     0.000209
             901     -426     0.000235
             902     -383     0.000240
             903     -413     0.000224
             904     -427     0.000257
             905     -411     0.000220
             906     -453     0.000211
             907     -401     0.000219
             908     -442     0.000818
             909     -443     0.000230
             910     -433     0.000203
             911     -420     0.000741
             912     -423     0.000225
             913     -442     0.000201
             914     -436     0.000233
             915     -429     0.000229
             916     -459     0.001180
             917     -430     0.000231
             918     -399     0.000238
             919     -449     0.000203
             920     -433     0.000217
             921     -416     0.000210
             922     -458     0.000211
             923     -407     0.000225
             924     -436     0.000204
             925     -433     0.000212
             926     -408     0.000376
             927     -450     0.000214
             928     -451     0.000237
             929     -442     0.000221
             930     -477     0.000416
             931     -444     0.000226
             932     -465     0.000380
             933     -424     0.000334
             934     -428     0.000239
             935     -409     0.000212
             936     -449     0.000302
             937     -462     0.000200
             938     -483     0.000213
             939     -461     0.000231
             940     -441     0.000227
             941     -447     0.000212
             942     -437     0.000215
             943     -383     0.000217
             944     -406     0.000219
             945     -430     0.000218
             946     -454     0.000224
             947     -466     0.000219
             948     -433     0.000200
             949     -494     0.000205
             950     -467     0.000247
             951     -466     0.000234
             952     -435     0.000207
             953     -430     0.000259
             954     -468     0.000208
             955     -446     0.000219
             956     -417     0.000237
             957     -403     0.000348
             958     -413     0.000212
             959     -438     0.000250
             960     -442     0.000226
             961     -433     0.000206
             962     -409     0.000217
             963     -431     0.000485
             964     -442     0.000221
             965     -394     0.000345
             966     -446     0.000214
             967     -428     0.000242
             968     -445     0.000204
             969     -429     0.000208
             970     -408     0.000213
             971     -457     0.000207
             972     -443     0.000430
             973     -394     0.000206
             974     -445     0.000343
             975     -436     0.000209
             976     -419     0.000290
             977     -426     0.000207
             978     -430     0.000212
             979     -404     0.000215
             980     -437     0.000323
             981     -492     0.000233
             982     -463     0.000220
             983     -455     0.000203
             984     -361     0.000208
             985     -425     0.000220
             986     -455     0.000515
             987     -438     0.000215
             988     -454     0.000228
             989     -392     0.000227
             990     -430     0.000247
             991     -414     0.000398
             992     -457     0.000376
             993     -446     0.000207
             994     -427     0.000204
             995     -411     0.000208
             996     -445     0.000311
             997     -421     0.000239
             998     -461     0.000861
             999     -441     0.000219
            1000     -450     0.000209
