N=8
Mode: 1
Seed: 136
Search strategy: 0
Target time to run: 10s
Initialising random weight matrix with 439 working nodes
439 working nodes out of 512
States are 0,1
           1       -406          1     0.00
           2       -408          1     0.00
           6       -410          1     0.00
         256       -411          1     0.04
        1549       -412          1     0.23
       34653       -412         26     5.23
       67810       -412         58    10.23
      100980       -412         80    15.23
      134174       -412        106    20.23
      167337       -412        122    25.23
      200540       -412        142    30.23
      233813       -412        170    35.24
      266954       -412        199    40.24
      300170       -412        222    45.24
      333357       -412        245    50.24
      366730       -412        267    55.27
      402879       -412        282    60.80
      443180       -412        307    66.88
      487527       -412        341    73.57
      536236       -412        365    80.93
      589975       -412        406    89.03
      649047       -412        449    97.94
      714052       -412        496   107.74
      716012       -412        500   108.03
Time to solution 0.21606s, assuming true minimum is -412
