N=8
Mode: 1
Seed: 161
Search strategy: 0
Target time to run: 10s
Initialising random weight matrix with 439 working nodes
439 working nodes out of 512
States are 0,1
           1       -430          1     0.00
           2       -433          1     0.00
           3       -436          1     0.00
          10       -437          1     0.00
          14       -438          1     0.00
          34       -439          1     0.00
          98       -440          1     0.01
         195       -441          1     0.03
       33773       -441         32     5.03
       67363       -441         61    10.04
      100931       -441         98    15.04
      134514       -441        125    20.04
      167939       -441        147    25.04
      201488       -441        186    30.04
      234980       -441        225    35.04
      268457       -441        261    40.04
      301976       -441        297    45.04
      335548       -441        333    50.04
      368987       -441        360    55.05
      405752       -441        385    60.56
      446327       -441        418    66.62
      491009       -441        449    73.29
      540145       -441        495    80.62
      547751       -441        500    81.74
Time to solution 0.16348s, assuming true minimum is -441
