N=8
Mode: 1
Seed: 284
Search strategy: 0
Target time to run: 10s
Initialising random weight matrix with 439 working nodes
439 working nodes out of 512
States are 0,1
           1       -401          1     0.00
           2       -403          1     0.00
           3       -409          1     0.00
           9       -410          1     0.00
          16       -412          1     0.00
       30302       -412         31     5.00
       60647       -412         58    10.00
       90894       -412         88    15.00
      121153       -412        114    20.00
      151460       -412        134    25.00
      181734       -412        162    30.00
      212034       -412        189    35.00
      242325       -412        221    40.00
      272575       -412        260    45.00
      302967       -412        297    50.00
      333325       -412        326    55.01
      366655       -412        358    60.52
      403325       -412        387    66.58
      443769       -412        431    73.24
      488273       -412        469    80.57
      515427       -412        500    85.04
Time to solution 0.17008s, assuming true minimum is -412
