N=8
Mode: 1
Seed: 3
Search strategy: 0
Target time to run: 10s
Initialising random weight matrix with 439 working nodes
439 working nodes out of 512
States are 0,1
           1       -414          1     0.00
           5       -417          1     0.00
          73       -418          1     0.00
         158       -419          1     0.02
        2136       -420          1     0.30
       37024       -420         17     5.30
       71958       -420         34    10.30
      106869       -420         46    15.30
      141744       -420         56    20.30
      176739       -420         69    25.30
      211583       -420         88    30.30
      246536       -420         96    35.30
      281467       -420        114    40.30
      316355       -420        128    45.30
      350541       -420        143    50.30
      385645       -420        155    55.33
      424292       -420        175    60.87
      466810       -420        193    66.96
      513530       -420        211    73.66
      562306       -420        225    81.03
      618829       -420        245    89.14
      681032       -420        270    98.06
      749506       -420        300   107.87
      824591       -420        331   118.66
      907353       -420        362   130.53
      998536       -420        390   143.59
     1098491       -420        433   157.95
     1208649       -420        476   173.75
     1279436       -420        500   183.89
Time to solution 0.36778s, assuming true minimum is -420
