N=8
Mode: 1
Seed: 383
Search strategy: 0
Target time to run: 10s
Initialising random weight matrix with 439 working nodes
439 working nodes out of 512
States are 0,1
           1       -412          1     0.00
          24       -413          1     0.00
          50       -414          1     0.00
         301       -415          1     0.04
        1861       -416          1     0.26
       16783       -417          1     2.39
       51822       -417          4     7.40
       86814       -417         11    12.40
      121882       -417         17    17.40
      156878       -417         27    22.40
      191801       -417         42    27.40
      226905       -417         50    32.40
      261872       -417         58    37.40
      296936       -417         65    42.40
      331947       -417         73    47.40
      366973       -417         75    52.40
      403650       -417         82    57.64
      444064       -417         92    63.41
      488516       -417         99    69.76
      537238       -417        105    76.74
      591030       -417        113    84.42
      650168       -417        120    92.87
      715201       -417        135   102.16
      786803       -417        147   112.38
      865544       -417        159   123.62
      952126       -417        170   135.99
     1047429       -417        190   149.59
     1152149       -417        213   164.55
     1266984       -417        241   181.01
     1393859       -417        271   199.12
     1533389       -417        300   219.04
     1686771       -417        329   240.95
     1855591       -417        362   265.05
     2041316       -417        396   291.56
     2245461       -417        434   320.72
     2470051       -417        471   352.80
     2608391       -417        500   372.55
Time to solution 0.7451s, assuming true minimum is -417
