N=8
Mode: 1
Seed: 508
Search strategy: 0
Target time to run: 10s
Initialising random weight matrix with 439 working nodes
439 working nodes out of 512
States are 0,1
           1       -437          1     0.00
          12       -438          1     0.00
          14       -440          1     0.00
         345       -441          1     0.04
         397       -442          1     0.05
       33839       -442         30     5.05
       67471       -442         66    10.05
      100963       -442        115    15.05
      134493       -442        162    20.05
      168036       -442        183    25.05
      201613       -442        215    30.05
      235082       -442        249    35.05
      268677       -442        285    40.05
      302137       -442        318    45.05
      335725       -442        346    50.05
      369318       -442        368    55.06
      406259       -442        395    60.57
      446862       -442        436    66.63
      491577       -442        472    73.30
      522736       -442        500    77.94
Time to solution 0.15588s, assuming true minimum is -442
