N=8
Mode: 1
Seed: 57
Search strategy: 0
Target time to run: 10s
Initialising random weight matrix with 439 working nodes
439 working nodes out of 512
States are 0,1
           1       -393          1     0.00
           3       -395          1     0.00
           8       -396          1     0.00
           9       -398          1     0.00
          14       -399          1     0.00
         331       -400          1     0.05
        2316       -401          1     0.34
       36288       -401         18     5.34
       70127       -401         26    10.34
      103867       -401         34    15.34
      137615       -401         47    20.34
      171568       -401         56    25.34
      205310       -401         64    30.34
      239149       -401         78    35.34
      273033       -401         90    40.34
      306927       -401        102    45.34
      340861       -401        112    50.34
      375072       -401        117    55.38
      412646       -401        128    60.92
      454035       -401        133    67.02
      499499       -401        147    73.73
      549559       -401        160    81.11
      604615       -401        183    89.23
      665098       -401        192    98.16
      731734       -401        206   107.98
      804935       -401        221   118.78
      885499       -401        244   130.66
      974055       -401        275   143.73
     1071486       -401        299   158.11
     1178573       -401        330   173.93
     1296309       -401        362   191.33
     1426073       -401        408   210.47
     1568533       -401        448   231.52
     1708509       -401        500   252.17
Time to solution 0.50434s, assuming true minimum is -401
