N=8
Mode: 1
Seed: 580
Search strategy: 0
Target time to run: 10s
Initialising random weight matrix with 439 working nodes
439 working nodes out of 512
States are 0,1
           1       -404          1     0.00
           3       -405          1     0.00
         132       -406          1     0.01
         299       -407          1     0.04
       17091       -408          1     2.32
       53828       -408          9     7.32
       90568       -408         18    12.32
      127359       -408         33    17.32
      164214       -408         43    22.32
      201020       -408         53    27.32
      237838       -408         65    32.32
      274672       -408         73    37.32
      311570       -408         86    42.32
      348339       -408        103    47.32
      385161       -408        121    52.32
      423772       -408        133    57.56
      466254       -408        147    63.32
      512918       -408        165    69.66
      564347       -408        181    76.63
      620743       -408        204    84.30
      682796       -408        231    92.73
      750930       -408        251   102.01
      825941       -408        283   112.22
      908619       -408        308   123.45
      999519       -408        348   135.80
     1098901       -408        370   149.39
     1208961       -408        408   164.33
     1330039       -408        452   180.77
     1463094       -408        490   198.85
     1489606       -408        500   202.43
Time to solution 0.40486s, assuming true minimum is -408
