N=8
Mode: 1
Seed: 587
Search strategy: 0
Target time to run: 10s
Initialising random weight matrix with 439 working nodes
439 working nodes out of 512
States are 0,1
           1       -381          1     0.00
          11       -382          1     0.00
          22       -383          1     0.00
          58       -385          1     0.01
       33064       -385         28     5.01
       66085       -385         46    10.01
       99080       -385         74    15.01
      132081       -385        102    20.01
      165112       -385        128    25.01
      198069       -385        159    30.01
      231075       -385        187    35.02
      264056       -385        208    40.02
      297110       -385        225    45.02
      330135       -385        255    50.02
      363186       -385        274    55.03
      399559       -385        303    60.54
      439547       -385        327    66.60
      483592       -385        360    73.26
      531949       -385        391    80.59
      585206       -385        432    88.65
      643706       -385        485    97.52
      660203       -385        500   100.03
Time to solution 0.20006s, assuming true minimum is -385
