N=8
Mode: 1
Seed: 599
Search strategy: 0
Target time to run: 10s
Initialising random weight matrix with 439 working nodes
439 working nodes out of 512
States are 0,1
           1       -384          1     0.00
           3       -388          1     0.00
           6       -394          1     0.00
       33444       -394          9     5.00
       66859       -394         15    10.00
      100292       -394         22    15.00
      133534       -394         30    20.00
      166991       -394         40    25.00
      200400       -394         45    30.00
      233799       -394         53    35.00
      267199       -394         65    40.00
      300701       -394         72    45.00
      334083       -394         85    50.00
      367595       -394         92    55.01
      404378       -394         98    60.52
      444821       -394        110    66.58
      489406       -394        121    73.24
      538453       -394        136    80.57
      592152       -394        151    88.63
      651223       -394        166    97.50
      716459       -394        181   107.26
      788192       -394        192   117.99
      867003       -394        211   129.79
      953695       -394        231   142.77
     1049141       -394        253   157.05
     1154031       -394        281   172.76
     1269508       -394        310   190.04
     1396509       -394        344   209.05
     1536292       -394        370   229.96
     1689774       -394        418   252.96
     1858906       -394        466   278.26
     2044866       -394        494   306.09
     2065500       -394        500   309.18
Time to solution 0.61836s, assuming true minimum is -394
