N=8
Mode: 1
Seed: 658
Search strategy: 0
Target time to run: 10s
Initialising random weight matrix with 439 working nodes
439 working nodes out of 512
States are 0,1
           1       -480          1     0.00
           4       -481          1     0.00
          12       -482          1     0.00
          21       -483          1     0.00
          66       -484          1     0.01
          88       -485          1     0.01
        2071       -486          1     0.29
       37319       -486         19     5.29
       72539       -486         42    10.29
      107801       -486         58    15.29
      143088       -486         75    20.29
      178316       -486        104    25.29
      213538       -486        122    30.29
      248777       -486        140    35.29
      284030       -486        152    40.29
      319214       -486        163    45.29
      354417       -486        180    50.29
      389812       -486        203    55.32
      428907       -486        231    60.86
      471806       -486        260    66.95
      518896       -486        277    73.65
      570808       -486        312    81.02
      627990       -486        345    89.13
      690882       -486        383    98.05
      759993       -486        424   107.86
      836147       -486        467   118.65
      893372       -486        500   126.76
Time to solution 0.25352s, assuming true minimum is -486
