N=8
Mode: 1
Seed: 660
Search strategy: 0
Target time to run: 10s
Initialising random weight matrix with 439 working nodes
439 working nodes out of 512
States are 0,1
           1       -430          1     0.00
           2       -433          1     0.00
           4       -434          1     0.00
           7       -435          1     0.00
          26       -436          1     0.00
         667       -437          1     0.09
       34760       -437         18     5.09
       68971       -437         44    10.09
      103083       -437         75    15.09
      137284       -437         98    20.09
      171444       -437        126    25.09
      205529       -437        148    30.09
      239614       -437        180    35.09
      273802       -437        202    40.09
      307914       -437        232    45.09
      342061       -437        246    50.09
      376177       -437        270    55.10
      413841       -437        299    60.62
      455306       -437        331    66.69
      500893       -437        356    73.36
      550923       -437        384    80.70
      606093       -437        419    88.78
      666631       -437        452    97.66
      733350       -437        493   107.43
      743429       -437        500   108.90
Time to solution 0.2178s, assuming true minimum is -437
