N=8
Mode: 1
Seed: 682
Search strategy: 0
Target time to run: 10s
Initialising random weight matrix with 439 working nodes
439 working nodes out of 512
States are 0,1
           1       -392          1     0.00
           7       -394          1     0.00
          10       -395          1     0.00
          26       -396          1     0.00
         118       -397          1     0.02
        2435       -398          1     0.34
       38691       -398         29     5.34
       74894       -398         49    10.34
      111086       -398         74    15.34
      147308       -398         93    20.34
      183460       -398        122    25.34
      219622       -398        144    30.34
      255788       -398        177    35.34
      291969       -398        200    40.34
      328203       -398        226    45.34
      364458       -398        247    50.34
      400663       -398        277    55.38
      440816       -398        310    60.92
      485018       -398        353    67.02
      533627       -398        388    73.73
      587063       -398        421    81.11
      645773       -398        465    89.23
      693838       -398        500    95.88
Time to solution 0.19176s, assuming true minimum is -398
