N=8
Mode: 1
Seed: 727
Search strategy: 0
Target time to run: 10s
Initialising random weight matrix with 439 working nodes
439 working nodes out of 512
States are 0,1
           1       -402          1     0.00
           2       -406          1     0.00
          10       -409          1     0.00
         184       -410          1     0.02
        1723       -411          1     0.25
       34899       -411         24     5.25
       68112       -411         49    10.25
      101337       -411         76    15.25
      134602       -411        110    20.25
      167787       -411        146    25.25
      201066       -411        181    30.25
      234244       -411        212    35.25
      267389       -411        224    40.25
      300594       -411        263    45.25
      333731       -411        304    50.25
      367075       -411        341    55.28
      403617       -411        370    60.81
      443917       -411        403    66.90
      488340       -411        448    73.60
      537016       -411        487    80.96
      557552       -411        500    84.08
Time to solution 0.16816s, assuming true minimum is -411
