N=8
Mode: 1
Seed: 750
Search strategy: 0
Target time to run: 10s
Initialising random weight matrix with 439 working nodes
439 working nodes out of 512
States are 0,1
           1       -457          1     0.00
           2       -460          1     0.00
           4       -465          1     0.00
         116       -466          1     0.02
         571       -467          1     0.08
       36036       -467         12     5.08
       71483       -467         26    10.08
      106909       -467         42    15.08
      142392       -467         56    20.08
      177791       -467         64    25.08
      213242       -467         73    30.08
      248658       -467         87    35.08
      284095       -467         96    40.08
      319546       -467        113    45.08
      354981       -467        127    50.08
      390490       -467        143    55.09
      429618       -467        157    60.60
      472628       -467        167    66.67
      519882       -467        175    73.34
      572015       -467        185    80.68
      629094       -467        215    88.75
      692095       -467        232    97.63
      761333       -467        256   107.40
      837554       -467        281   118.15
      921424       -467        312   129.97
     1013662       -467        342   142.97
     1115103       -467        377   157.27
     1226354       -467        410   173.00
     1348865       -467        450   190.30
     1483818       -467        487   209.34
     1528895       -467        500   215.70
Time to solution 0.4314s, assuming true minimum is -467
