N=8
Mode: 1
Seed: 751
Search strategy: 0
Target time to run: 10s
Initialising random weight matrix with 439 working nodes
439 working nodes out of 512
States are 0,1
           1       -421          1     0.00
           2       -428          1     0.00
         116       -429          1     0.02
         201       -430          1     0.03
       35378       -430         24     5.03
       70638       -430         53    10.04
      105848       -430         84    15.04
      141020       -430        107    20.04
      176263       -430        128    25.04
      211460       -430        158    30.04
      246672       -430        190    35.04
      281927       -430        213    40.04
      317102       -430        239    45.04
      352271       -430        269    50.04
      387537       -430        300    55.05
      426298       -430        323    60.56
      469010       -430        363    66.62
      515801       -430        413    73.29
      567365       -430        467    80.62
      599718       -430        500    85.22
Time to solution 0.17044s, assuming true minimum is -430
