N=8
Mode: 1
Seed: 80
Search strategy: 0
Target time to run: 10s
Initialising random weight matrix with 439 working nodes
439 working nodes out of 512
States are 0,1
           1       -415          1     0.00
           2       -420          1     0.00
           6       -421          1     0.00
         141       -423          1     0.02
        2070       -424          1     0.30
       36997       -424         17     5.30
       71770       -424         30    10.30
      106681       -424         43    15.30
      141494       -424         59    20.30
      176287       -424         73    25.30
      211162       -424         94    30.30
      246011       -424        104    35.30
      280871       -424        123    40.30
      315806       -424        138    45.30
      350671       -424        150    50.30
      385723       -424        169    55.33
      424373       -424        188    60.87
      466825       -424        206    66.96
      513487       -424        221    73.66
      564923       -424        244    81.03
      621350       -424        271    89.14
      683555       -424        289    98.06
      751969       -424        324   107.87
      826826       -424        355   118.66
      909332       -424        384   130.53
     1000521       -424        418   143.59
     1100310       -424        450   157.95
     1210428       -424        498   173.75
     1219199       -424        500   175.01
Time to solution 0.35002s, assuming true minimum is -424
