N=8
Mode: 1
Seed: 821
Search strategy: 0
Target time to run: 10s
Initialising random weight matrix with 439 working nodes
439 working nodes out of 512
States are 0,1
           1       -427          1     0.00
          79       -428          1     0.01
          89       -430          1     0.01
       35595       -430         12     5.01
       70996       -430         25    10.01
      106526       -430         38    15.01
      141972       -430         48    20.01
      177345       -430         57    25.01
      212838       -430         72    30.01
      248371       -430         79    35.02
      283749       -430         91    40.02
      319214       -430        105    45.02
      354677       -430        108    50.02
      390224       -430        116    55.03
      429278       -430        126    60.54
      472263       -430        140    66.60
      519513       -430        155    73.26
      571521       -430        169    80.59
      628614       -430        181    88.65
      691587       -430        208    97.52
      760832       -430        230   107.28
      836998       -430        242   118.01
      920711       -430        265   129.82
     1012850       -430        282   142.81
     1114058       -430        309   157.10
     1225521       -430        332   172.81
     1348119       -430        368   190.10
     1482976       -430        412   209.11
     1631356       -430        446   230.03
     1794422       -430        495   253.04
     1808830       -430        500   255.07
Time to solution 0.51014s, assuming true minimum is -430
