N=8
Mode: 1
Seed: 829
Search strategy: 0
Target time to run: 10s
Initialising random weight matrix with 439 working nodes
439 working nodes out of 512
States are 0,1
           1       -415          1     0.00
          26       -416          1     0.00
        1214       -417          1     0.18
       35764       -417         13     5.18
       70308       -417         39    10.18
      104802       -417         57    15.18
      139382       -417         67    20.18
      173854       -417         75    25.18
      208341       -417         87    30.18
      242791       -417        104    35.18
      277295       -417        121    40.18
      311850       -417        130    45.18
      346335       -417        142    50.18
      381006       -417        153    55.20
      419194       -417        171    60.73
      461199       -417        190    66.81
      507357       -417        205    73.50
      558215       -417        226    80.86
      614032       -417        247    88.95
      675468       -417        263    97.85
      743018       -417        290   107.64
      817245       -417        322   118.41
      899070       -417        354   130.26
      988955       -417        387   143.29
     1087931       -417        429   157.62
     1196776       -417        485   173.39
     1241466       -417        500   179.86
Time to solution 0.35972s, assuming true minimum is -417
