N=8
Mode: 1
Seed: 831
Search strategy: 0
Target time to run: 10s
Initialising random weight matrix with 439 working nodes
439 working nodes out of 512
States are 0,1
           1       -447          1     0.00
           2       -450          1     0.00
          17       -452          1     0.00
         132       -453          1     0.02
         227       -454          1     0.03
       36027       -454         30     5.03
       71915       -454         52    10.04
      107681       -454         75    15.04
      143480       -454        110    20.04
      179210       -454        136    25.04
      215036       -454        160    30.04
      250773       -454        181    35.04
      286550       -454        206    40.04
      322386       -454        229    45.04
      358107       -454        268    50.04
      393766       -454        293    55.05
      433189       -454        332    60.56
      476616       -454        371    66.62
      524457       -454        409    73.29
      576563       -454        445    80.62
      634350       -454        488    88.69
      646103       -454        500    90.32
Time to solution 0.18064s, assuming true minimum is -454
