N=8
Mode: 1
Seed: 84
Search strategy: 0
Target time to run: 10s
Initialising random weight matrix with 439 working nodes
439 working nodes out of 512
States are 0,1
           1       -399          1     0.00
          11       -400          1     0.00
         100       -401          1     0.01
         132       -402          1     0.02
         637       -404          1     0.09
       35660       -404          7     5.09
       70517       -404         17    10.09
      105533       -404         22    15.09
      140496       -404         32    20.09
      175459       -404         46    25.09
      210457       -404         54    30.09
      245371       -404         68    35.09
      280406       -404         75    40.09
      314648       -404         82    45.09
      349617       -404         91    50.09
      384725       -404         97    55.10
      423453       -404        105    60.62
      465873       -404        116    66.69
      512639       -404        127    73.36
      564091       -404        140    80.70
      620722       -404        164    88.78
      682809       -404        180    97.66
      751128       -404        193   107.43
      826402       -404        208   118.18
      908972       -404        221   130.00
      999923       -404        243   143.00
     1100070       -404        272   157.30
     1210265       -404        299   173.04
     1331463       -404        333   190.35
     1464602       -404        364   209.39
     1611292       -404        398   230.33
     1772714       -404        435   253.37
     1950183       -404        474   278.71
     2052937       -404        500   293.37
Time to solution 0.58674s, assuming true minimum is -404
