N=8
Mode: 1
Seed: 908
Search strategy: 0
Target time to run: 10s
Initialising random weight matrix with 439 working nodes
439 working nodes out of 512
States are 0,1
           1       -436          1     0.00
           4       -437          1     0.00
           9       -439          1     0.00
          35       -440          1     0.00
          96       -441          1     0.01
        4185       -442          1     0.57
       40263       -442         10     5.57
       76173       -442         16    10.57
      112299       -442         32    15.57
      148363       -442         42    20.57
      184460       -442         51    25.57
      220482       -442         66    30.57
      256463       -442         84    35.57
      292399       -442        103    40.57
      328517       -442        119    45.57
      364522       -442        132    50.57
      401082       -442        141    55.63
      441359       -442        153    61.20
      485574       -442        172    67.33
      534167       -442        184    74.07
      587601       -442        208    81.48
      646422       -442        223    89.63
      711080       -442        237    98.60
      782142       -442        261   108.47
      860551       -442        296   119.32
      946752       -442        327   131.26
     1041573       -442        358   144.39
     1146036       -442        398   158.83
     1260785       -442        426   174.72
     1386759       -442        460   192.20
     1493002       -442        500   206.92
Time to solution 0.41384s, assuming true minimum is -442
