N=8
Mode: 1
Seed: 98
Search strategy: 0
Target time to run: 10s
Initialising random weight matrix with 439 working nodes
439 working nodes out of 512
States are 0,1
           1       -426          1     0.00
           2       -428          1     0.00
           3       -429          1     0.00
           5       -432          1     0.00
          25       -434          1     0.00
       35227       -434         38     5.00
       70460       -434         57    10.00
      105621       -434         88    15.00
      140795       -434        115    20.00
      175992       -434        141    25.00
      211128       -434        170    30.00
      246344       -434        205    35.00
      281494       -434        229    40.00
      316692       -434        257    45.00
      351924       -434        295    50.00
      387262       -434        325    55.01
      426068       -434        351    60.52
      468784       -434        393    66.58
      515544       -434        423    73.24
      567222       -434        460    80.57
      606683       -434        500    86.17
Time to solution 0.17234s, assuming true minimum is -434
