N=8
Mode: 1
Seed: 14
Search strategy: 1
Initialising random weight matrix with 502 working nodes
502 working nodes out of 512
States are 0,1
Weight-choosing mode: 5
Min time to run: 0.5s
Max time to run: 1e+10s
Groundtruth: 1000000000
           1       -958          1     0.00
           2       -968          1     0.00
          18       -970          1     0.00
         108       -972          1     0.04
        1205       -974          1     0.52
       12678       -974         22     5.52
       24156       -974         37    10.52
       35625       -974         66    15.52
       47141       -974         82    20.52
       58655       -974         96    25.52
       70117       -974        108    30.52
       81590       -974        130    35.52
       93056       -974        142    40.52
      104543       -974        165    45.52
      116016       -974        183    50.52
      127628       -974        214    55.58
      140338       -974        242    61.14
      154360       -974        271    67.26
      169778       -974        298    73.99
      186791       -974        332    81.39
      205460       -974        366    89.53
      226004       -974        408    98.49
      248593       -974        450   108.34
      273553       -974        483   119.18
      279447       -974        500   121.74
Time to solution 0.24348s, assuming true minimum is -974
