# Problem number  Optimum          TTS
               1    -1050     0.017860
               2     -900     0.002740
               3     -894     0.002000
               4     -914     0.001580
               5     -914     0.002400
               6     -938     0.013100
               7     -982     0.011700
               8     -874     0.007600
               9    -1004     0.006080
              10     -962     0.002400
              11    -1030     0.000978
              12     -890     0.002400
              13     -952     0.001000
              14     -974     0.038540
              15     -924     0.001640
              16     -962     0.001600
              17     -932     0.006960
              18     -928     0.024060
              19     -950     0.013480
              20     -952     0.002200
              21    -1056     0.002100
              22     -900     0.003360
              23    -1026     0.001520
              24     -990     0.002920
              25     -936     0.006380
              26     -978     0.005660
              27    -1006     0.004140
              28    -1000     0.000770
              29    -1008     0.024780
              30     -950     0.006160
              31    -1036     0.002760
              32     -964     0.000856
              33     -924     0.003280
              34     -924     0.000998
              35    -1036     0.004360
              36     -972     0.002360
              37     -998     0.002000
              38     -984     0.009540
              39     -980     0.002780
              40     -942     0.001440
              41     -968     0.004760
              42     -936     0.003720
              43     -976     0.001400
              44    -1008     0.004800
              45    -1014     0.005060
              46    -1128     0.004240
              47     -934     0.026180
              48    -1010     0.001560
              49    -1002     0.006220
              50     -992     0.001520
              51     -942     0.002240
              52     -912     0.005100
              53     -984     0.002900
              54     -930     0.001860
              55     -988     0.007180
              56    -1040     0.001960
              57    -1002     0.003960
              58     -964     0.002880
              59     -922     0.013720
              60    -1014     0.004200
              61     -942     0.009100
              62     -910     0.000986
              63     -950     0.003920
              64     -948     0.001400
              65     -992     0.007140
              66     -884     0.025940
              67    -1068     0.003500
              68     -960     0.003220
              69     -972     0.000645
              70     -972     0.001400
              71     -948     0.008060
              72     -998     0.001800
              73     -988     0.003160
              74     -930     0.001640
              75     -994     0.002200
              76     -976     0.007440
              77     -992     0.006820
              78    -1006     0.006520
              79     -918     0.000713
              80     -912     0.005180
              81     -920     0.022080
              82     -992     0.001680
              83    -1022     0.002600
              84    -1084     0.004920
              85    -1014     0.002140
              86     -930     0.004300
              87     -930     0.014140
              88     -958     0.002840
              89     -946     0.000859
              90     -918     0.001140
              91    -1042     0.001260
              92    -1006     0.001100
              93    -1046     0.003740
              94    -1012     0.003260
              95     -952     0.003080
              96     -952     0.003020
              97     -962     0.001720
              98     -982     0.001600
              99    -1010     0.003200
             100    -1014     0.002440
             101     -996     0.038300
             102     -996     0.004660
             103     -918     0.003500
             104    -1038     0.001860
             105     -952     0.000871
             106     -942     0.009080
             107     -950     0.013160
             108    -1000     0.002880
             109     -988     0.002760
             110     -876     0.004880
             111    -1032     0.001080
             112     -958     0.003760
             113    -1004     0.006620
             114     -954     0.003000
             115     -984     0.002260
             116    -1010     0.001580
             117     -966     0.002420
             118     -976     0.002160
             119     -922     0.002880
             120     -938     0.003660
             121     -952     0.003740
             122     -928     0.002500
             123     -972     0.005480
             124     -896     0.000903
             125     -938     0.007040
             126    -1052     0.004900
             127     -998     0.004540
             128     -894     0.001040
             129     -992     0.002000
             130    -1002     0.002040
             131     -968     0.012040
             132     -992     0.006760
             133    -1028     0.005080
             134     -942     0.001220
             135    -1062     0.003440
             136     -886     0.005240
             137    -1012     0.001960
             138     -946     0.003040
             139     -948     0.002560
             140    -1008     0.002000
             141    -1044     0.001960
             142    -1036     0.000942
             143     -984     0.000901
             144     -936     0.007680
             145    -1004     0.002960
             146     -968     0.007340
             147    -1042     0.003440
             148     -964     0.002520
             149     -944     0.007080
             150     -886     0.030240
             151     -996     0.002880
             152     -974     0.006700
             153     -972     0.006760
             154    -1004     0.004680
             155     -944     0.010740
             156     -986     0.005200
             157     -948     0.003480
             158     -966     0.005580
             159    -1006     0.001780
             160     -996     0.001340
             161     -888     0.001020
             162     -862     0.009560
             163     -996     0.001840
             164     -852     0.002140
             165     -996     0.002480
             166     -898     0.001000
             167    -1046     0.009060
             168     -960     0.007380
             169     -968     0.006460
             170     -976     0.004680
             171     -920     0.004980
             172     -968     0.001480
             173     -898     0.010980
             174    -1096     0.001480
             175    -1004     0.004760
             176    -1024     0.002900
             177    -1020     0.002260
             178    -1216     0.004400
             179     -876     0.013720
             180     -942     0.004600
             181    -1024     0.001500
             182     -902     0.003420
             183    -1006     0.001280
             184     -946     0.004780
             185    -1000     0.003200
             186     -954     0.006400
             187     -856     0.013880
             188    -1024     0.004360
             189    -1046     0.001740
             190     -986     0.005260
             191     -828     0.008700
             192     -954     0.001980
             193     -936     0.003180
             194    -1088     0.004640
             195     -948     0.001400
             196     -938     0.003600
             197     -944     0.001680
             198     -942     0.003180
             199    -1054     0.000692
             200    -1040     0.001240
             201     -934     0.004540
             202    -1056     0.002260
             203     -936     0.001820
             204     -908     0.010840
             205    -1028     0.001120
             206    -1066     0.010240
             207     -980     0.003780
             208     -848     0.004640
             209     -986     0.008820
             210    -1026     0.003000
             211     -968     0.000779
             212     -966     0.001280
             213     -978     0.002100
             214     -970     0.008960
             215     -994     0.000943
             216     -974     0.005040
             217     -896     0.003700
             218     -922     0.001440
             219     -950     0.002080
             220     -978     0.017940
             221    -1010     0.000463
             222     -976     0.000758
             223     -980     0.004720
             224     -932     0.002500
             225     -916     0.006060
             226     -978     0.008600
             227     -888     0.005120
             228     -968     0.002000
             229    -1024     0.001840
             230     -992     0.001320
             231    -1010     0.004840
             232     -986     0.007300
             233     -982     0.003100
             234     -930     0.010100
             235    -1008     0.001840
             236     -978     0.021860
             237     -930     0.001100
             238     -948     0.002120
             239     -964     0.020140
             240     -978     0.005460
             241     -978     0.008220
             242     -972     0.005040
             243     -946     0.002640
             244    -1026     0.013220
             245    -1000     0.005420
             246     -996     0.002360
             247     -944     0.001860
             248    -1050     0.008580
             249    -1104     0.005420
             250     -952     0.007340
             251     -928     0.002240
             252    -1022     0.012000
             253     -956     0.021000
             254     -976     0.001360
             255    -1022     0.001060
             256     -998     0.002240
             257     -916     0.087680
             258     -964     0.003840
             259     -956     0.005120
             260     -950     0.001720
             261    -1034     0.004840
             262    -1018     0.005080
             263     -970     0.010860
             264     -898     0.003980
             265    -1024     0.003920
             266    -1012     0.003720
             267     -918     0.002760
             268     -914     0.002980
             269     -950     0.002200
             270     -986     0.005480
             271     -924     0.001640
             272     -920     0.003280
             273    -1022     0.002440
             274    -1008     0.002480
             275     -964     0.001800
             276     -900     0.002700
             277    -1040     0.005740
             278    -1054     0.000751
             279    -1036     0.002040
             280    -1042     0.004180
             281     -928     0.019860
             282     -970     0.003280
             283     -958     0.003660
             284     -968     0.001080
             285     -986     0.003320
             286     -894     0.006700
             287    -1024     0.002100
             288    -1084     0.000916
             289     -958     0.000803
             290    -1064     0.001000
             291    -1066     0.001360
             292     -996     0.007400
             293     -960     0.002020
             294    -1064     0.004040
             295     -974     0.004080
             296    -1024     0.002700
             297    -1010     0.003180
             298     -970     0.001580
             299    -1050     0.006120
             300     -914     0.002280
             301     -974     0.003840
             302     -934     0.002480
             303     -990     0.003740
             304     -964     0.003440
             305     -982     0.004180
             306     -932     0.008020
             307     -982     0.005680
             308     -986     0.001380
             309     -984     0.001520
             310    -1086     0.001200
             311    -1084     0.001640
             312     -940     0.014780
             313     -936     0.001080
             314    -1030     0.002240
             315     -938     0.006620
             316     -916     0.002620
             317     -970     0.003580
             318     -968     0.001420
             319     -972     0.013140
             320     -914     0.001960
             321    -1028     0.002960
             322     -926     0.002260
             323     -928     0.013040
             324    -1018     0.003140
             325     -942     0.004620
             326     -942     0.003460
             327     -924     0.001120
             328     -924     0.001520
             329     -986     0.000969
             330    -1020     0.007320
             331     -900     0.003880
             332     -930     0.001140
             333    -1006     0.004620
             334    -1002     0.001120
             335    -1040     0.002320
             336     -978     0.002240
             337    -1060     0.002320
             338     -974     0.003400
             339     -940     0.005320
             340     -990     0.000516
             341    -1026     0.001320
             342     -994     0.001100
             343    -1060     0.001360
             344     -952     0.002220
             345     -990     0.001280
             346     -952     0.008400
             347     -948     0.014640
             348     -990     0.001820
             349     -872     0.004120
             350    -1008     0.001660
             351     -962     0.017800
             352    -1026     0.001800
             353    -1002     0.002540
             354    -1098     0.001580
             355     -920     0.001980
             356     -988     0.002120
             357    -1004     0.002940
             358    -1046     0.016500
             359    -1032     0.002000
             360    -1024     0.002520
             361    -1010     0.004500
             362    -1026     0.003180
             363    -1000     0.005760
             364     -958     0.002600
             365     -894     0.000984
             366     -942     0.000784
             367    -1014     0.000724
             368    -1006     0.004000
             369    -1062     0.001320
             370     -990     0.002160
             371     -926     0.001880
             372     -878     0.005420
             373    -1002     0.002580
             374     -960     0.005280
             375    -1012     0.000806
             376    -1064     0.001320
             377    -1060     0.004500
             378     -966     0.005080
             379     -976     0.004780
             380     -938     0.007080
             381     -970     0.002320
             382     -986     0.001540
             383     -954     0.001760
             384     -940     0.003600
             385     -968     0.004120
             386     -972     0.003720
             387     -962     0.003620
             388     -974     0.004780
             389     -982     0.001000
             390     -966     0.003580
             391     -932     0.010440
             392     -958     0.002640
             393     -888     0.002300
             394     -924     0.005140
             395     -944     0.001780
             396    -1024     0.011940
             397     -936     0.017500
             398     -878     0.004600
             399     -990     0.004520
             400    -1022     0.002040
             401    -1010     0.001840
             402     -954     0.016380
             403     -946     0.015200
             404     -970     0.010160
             405     -970     0.003060
             406    -1018     0.002780
             407     -930     0.018900
             408     -954     0.008120
             409     -898     0.001740
             410     -930     0.004000
             411     -990     0.008160
             412     -962     0.004720
             413     -992     0.002080
             414     -938     0.001880
             415     -970     0.003520
             416     -962     0.008100
             417    -1000     0.002400
             418     -992     0.007520
             419    -1004     0.006780
             420     -990     0.002300
             421    -1018     0.001580
             422    -1004     0.002240
             423     -930     0.003480
             424    -1060     0.004460
             425    -1068     0.002160
             426     -932     0.001320
             427     -880     0.007100
             428     -996     0.006980
             429    -1000     0.004680
             430     -970     0.019520
             431    -1048     0.001080
             432    -1004     0.009660
             433    -1072     0.004460
             434     -864     0.002700
             435     -938     0.005220
             436     -942     0.002880
             437     -998     0.003360
             438     -976     0.009340
             439     -928     0.014100
             440     -998     0.003720
             441     -988     0.001580
             442    -1004     0.001100
             443     -994     0.012260
             444     -928     0.000607
             445    -1002     0.007900
             446     -980     0.002760
             447    -1036     0.001560
             448     -980     0.003900
             449     -964     0.001700
             450     -944     0.003260
             451    -1026     0.001200
             452     -978     0.004100
             453     -986     0.001420
             454    -1002     0.001140
             455    -1032     0.002260
             456     -928     0.000864
             457     -968     0.006800
             458     -988     0.002600
             459     -904     0.006900
             460    -1092     0.003940
             461     -972     0.010880
             462    -1000     0.003660
             463    -1012     0.003480
             464     -872     0.001020
             465    -1012     0.009300
             466     -954     0.003280
             467     -922     0.006800
             468    -1030     0.008080
             469     -946     0.004560
             470     -972     0.004900
             471    -1004     0.001620
             472     -918     0.003880
             473    -1048     0.001260
             474     -942     0.001400
             475     -990     0.013520
             476     -980     0.010980
             477     -952     0.002300
             478     -964     0.006100
             479     -970     0.001160
             480    -1000     0.001420
             481     -952     0.001980
             482     -924     0.009400
             483     -874     0.007880
             484     -902     0.021980
             485    -1130     0.004180
             486     -974     0.003020
             487     -974     0.014640
             488     -936     0.000452
             489    -1046     0.002340
             490    -1026     0.003840
             491     -906     0.001620
             492     -928     0.008260
             493    -1052     0.001140
             494    -1052     0.002020
             495    -1000     0.000893
             496    -1002     0.001320
             497     -960     0.004500
             498     -996     0.000874
             499     -938     0.005180
             500     -990     0.003900
             501     -980     0.004440
             502     -954     0.003120
             503     -972     0.009180
             504     -944     0.003040
             505     -976     0.002900
             506     -972     0.005160
             507    -1040     0.011520
             508     -978     0.005380
             509     -956     0.013200
             510     -856     0.003000
             511     -912     0.000814
             512     -914     0.001940
             513     -946     0.000907
             514    -1028     0.001700
             515     -956     0.004560
             516    -1046     0.002320
             517    -1004     0.002180
             518    -1008     0.010080
             519     -988     0.002000
             520    -1066     0.001000
             521    -1014     0.001160
             522    -1008     0.002220
             523    -1010     0.001220
             524     -980     0.009800
             525     -964     0.010780
             526     -916     0.000756
             527     -934     0.014960
             528    -1024     0.001880
             529     -958     0.001100
             530     -898     0.002160
             531     -918     0.005600
             532    -1066     0.003740
             533     -964     0.010260
             534     -950     0.003140
             535     -942     0.005480
             536     -956     0.005560
             537    -1030     0.000936
             538     -956     0.003100
             539    -1030     0.001200
             540     -952     0.000973
             541     -968     0.001920
             542     -872     0.003280
             543     -942     0.001660
             544     -936     0.003120
             545     -998     0.000916
             546     -978     0.005900
             547     -964     0.001820
             548     -900     0.002480
             549     -980     0.003100
             550     -924     0.001780
             551     -984     0.013320
             552    -1080     0.001020
             553     -902     0.008820
             554     -958     0.006260
             555    -1018     0.002080
             556     -932     0.001340
             557    -1030     0.003760
             558     -980     0.003120
             559     -938     0.001860
             560     -938     0.005200
             561    -1032     0.004580
             562    -1042     0.001240
             563    -1042     0.002620
             564     -964     0.006180
             565    -1016     0.002000
             566     -936     0.007520
             567    -1018     0.001180
             568     -944     0.004040
             569    -1008     0.006460
             570     -918     0.002620
             571     -980     0.013440
             572     -914     0.006320
             573    -1024     0.002020
             574     -942     0.002500
             575     -896     0.003440
             576     -992     0.002600
             577    -1000     0.001740
             578     -964     0.002720
             579     -952     0.000978
             580     -994     0.006140
             581    -1052     0.005000
             582     -922     0.001480
             583     -986     0.001060
             584     -876     0.004200
             585     -966     0.003140
             586     -934     0.000769
             587     -976     0.013940
             588    -1096     0.001560
             589     -908     0.003000
             590     -948     0.005340
             591     -952     0.001160
             592     -950     0.002600
             593    -1038     0.004860
             594     -878     0.003740
             595    -1046     0.003920
             596    -1016     0.001900
             597     -938     0.019840
             598     -986     0.004060
             599     -994     0.003460
             600    -1046     0.003940
             601     -980     0.001260
             602    -1040     0.002460
             603     -954     0.001560
             604    -1010     0.011720
             605     -974     0.003860
             606     -938     0.003360
             607     -952     0.007920
             608     -946     0.004020
             609    -1034     0.005360
             610     -994     0.002080
             611     -968     0.001400
             612     -968     0.008360
             613     -924     0.001060
             614    -1000     0.001360
             615     -914     0.016100
             616     -984     0.004600
             617     -948     0.002460
             618     -978     0.001560
             619     -968     0.002860
             620     -940     0.005040
             621    -1006     0.011880
             622    -1036     0.002940
             623     -922     0.004240
             624     -896     0.007220
             625     -950     0.004720
             626     -972     0.007520
             627    -1010     0.001400
             628    -1034     0.003080
             629    -1012     0.001500
             630     -946     0.001480
             631     -994     0.004120
             632    -1028     0.002040
             633    -1050     0.005580
             634     -978     0.001980
             635    -1026     0.003200
             636     -882     0.004120
             637    -1026     0.005740
             638     -950     0.052140
             639     -956     0.001360
             640     -964     0.011200
             641     -918     0.010600
             642     -950     0.003100
             643     -920     0.008940
             644     -970     0.008220
             645     -944     0.005660
             646    -1044     0.003140
             647    -1026     0.004300
             648     -928     0.001060
             649     -934     0.002820
             650    -1014     0.002000
             651     -904     0.006560
             652     -968     0.013020
             653     -898     0.002040
             654     -922     0.013160
             655    -1010     0.002460
             656     -996     0.000998
             657    -1012     0.002660
             658     -958     0.002340
             659     -972     0.003260
             660    -1048     0.004540
             661     -978     0.006360
             662     -916     0.007020
             663     -978     0.006260
             664    -1016     0.001520
             665     -970     0.000931
             666    -1026     0.001020
             667     -888     0.001380
             668    -1044     0.002520
             669     -976     0.000986
             670     -984     0.010880
             671     -900     0.000885
             672     -986     0.001840
             673     -922     0.004900
             674     -962     0.004300
             675    -1020     0.001800
             676    -1036     0.014700
             677    -1028     0.004760
             678     -966     0.003840
             679     -924     0.001060
             680     -916     0.005200
             681    -1048     0.000936
             682    -1006     0.004960
             683     -960     0.003120
             684     -960     0.017920
             685     -970     0.006660
             686     -962     0.000678
             687     -964     0.030620
             688     -974     0.001900
             689    -1006     0.004600
             690     -994     0.001900
             691     -936     0.003040
             692     -950     0.002120
             693     -954     0.007760
             694     -966     0.002160
             695     -992     0.002560
             696     -942     0.002560
             697     -976     0.012840
             698     -932     0.052980
             699    -1018     0.004440
             700     -948     0.001360
             701     -994     0.000864
             702     -932     0.004280
             703    -1004     0.007960
             704     -980     0.003360
             705     -952     0.008320
             706     -944     0.001680
             707     -994     0.002500
             708    -1058     0.004620
             709    -1094     0.001080
             710    -1010     0.013200
             711     -982     0.001260
             712     -964     0.007500
             713    -1062     0.001800
             714     -990     0.004340
             715    -1030     0.006160
             716     -922     0.042560
             717    -1000     0.002320
             718     -940     0.013580
             719     -930     0.006460
             720    -1008     0.001240
             721    -1048     0.007780
             722     -936     0.005260
             723     -946     0.001220
             724     -982     0.002240
             725     -948     0.002440
             726    -1022     0.001160
             727     -944     0.008040
             728     -900     0.004840
             729     -994     0.003000
             730     -890     0.002400
             731    -1008     0.005260
             732     -952     0.004840
             733    -1022     0.002760
             734     -996     0.006680
             735     -992     0.001120
             736     -954     0.001600
             737     -968     0.004560
             738     -970     0.001880
             739     -998     0.002760
             740    -1040     0.010340
             741     -966     0.002220
             742     -922     0.012100
             743    -1078     0.006300
             744     -898     0.004160
             745    -1004     0.001440
             746     -956     0.002320
             747    -1080     0.003840
             748     -968     0.001880
             749     -988     0.009540
             750     -976     0.001620
             751     -888     0.003760
             752     -990     0.005020
             753    -1026     0.010140
             754     -972     0.006100
             755    -1088     0.002020
             756    -1004     0.001440
             757     -970     0.002780
             758     -992     0.014280
             759    -1044     0.005980
             760    -1030     0.019680
             761    -1044     0.002200
             762    -1002     0.006240
             763     -908     0.012480
             764     -854     0.009860
             765     -996     0.001520
             766     -952     0.003900
             767     -954     0.002480
             768     -952     0.001080
             769     -996     0.001440
             770     -998     0.006280
             771     -954     0.001000
             772     -978     0.001300
             773     -986     0.005000
             774     -966     0.001080
             775     -946     0.001980
             776    -1014     0.001720
             777     -988     0.005080
             778    -1000     0.001400
             779     -986     0.001740
             780     -980     0.002920
             781     -972     0.005260
             782     -972     0.003780
             783    -1068     0.014160
             784    -1026     0.001500
             785     -918     0.003060
             786     -924     0.001520
             787    -1062     0.007460
             788     -994     0.002320
             789     -974     0.002100
             790     -994     0.003440
             791     -944     0.006280
             792     -934     0.003140
             793     -938     0.009240
             794     -946     0.009100
             795     -918     0.008180
             796     -904     0.009320
             797     -928     0.001640
             798     -920     0.001280
             799     -934     0.011700
             800     -996     0.001680
             801     -988     0.002640
             802     -962     0.003320
             803    -1068     0.002340
             804    -1044     0.001120
             805     -944     0.016960
             806    -1042     0.001380
             807     -996     0.003160
             808    -1054     0.010580
             809     -994     0.004040
             810     -898     0.002120
             811     -966     0.002520
             812    -1010     0.007620
             813    -1002     0.001600
             814     -990     0.002500
             815     -980     0.003660
             816     -990     0.002360
             817     -994     0.010020
             818     -876     0.001360
             819     -940     0.001740
             820    -1006     0.003060
             821     -976     0.003100
             822    -1006     0.002980
             823     -990     0.002420
             824     -952     0.001540
             825     -976     0.002200
             826    -1002     0.004440
             827     -976     0.001140
             828     -906     0.003760
             829     -990     0.001000
             830     -920     0.001280
             831     -970     0.007300
             832     -918     0.003620
             833    -1060     0.010740
             834    -1018     0.002220
             835    -1006     0.001500
             836     -948     0.001720
             837     -916     0.001220
             838     -884     0.015900
             839    -1018     0.021360
             840     -946     0.004120
             841    -1060     0.008640
             842     -964     0.002320
             843     -964     0.004480
             844     -964     0.007920
             845     -956     0.000710
             846     -962     0.001880
             847     -850     0.004320
             848     -988     0.002400
             849     -924     0.001980
             850     -952     0.001000
             851    -1060     0.005340
             852    -1056     0.004960
             853     -970     0.000532
             854     -942     0.007880
             855     -978     0.004540
             856     -924     0.001400
             857     -996     0.007960
             858     -960     0.000942
             859    -1048     0.002160
             860    -1068     0.002340
             861    -1012     0.002760
             862     -836     0.002400
             863     -946     0.003500
             864    -1072     0.001820
             865    -1000     0.002000
             866     -982     0.001240
             867     -976     0.003020
             868    -1008     0.002640
             869     -986     0.001560
             870     -970     0.001340
             871     -958     0.003640
             872     -916     0.005140
             873    -1000     0.001480
             874    -1040     0.005280
             875    -1042     0.002220
             876     -980     0.002260
             877     -922     0.003320
             878     -896     0.001980
             879    -1026     0.005800
             880    -1016     0.003120
             881     -970     0.008060
             882     -936     0.003400
             883     -974     0.008060
             884     -976     0.000734
             885     -902     0.001320
             886     -908     0.005840
             887     -918     0.001780
             888    -1038     0.001920
             889     -982     0.033300
             890    -1038     0.002060
             891     -978     0.001420
             892    -1002     0.004040
             893     -926     0.009300
             894    -1006     0.001420
             895     -998     0.003140
             896     -914     0.010420
             897    -1044     0.011660
             898     -968     0.004460
             899     -892     0.004300
             900     -928     0.076300
             901    -1018     0.001680
             902     -978     0.001040
             903    -1032     0.009720
             904     -986     0.003380
             905     -988     0.002080
             906     -914     0.000898
             907    -1014     0.001040
             908    -1018     0.007720
             909     -914     0.002160
             910    -1010     0.002820
             911     -980     0.003860
             912     -880     0.045620
             913    -1062     0.001560
             914    -1010     0.002380
             915    -1042     0.002800
             916     -988     0.003820
             917     -956     0.006600
             918    -1006     0.018120
             919     -906     0.000899
             920    -1016     0.001740
             921     -974     0.001280
             922     -938     0.002880
             923     -978     0.003200
             924     -908     0.003020
             925     -934     0.007100
             926     -936     0.006620
             927    -1008     0.007280
             928     -948     0.006900
             929     -932     0.001540
             930     -840     0.005140
             931     -962     0.002280
             932    -1018     0.001520
             933    -1010     0.002180
             934    -1022     0.004940
             935     -960     0.001600
             936     -982     0.004660
             937     -980     0.001660
             938     -958     0.001460
             939     -970     0.015680
             940     -948     0.000718
             941     -986     0.004560
             942     -978     0.001000
             943     -998     0.008960
             944     -928     0.007380
             945     -948     0.003020
             946     -970     0.006300
             947     -908     0.003320
             948     -880     0.003620
             949     -962     0.015280
             950    -1010     0.002800
             951     -962     0.005400
             952    -1030     0.001580
             953     -996     0.001600
             954     -874     0.006920
             955     -944     0.003520
             956    -1050     0.001720
             957    -1016     0.001000
             958    -1034     0.006320
             959     -942     0.001580
             960     -934     0.012320
             961    -1000     0.008740
             962     -984     0.008240
             963     -924     0.002480
             964     -990     0.003840
             965     -872     0.004260
             966     -882     0.002840
             967    -1106     0.007680
             968     -982     0.001080
             969    -1040     0.003160
             970     -986     0.003720
             971     -968     0.002080
             972    -1010     0.006460
             973     -960     0.005200
             974    -1026     0.003500
             975    -1000     0.013700
             976     -956     0.001000
             977     -968     0.004520
             978     -992     0.002200
             979    -1026     0.005120
             980     -952     0.002000
             981     -922     0.045620
             982     -964     0.003020
             983     -938     0.004200
             984     -998     0.004300
             985     -956     0.009300
             986     -978     0.001640
             987     -890     0.003460
             988     -920     0.002960
             989     -952     0.009920
             990     -952     0.000839
             991    -1004     0.002380
             992    -1018     0.010160
             993     -996     0.000719
             994     -926     0.001420
             995     -998     0.014140
             996     -968     0.001340
             997    -1000     0.019740
             998     -934     0.006240
             999    -1032     0.000587
            1000     -974     0.002780
