N=8
Mode: 1
Seed: 119
Search strategy: 1
Initialising random weight matrix with 439 working nodes
439 working nodes out of 512
States are 0,1
Weight-choosing mode: 7
Min time to run: 0.5s
Max time to run: 1e+10s
Solutions are independent
           1       -346          0     0.00     0.00       -nan
           2       -352          0     0.00     0.00       -nan
          16       -353          0     0.00     0.00       -nan
         143       -354          0     0.00     0.03       -nan
        1559       -355          0     0.00     0.28       -nan
       31285       -355         29     5.00     5.28        5.8
       61663       -355         48    10.01    10.29        4.8
       91893       -355         70    15.01    15.29       4.66
      122174       -355        100    20.01    20.29          5
      151811       -355        125    25.01    25.29          5
      182388       -355        152    30.01    30.29       5.06
      212635       -355        173    35.01    35.29       4.94
      243171       -355        200    40.01    40.29          5
      273603       -355        218    45.01    45.29       4.84
      303907       -355        245    50.01    50.29        4.9
      334817       -355        268    55.04    55.32       4.87
      367307       -355        294    60.58    60.86       4.85
      404450       -355        331    66.67    66.95       4.96
      445163       -355        364    73.37    73.65       4.96
      489750       -355        407    80.74    81.02       5.04
      538761       -355        458    88.85    89.13       5.15
      592038       -355        495    97.77    98.05       5.06
      600289       -355        500    99.19    99.47       5.04
Time to solution 0.19838s, assuming true minimum is -355
