N=8
Mode: 1
Seed: 211
Search strategy: 1
Initialising random weight matrix with 439 working nodes
439 working nodes out of 512
States are 0,1
Weight-choosing mode: 7
Min time to run: 0.5s
Max time to run: 1e+10s
Solutions are independent
           1       -317          0     0.00     0.00       -nan
           2       -320          0     0.00     0.00       -nan
           5       -321          0     0.00     0.00       -nan
          10       -322          0     0.00     0.00       -nan
          33       -323          0     0.00     0.01       -nan
        8107       -324          0     0.00     1.39       -nan
       38676       -324         22     5.00     6.39        4.4
       69590       -324         54    10.00    11.39        5.4
      100906       -324         83    15.00    16.39       5.53
      131847       -324        106    20.00    21.39        5.3
      162544       -324        132    25.00    26.39       5.28
      193139       -324        165    30.00    31.39        5.5
      224135       -324        200    35.00    36.39       5.71
      255672       -324        222    40.00    41.39       5.55
      286403       -324        253    45.00    46.39       5.62
      317597       -324        279    50.00    51.39       5.58
      349503       -324        300    55.14    56.53       5.44
      384348       -324        328    60.80    62.19       5.39
      423217       -324        369    67.02    68.41       5.51
      466170       -324        411    73.87    75.26       5.56
      513076       -324        455    81.40    82.79       5.59
      564443       -324        498    89.68    91.07       5.55
      565748       -324        500    89.87    91.26       5.56
Time to solution 0.17974s, assuming true minimum is -324
