N=8
Mode: 1
Seed: 324
Search strategy: 1
Initialising random weight matrix with 439 working nodes
439 working nodes out of 512
States are 0,1
Weight-choosing mode: 7
Min time to run: 0.5s
Max time to run: 1e+10s
Solutions are independent
           1       -344          0     0.00     0.00       -nan
           2       -346          0     0.00     0.00       -nan
           3       -347          0     0.00     0.00       -nan
           6       -348          0     0.00     0.00       -nan
          14       -349          0     0.00     0.00       -nan
          51       -350          0     0.00     0.01       -nan
        1437       -351          0     0.00     0.24       -nan
       31230       -351         19     5.00     5.24        3.8
       61393       -351         40    10.00    10.24          4
       90894       -351         59    15.00    15.24       3.93
      120978       -351         92    20.01    20.25        4.6
      151172       -351        114    25.01    25.25       4.56
      181327       -351        135    30.01    30.25        4.5
      211309       -351        163    35.01    35.25       4.66
      240983       -351        188    40.01    40.25        4.7
      270525       -351        215    45.01    45.25       4.78
      300819       -351        233    50.01    50.25       4.66
      331581       -351        258    55.04    55.28       4.69
      364135       -351        280    60.57    60.81       4.62
      400740       -351        297    66.66    66.90       4.46
      440649       -351        338    73.36    73.60       4.61
      484521       -351        371    80.72    80.96        4.6
      532796       -351        410    88.82    89.06       4.62
      585782       -351        449    97.73    97.97       4.59
      644656       -351        488   107.53   107.77       4.54
      657425       -351        500   109.62   109.86       4.56
Time to solution 0.21924s, assuming true minimum is -351
