N=8
Mode: 1
Seed: 369
Search strategy: 1
Initialising random weight matrix with 439 working nodes
439 working nodes out of 512
States are 0,1
Weight-choosing mode: 7
Min time to run: 0.5s
Max time to run: 1e+10s
Solutions are independent
           1       -371          0     0.00     0.00       -nan
           2       -372          0     0.00     0.00       -nan
           3       -373          0     0.00     0.00       -nan
           4       -375          0     0.00     0.00       -nan
          31       -376          0     0.00     0.01       -nan
          37       -377          0     0.00     0.01       -nan
          57       -378          0     0.00     0.01       -nan
         930       -379          0     0.00     0.16       -nan
       33828       -379         34     5.00     5.16        6.8
       65769       -379         72    10.00    10.16        7.2
       97950       -379        114    15.00    15.16        7.6
      129847       -379        146    20.00    20.16        7.3
      162089       -379        177    25.00    25.16       7.08
      194201       -379        206    30.00    30.16       6.87
      226320       -379        236    35.00    35.16       6.74
      258580       -379        259    40.00    40.16       6.47
      290293       -379        288    45.00    45.16        6.4
      322176       -379        318    50.00    50.16       6.36
      354308       -379        342    55.02    55.18       6.22
      389634       -379        368    60.54    60.70       6.08
      428499       -379        399    66.62    66.78       5.99
      471087       -379        447    73.30    73.46        6.1
      518050       -379        493    80.65    80.81       6.11
      528142       -379        500    82.27    82.43       6.08
Time to solution 0.16454s, assuming true minimum is -379
