N=8
Mode: 1
Seed: 385
Search strategy: 1
Initialising random weight matrix with 439 working nodes
439 working nodes out of 512
States are 0,1
Weight-choosing mode: 7
Min time to run: 0.5s
Max time to run: 1e+10s
Solutions are independent
           1       -342          0     0.00     0.00       -nan
           2       -345          0     0.00     0.00       -nan
           4       -348          0     0.00     0.00       -nan
         242       -349          0     0.00     0.05       -nan
        1895       -350          0     0.00     0.33       -nan
       32246       -350         34     5.00     5.33        6.8
       63121       -350         69    10.00    10.33        6.9
       93560       -350        109    15.00    15.33       7.27
      123837       -350        139    20.00    20.33       6.95
      154767       -350        174    25.00    25.33       6.96
      185521       -350        205    30.00    30.33       6.83
      216149       -350        238    35.00    35.33        6.8
      246512       -350        268    40.00    40.33        6.7
      277032       -350        306    45.00    45.33        6.8
      307344       -350        336    50.00    50.33       6.72
      338458       -350        374    55.04    55.37        6.8
      372545       -350        412    60.58    60.91        6.8
      409729       -350        450    66.68    67.01       6.75
      450911       -350        497    73.39    73.72       6.77
      456149       -350        500    74.23    74.56       6.74
Time to solution 0.14846s, assuming true minimum is -350
