N=8
Mode: 1
Seed: 43
Search strategy: 1
Initialising random weight matrix with 439 working nodes
439 working nodes out of 512
States are 0,1
Weight-choosing mode: 7
Min time to run: 0.5s
Max time to run: 1e+10s
Solutions are independent
           1       -336          0     0.00     0.00       -nan
           2       -338          0     0.00     0.00       -nan
         141       -339          0     0.00     0.03       -nan
         220       -340          0     0.00     0.04       -nan
        2419       -341          0     0.00     0.41       -nan
       34619       -341         20     5.00     5.41          4
       66163       -341         33    10.00    10.41        3.3
       97983       -341         58    15.00    15.41       3.87
      129319       -341         74    20.00    20.41        3.7
      161141       -341         93    25.00    25.41       3.72
      192851       -341        107    30.00    30.41       3.57
      224718       -341        123    35.00    35.41       3.51
      256736       -341        141    40.00    40.41       3.52
      288748       -341        162    45.00    45.41        3.6
      320319       -341        178    50.00    50.41       3.56
      352988       -341        201    55.05    55.46       3.65
      388206       -341        215    60.60    61.01       3.55
      426998       -341        251    66.71    67.12       3.76
      469425       -341        283    73.43    73.84       3.85
      516862       -341        299    80.82    81.23        3.7
      568270       -341        337    88.95    89.36       3.79
      625866       -341        372    97.89    98.30        3.8
      688844       -341        410   107.73   108.14       3.81
      757851       -341        454   118.55   118.96       3.83
      828155       -341        500   129.59   130.00       3.86
Time to solution 0.25918s, assuming true minimum is -341
