N=8
Mode: 1
Seed: 585
Search strategy: 1
Initialising random weight matrix with 439 working nodes
439 working nodes out of 512
States are 0,1
Weight-choosing mode: 7
Min time to run: 0.5s
Max time to run: 1e+10s
Solutions are independent
           1       -347          0     0.00     0.00       -nan
           6       -348          0     0.00     0.00       -nan
           7       -349          0     0.00     0.00       -nan
          93       -350          0     0.00     0.02       -nan
        2819       -351          0     0.00     0.48       -nan
       33824       -351         22     5.00     5.48        4.4
       65051       -351         35    10.00    10.48        3.5
       96675       -351         52    15.00    15.48       3.47
      128074       -351         80    20.00    20.48          4
      158841       -351        101    25.00    25.48       4.04
      190474       -351        120    30.00    30.48          4
      222271       -351        146    35.01    35.49       4.17
      254231       -351        174    40.01    40.49       4.35
      286261       -351        190    45.01    45.49       4.22
      317994       -351        214    50.01    50.49       4.28
      349566       -351        230    55.06    55.54       4.18
      384803       -351        249    60.62    61.10       4.11
      422854       -351        278    66.74    67.22       4.17
      465248       -351        299    73.47    73.95       4.07
      511593       -351        328    80.87    81.35       4.06
      562693       -351        364    89.01    89.49       4.09
      618661       -351        395    97.96    98.44       4.03
      681559       -351        444   107.81   108.29       4.12
      749568       -351        488   118.64   119.12       4.11
      763587       -351        500   120.92   121.40       4.13
Time to solution 0.24184s, assuming true minimum is -351
