N=8
Mode: 1
Seed: 226
Search strategy: 2
Target time to run: 10s
Initialising random weight matrix with 502 working nodes
502 working nodes out of 512
States are 0,1
Weight-choosing mode: 5
           1       -974          1     0.00
          29       -976          1     0.01
         135       -978          1     0.04
        9688       -978         16     5.04
       18800       -978         28    10.07
       28326       -978         42    15.07
       37669       -978         54    20.07
       46571       -978         63    25.11
       55774       -978         72    30.11
       65595       -978         85    35.11
       74492       -978         96    40.11
       83654       -978        108    45.11
       93276       -978        121    50.11
      102606       -978        137    55.16
      112731       -978        152    60.69
      124015       -978        166    66.78
      136690       -978        185    73.46
      150566       -978        201    80.83
      166066       -978        216    88.95
      182679       -978        236    97.86
      200842       -978        257   107.67
      220589       -978        278   118.44
      242380       -978        304   130.29
      266521       -978        345   143.33
      293605       -978        382   157.76
      322312       -978        414   173.54
      354455       -978        459   190.91
      388927       -978        495   210.01
      393079       -978        500   212.20
Time to solution 0.4244s, assuming true minimum is -978
