N=8
Mode: 1
Seed: 236
Search strategy: 2
Target time to run: 10s
Initialising random weight matrix with 502 working nodes
502 working nodes out of 512
States are 0,1
Weight-choosing mode: 5
           1       -960          1     0.00
           2       -966          1     0.00
           5       -970          1     0.00
           7       -972          1     0.00
          18       -976          1     0.00
         336       -978          1     0.10
       11025       -978         33     5.11
       21269       -978         65    10.13
       31531       -978         92    15.13
       42372       -978        125    20.14
       52926       -978        156    25.14
       63362       -978        185    30.14
       73383       -978        213    35.16
       83509       -978        230    40.16
       93942       -978        266    45.16
      103760       -978        281    50.16
      114252       -978        315    55.18
      125570       -978        346    60.70
      137896       -978        375    66.78
      151916       -978        415    73.46
      166581       -978        452    80.84
      183438       -978        490    88.93
      185899       -978        500    90.06
Time to solution 0.18012s, assuming true minimum is -978
