N=8
Mode: 1
Seed: 257
Search strategy: 2
Target time to run: 10s
Initialising random weight matrix with 502 working nodes
502 working nodes out of 512
States are 0,1
Weight-choosing mode: 5
           1       -904          1     0.00
           2       -910          1     0.00
           3       -914          1     0.00
         544       -916          1     0.18
        8372       -916         21     5.18
       16927       -916         45    10.18
       24995       -916         70    15.18
       33273       -916         87    20.22
       41757       -916        103    25.23
       50142       -916        126    30.32
       58563       -916        147    35.32
       66458       -916        169    40.32
       74672       -916        194    45.32
       83173       -916        213    50.39
       91552       -916        238    55.44
      100498       -916        268    61.04
      110791       -916        292    67.15
      121526       -916        327    73.92
      133903       -916        357    81.41
      147286       -916        393    89.60
      162453       -916        439    98.56
      178673       -916        485   108.45
      184065       -916        500   111.72
Time to solution 0.22344s, assuming true minimum is -916
