N=8
Mode: 1
Seed: 29
Search strategy: 2
Target time to run: 10s
Initialising random weight matrix with 502 working nodes
502 working nodes out of 512
States are 0,1
Weight-choosing mode: 5
           1      -1004          1     0.00
           7      -1006          1     0.00
         779      -1008          1     0.24
       10469      -1008          4     5.24
       19809      -1008          6    10.24
       29178      -1008          6    15.24
       38577      -1008          7    20.25
       47959      -1008          8    25.25
       57348      -1008          8    30.26
       66844      -1008         11    35.27
       76218      -1008         12    40.27
       85747      -1008         15    45.27
       95244      -1008         18    50.27
      104853      -1008         21    55.30
      115271      -1008         25    60.85
      126889      -1008         29    66.98
      139567      -1008         31    73.73
      153480      -1008         34    81.13
      168924      -1008         38    89.25
      185785      -1008         40    98.21
      204279      -1008         42   108.05
      224813      -1008         46   118.86
      247315      -1008         49   130.77
      272032      -1008         54   143.85
      299471      -1008         63   158.24
      329181      -1008         66   174.07
      362097      -1008         75   191.49
      398134      -1008         82   210.64
      438167      -1008         97   231.71
      482055      -1008        109   254.89
      530013      -1008        115   280.38
      582878      -1008        125   308.43
      641116      -1008        137   339.28
      705228      -1008        152   373.21
      775592      -1008        164   410.56
      852918      -1008        173   451.66
      938170      -1008        190   496.83
     1032051      -1008        211   546.52
     1134844      -1008        230   601.21
     1248212      -1008        246   661.34
     1373197      -1008        275   727.48
     1510846      -1008        303   800.23
     1661797      -1008        332   880.26
     1828813      -1008        373   968.29
     2011786      -1008        409  1065.12
     2212759      -1008        447  1171.64
     2433486      -1008        486  1288.81
     2544875      -1008        500  1347.85
Time to solution 2.6957s, assuming true minimum is -1008
