N=8
Mode: 1
Seed: 430
Search strategy: 2
Target time to run: 10s
Initialising random weight matrix with 502 working nodes
502 working nodes out of 512
States are 0,1
Weight-choosing mode: 5
           1       -960          1     0.00
           2       -964          1     0.00
           5       -966          1     0.00
          23       -968          1     0.00
         615       -970          1     0.19
       10099       -970         11     5.19
       19326       -970         19    10.20
       28974       -970         29    15.22
       38639       -970         43    20.22
       48215       -970         57    25.22
       57605       -970         71    30.22
       67141       -970         76    35.22
       76445       -970         90    40.22
       86070       -970        102    45.22
       95295       -970        115    50.27
      104782       -970        130    55.34
      115066       -970        146    60.88
      126558       -970        159    66.99
      138825       -970        173    73.69
      152880       -970        189    81.06
      168288       -970        214    89.17
      185525       -970        237    98.12
      204226       -970        256   107.94
      224931       -970        275   118.74
      247543       -970        295   130.62
      272101       -970        321   143.69
      299218       -970        362   158.06
      328476       -970        398   173.87
      360790       -970        431   191.26
      397454       -970        477   210.39
      418689       -970        500   221.72
Time to solution 0.44344s, assuming true minimum is -970
