N=8
Mode: 1
Seed: 44
Search strategy: 2
Target time to run: 10s
Initialising random weight matrix with 502 working nodes
502 working nodes out of 512
States are 0,1
Weight-choosing mode: 5
           1       -994          1     0.00
           3      -1002          1     0.00
           6      -1004          1     0.00
           7      -1006          1     0.00
         171      -1008          1     0.05
        9970      -1008         34     5.05
       18896      -1008         64    10.05
       28099      -1008         86    15.05
       36876      -1008        109    20.05
       46582      -1008        131    25.05
       55655      -1008        159    30.05
       64854      -1008        191    35.05
       73746      -1008        218    40.05
       82696      -1008        243    45.05
       91962      -1008        269    50.13
      101337      -1008        296    55.19
      111897      -1008        328    60.71
      123012      -1008        359    66.79
      134983      -1008        401    73.47
      148283      -1008        434    80.89
      164196      -1008        491    88.98
      168080      -1008        500    91.06
Time to solution 0.18212s, assuming true minimum is -1008
