N=8
Mode: 1
Seed: 597
Search strategy: 2
Target time to run: 10s
Initialising random weight matrix with 502 working nodes
502 working nodes out of 512
States are 0,1
Weight-choosing mode: 5
           1       -932          1     0.00
          39       -934          1     0.01
          63       -936          1     0.02
        1001       -938          1     0.53
        9309       -938         21     5.59
       17790       -938         41    10.60
       25859       -938         68    15.60
       34121       -938         94    20.67
       42440       -938        116    25.67
       50918       -938        146    30.71
       59338       -938        172    35.78
       67866       -938        193    40.84
       76305       -938        218    45.87
       84656       -938        247    50.87
       93403       -938        266    56.03
      102675       -938        290    61.65
      112999       -938        315    67.85
      124722       -938        344    74.64
      137263       -938        378    82.11
      150775       -938        420    90.36
      166115       -938        463    99.40
      180990       -938        500   108.49
Time to solution 0.21698s, assuming true minimum is -938
