N=8
Mode: 1
Seed: 6
Search strategy: 2
Target time to run: 10s
Initialising random weight matrix with 502 working nodes
502 working nodes out of 512
States are 0,1
Weight-choosing mode: 5
           1       -928          1     0.00
           2       -930          1     0.00
           3       -934          1     0.00
         264       -936          1     0.08
        1330       -938          1     0.54
       10741       -938         18     5.54
       20119       -938         34    10.54
       29548       -938         57    15.54
       38699       -938         80    20.55
       48399       -938        105    25.55
       57936       -938        127    30.61
       67569       -938        149    35.63
       77183       -938        167    40.63
       86823       -938        192    45.63
       96117       -938        213    50.65
      105417       -938        225    55.72
      115699       -938        246    61.32
      127112       -938        267    67.46
      140037       -938        295    74.21
      154337       -938        318    81.64
      169205       -938        346    89.81
      185935       -938        375    98.84
      204770       -938        412   108.73
      224933       -938        452   119.61
      247028       -938        487   131.58
      253839       -938        500   135.24
Time to solution 0.27048s, assuming true minimum is -938
