N=8
Mode: 1
Seed: 698
Search strategy: 2
Target time to run: 10s
Initialising random weight matrix with 502 working nodes
502 working nodes out of 512
States are 0,1
Weight-choosing mode: 5
           1       -926          1     0.00
          12       -930          1     0.00
          46       -932          1     0.01
        9256       -932         14     5.01
       18202       -932         23    10.02
       27160       -932         33    15.03
       36481       -932         50    20.03
       45841       -932         59    25.03
       55170       -932         73    30.03
       64112       -932         84    35.03
       73502       -932         99    40.03
       82792       -932        109    45.04
       92109       -932        121    50.06
      101228       -932        129    55.07
      111517       -932        142    60.58
      123188       -932        160    66.64
      136031       -932        183    73.31
      149602       -932        194    80.67
      164846       -932        210    88.74
      181712       -932        232    97.66
      199946       -932        259   107.43
      220577       -932        290   118.21
      242968       -932        325   130.06
      267075       -932        353   143.07
      294334       -932        396   157.43
      323981       -932        432   173.18
      355839       -932        470   190.50
      380379       -932        500   204.06
Time to solution 0.40812s, assuming true minimum is -932
