N=8
Mode: 1
Seed: 763
Search strategy: 2
Target time to run: 10s
Initialising random weight matrix with 502 working nodes
502 working nodes out of 512
States are 0,1
Weight-choosing mode: 5
           1       -902          1     0.00
          15       -904          1     0.00
          80       -906          1     0.02
        1040       -908          1     0.45
        9491       -908         28     5.49
       17639       -908         48    10.49
       25698       -908         74    15.49
       34323       -908        102    20.54
       42980       -908        132    25.54
       51486       -908        154    30.62
       60516       -908        183    35.63
       68647       -908        206    40.66
       77082       -908        224    45.69
       85401       -908        243    50.71
       94281       -908        262    55.79
      103533       -908        289    61.38
      113592       -908        320    67.52
      125126       -908        355    74.28
      137998       -908        382    81.71
      152044       -908        415    89.89
      167982       -908        455    98.88
      180059       -908        500   105.50
Time to solution 0.211s, assuming true minimum is -908
