N=8
Mode: 1
Seed: 81
Search strategy: 2
Target time to run: 10s
Initialising random weight matrix with 502 working nodes
502 working nodes out of 512
States are 0,1
Weight-choosing mode: 5
           1       -910          1     0.00
          13       -912          1     0.00
          33       -914          1     0.01
          34       -916          1     0.01
         193       -918          1     0.06
        9901       -918         37     5.06
       17882       -920          1     9.04
       26853       -920          4    14.04
       35656       -920          6    19.04
       44776       -920          8    24.04
       53933       -920          9    29.04
       62947       -920         13    34.04
       71841       -920         15    39.04
       80767       -920         15    44.04
       89768       -920         17    49.04
       98907       -920         18    54.04
      108858       -920         22    59.45
      119583       -920         28    65.40
      131592       -920         32    71.95
      144817       -920         39    79.17
      159171       -920         41    87.13
      174791       -920         43    95.85
      192364       -920         51   105.48
      211421       -920         57   116.04
      232295       -920         66   127.65
      255369       -920         74   140.48
      280620       -920         84   154.53
      308522       -920         92   169.99
      339550       -920        103   186.99
      373280       -920        122   205.75
      410243       -920        136   226.33
      451375       -920        148   248.97
      496553       -920        163   273.89
      545961       -920        170   301.32
      600463       -920        181   331.50
      660293       -920        198   364.66
      726194       -920        227   401.13
      798654       -920        253   441.29
      878475       -920        280   485.42
      964488       -920        314   534.00
     1060638       -920        343   587.41
     1165900       -920        380   646.16
     1282370       -920        415   710.78
     1410268       -920        462   781.86
     1504366       -920        500   833.92
Time to solution 1.66784s, assuming true minimum is -920
