N=8
Mode: 1
Seed: 87
Search strategy: 2
Target time to run: 10s
Initialising random weight matrix with 502 working nodes
502 working nodes out of 512
States are 0,1
Weight-choosing mode: 5
           1       -920          1     0.00
           2       -922          1     0.00
           9       -924          1     0.00
          95       -926          1     0.02
         186       -928          1     0.05
        2538       -930          1     1.09
       11285       -930         26     6.09
       19407       -930         54    11.09
       27341       -930         82    16.09
       35578       -930        109    21.09
       44046       -930        130    26.17
       52354       -930        158    31.19
       60582       -930        180    36.19
       68420       -930        209    41.19
       76294       -930        239    46.19
       84789       -930        270    51.20
       93239       -930        294    56.33
      102802       -930        317    61.97
      113177       -930        346    68.17
      124830       -930        380    74.99
      137174       -930        415    82.49
      150567       -930        458    90.81
      164849       -930        500    99.35
Time to solution 0.1987s, assuming true minimum is -930
