N=8
Mode: 1
Seed: 900
Search strategy: 2
Target time to run: 10s
Initialising random weight matrix with 502 working nodes
502 working nodes out of 512
States are 0,1
Weight-choosing mode: 5
           1       -904          1     0.00
           2       -914          1     0.00
           4       -920          1     0.00
           8       -924          1     0.00
          29       -926          1     0.00
        2392       -928          1     0.75
       11844       -928         11     5.75
       21128       -928         24    10.75
       30403       -928         36    15.75
       39910       -928         55    20.75
       49677       -928         78    25.83
       58829       -928         88    30.83
       68289       -928        101    35.83
       78014       -928        118    40.83
       87188       -928        129    45.83
       96413       -928        141    50.83
      106205       -928        153    55.92
      116833       -928        165    61.54
      128591       -928        179    67.70
      141309       -928        199    74.48
      155512       -928        225    81.93
      170862       -928        248    90.15
      187501       -928        267    99.17
      205976       -928        290   109.09
      226342       -928        324   120.00
      248910       -928        353   132.02
      273849       -928        391   145.23
      300540       -928        420   159.76
      330678       -928        460   175.74
      360895       -928        500   191.73
Time to solution 0.38346s, assuming true minimum is -928
