N=8
Mode: 1
Seed: 912
Search strategy: 2
Target time to run: 10s
Initialising random weight matrix with 502 working nodes
502 working nodes out of 512
States are 0,1
Weight-choosing mode: 5
           1       -858          1     0.00
           2       -870          1     0.00
           5       -872          1     0.00
           6       -874          1     0.00
          22       -876          1     0.00
         228       -880          1     0.07
        9549       -880         20     5.07
       18944       -880         42    10.07
       28822       -880         65    15.07
       38462       -880         87    20.09
       47500       -880        107    25.09
       57699       -880        131    30.09
       67753       -880        155    35.09
       77091       -880        182    40.09
       86672       -880        199    45.09
       96277       -880        225    50.09
      105761       -880        249    55.10
      116664       -880        278    60.62
      128439       -880        306    66.69
      140883       -880        331    73.36
      154663       -880        355    80.75
      169944       -880        401    88.83
      187620       -880        447    97.72
      205998       -880        492   107.50
      208442       -880        500   108.71
Time to solution 0.21742s, assuming true minimum is -880
