N=8
Mode: 1
Seed: 13
Search strategy: 0
Initialising random weight matrix with 439 working nodes
439 working nodes out of 512
States are 0,1
Weight-choosing mode: 7
Min time to run: 0.5s
Max time to run: 1e+10s
Solutions are independent
           1       -320          0     0.00     0.00       -nan
           2       -324          0     0.00     0.00       -nan
           9       -325          0     0.00     0.00       -nan
          10       -330          0     0.00     0.00       -nan
         296       -331          0     0.00     0.02       -nan
         539       -333          0     0.00     0.05       -nan
         622       -334          0     0.00     0.06       -nan
         974       -337          0     0.00     0.08       -nan
       10096       -338          0     0.00     0.80       -nan
       12756       -340          0     0.00     1.00       -nan
       75956       -340          2     5.00     6.00        0.4
      138176       -340          2    10.00    11.00        0.2
      201094       -340          5    15.00    16.00      0.333
      263986       -340          7    20.00    21.00       0.35
      327498       -340          9    25.00    26.00       0.36
      384268       -341          0     0.00    30.45       -nan
      447504       -341          1     5.00    35.45        0.2
      511679       -341          2    10.00    40.45        0.2
      576472       -341          2    15.00    45.45      0.133
      639991       -341          2    20.00    50.45        0.1
      703367       -341          3    25.05    55.50       0.12
      771469       -341          5    30.61    61.06      0.163
      853366       -341          5    36.72    67.17      0.136
      936876       -341          5    43.44    73.89      0.115
     1030070       -341          7    50.83    81.28      0.138
     1129547       -341          7    58.96    89.41      0.119
     1243790       -341          7    67.91    98.36      0.103
     1370432       -341          8    77.75   108.20      0.103
     1511252       -341          8    88.58   119.03     0.0903
     1664510       -341          9   100.49   130.94     0.0896
     1831161       -341          9   113.59   144.04     0.0792
     2019782       -341         10   128.00   158.45     0.0781
     2225416       -341         11   143.85   174.30     0.0765
     2456479       -341         13   161.29   191.74     0.0806
     2704151       -341         15   180.47   210.92     0.0831
     2977327       -341         16   201.57   232.02     0.0794
     3275298       -341         17   224.78   255.23     0.0756
     3604449       -341         22   250.31   280.76     0.0879
     3965118       -341         23   278.39   308.84     0.0826
     4368896       -341         26   309.28   339.73     0.0841
     4801449       -341         33   343.26   373.71     0.0961
     5283008       -341         37   380.64   411.09     0.0972
     5812314       -341         39   421.75   452.20     0.0925
     6392081       -341         44   466.97   497.42     0.0942
     7028297       -341         52   516.72   547.17      0.101
     7728824       -341         55   571.44   601.89     0.0962
     8507279       -341         61   631.63   662.08     0.0966
     9359767       -341         69   697.84   728.29     0.0989
    10314345       -341         73   770.67   801.12     0.0947
    11334460       -341         82   850.79   881.24     0.0964
    12463786       -341         93   938.92   969.37      0.099
    13709643       -341        106  1035.86  1066.31      0.102
    15086428       -341        117  1142.50  1172.95      0.102
    16604401       -341        134  1259.80  1290.25      0.106
    18213934       -341        144  1388.83  1419.28      0.104
    20062468       -341        156  1530.76  1561.21      0.102
    22068921       -341        172  1686.89  1717.34      0.102
    24268060       -341        199  1858.63  1889.08      0.107
    26701138       -341        213  2047.54  2077.99      0.104
    29359187       -341        240  2255.34  2285.79      0.106
    32286953       -341        257  2483.92  2514.37      0.103
    35511498       -341        284  2735.36  2765.81      0.104
    39061985       -341        309  3011.95  3042.40      0.103
    42973271       -341        344  3316.20  3346.65      0.104
    47277397       -341        375  3650.87  3681.32      0.103
    52010508       -341        422  4019.01  4049.46      0.105
    57199771       -341        463  4423.96  4454.41      0.105
    62932308       -341        498  4869.41  4899.86      0.102
    63281423       -341        500  4896.39  4926.84      0.102
Time to solution 9.79278s, assuming true minimum is -341
