N=8
Mode: 1
Seed: 14
Search strategy: 0
Initialising random weight matrix with 439 working nodes
439 working nodes out of 512
States are 0,1
Weight-choosing mode: 7
Min time to run: 0.5s
Max time to run: 1e+10s
Solutions are independent
           1       -327          0     0.00     0.00       -nan
           2       -328          0     0.00     0.00       -nan
           4       -332          0     0.00     0.00       -nan
          20       -336          0     0.00     0.00       -nan
         371       -338          0     0.00     0.04       -nan
         603       -339          0     0.00     0.06       -nan
         897       -340          0     0.00     0.09       -nan
        1564       -341          0     0.00     0.15       -nan
        3688       -342          0     0.00     0.34       -nan
        8364       -343          0     0.00     0.74       -nan
       12055       -344          0     0.00     1.04       -nan
       72077       -344          2     5.00     6.04        0.4
      132444       -344          7    10.00    11.04        0.7
      191288       -344         16    15.00    16.04       1.07
      226746       -345          0     0.00    18.95       -nan
      285885       -345          1     5.00    23.95        0.2
      344468       -345          1    10.00    28.95        0.1
      403747       -345          1    15.00    33.95     0.0667
      463513       -345          1    20.00    38.95       0.05
      524791       -345          1    25.00    43.95       0.04
      584912       -345          1    30.00    48.95     0.0333
      646187       -345          3    35.00    53.95     0.0857
      710471       -345          4    40.40    59.35      0.099
      781776       -345          4    46.34    65.29     0.0863
      861016       -345          6    52.87    71.82      0.113
      948131       -345          8    60.06    79.01      0.133
     1045366       -345          8    67.97    86.92      0.118
     1149779       -345          8    76.67    95.62      0.104
     1264071       -345          9    86.24   105.19      0.104
     1395025       -345         10    96.76   115.71      0.103
     1530607       -345         13   108.34   127.29       0.12
     1683983       -345         15   121.07   140.02      0.124
     1850530       -345         16   135.08   154.03      0.118
     2035036       -345         16   150.49   169.44      0.106
     2238609       -345         18   167.44   186.39      0.108
     2463587       -345         21   186.08   205.03      0.113
     2714421       -345         27   206.59   225.54      0.131
     2983566       -345         33   229.15   248.10      0.144
     3285242       -345         38   253.96   272.91       0.15
     3619103       -345         40   281.26   300.21      0.142
     3982984       -345         48   311.29   330.24      0.154
     4385255       -345         53   344.32   363.27      0.154
     4828172       -345         59   380.65   399.60      0.155
     5315070       -345         67   420.62   439.57      0.159
     5842986       -345         72   464.58   483.53      0.155
     6425453       -345         79   512.94   531.89      0.154
     7066283       -345         84   566.13   585.08      0.148
     7783809       -345         91   624.64   643.59      0.146
     8563095       -345         99   689.00   707.95      0.144
     9417796       -345        116   759.80   778.75      0.153
    10359407       -345        134   837.68   856.63       0.16
    11392441       -345        152   923.35   942.30      0.165
    12536428       -345        170  1017.58  1036.53      0.167
    13787043       -345        184  1121.24  1140.19      0.164
    15168289       -345        208  1235.26  1254.21      0.168
    16682638       -345        235  1360.69  1379.64      0.173
    18344408       -345        258  1498.66  1517.61      0.172
    20180218       -345        287  1650.43  1669.38      0.174
    22199017       -345        318  1817.37  1836.32      0.175
    24398066       -345        359  2001.01  2019.96      0.179
    26838251       -345        396  2203.01  2221.96       0.18
    29516272       -345        446  2425.21  2444.16      0.184
    32468782       -345        493  2669.63  2688.58      0.185
    32744173       -345        500  2692.52  2711.47      0.186
Time to solution 5.38504s, assuming true minimum is -345
