N=8
Mode: 1
Seed: 15
Search strategy: 0
Initialising random weight matrix with 439 working nodes
439 working nodes out of 512
States are 0,1
Weight-choosing mode: 7
Min time to run: 0.5s
Max time to run: 1e+10s
Solutions are independent
           1       -349          0     0.00     0.00       -nan
           4       -351          0     0.00     0.00       -nan
           6       -356          0     0.00     0.00       -nan
          14       -357          0     0.00     0.00       -nan
          20       -359          0     0.00     0.00       -nan
          49       -360          0     0.00     0.01       -nan
         266       -362          0     0.00     0.03       -nan
         646       -365          0     0.00     0.06       -nan
        4911       -367          0     0.00     0.42       -nan
       64883       -367          2     5.00     5.42        0.4
      126900       -367          5    10.00    10.42        0.5
      185458       -367          8    15.00    15.42      0.533
      230062       -368          0     0.00    19.11       -nan
      292149       -368          2     5.00    24.11        0.4
      354318       -368          2    10.00    29.11        0.2
      417002       -368          4    15.00    34.11      0.267
      478492       -368          4    20.00    39.11        0.2
      543873       -368          4    25.00    44.11       0.16
      607341       -368          4    30.00    49.11      0.133
      665718       -368          8    35.00    54.11      0.229
      733442       -368         10    40.42    59.53      0.247
      805488       -368         11    46.38    65.49      0.237
      885463       -368         12    52.93    72.04      0.227
      974472       -368         13    60.14    79.25      0.216
     1070325       -368         13    68.07    87.18      0.191
     1176088       -368         14    76.79    95.90      0.182
     1293061       -368         17    86.39   105.50      0.197
     1422323       -368         18    96.95   116.06      0.186
     1562856       -368         20   108.56   127.67      0.184
     1722274       -368         25   121.33   140.44      0.206
     1895712       -368         33   135.38   154.49      0.244
     2086581       -368         36   150.83   169.94      0.239
     2297805       -368         42   167.83   186.94       0.25
     2531977       -368         50   186.53   205.64      0.268
     2785931       -368         56   207.10   226.21       0.27
     3064121       -368         62   229.73   248.84       0.27
     3372102       -368         72   254.62   273.73      0.283
     3708928       -368         80   282.00   301.11      0.284
     4075974       -368         91   312.12   331.23      0.292
     4480080       -368         97   345.25   364.36      0.281
     4930196       -368        109   381.69   400.80      0.286
     5422356       -368        119   421.78   440.89      0.282
     5964442       -368        128   465.87   484.98      0.275
     6560272       -368        133   514.37   533.48      0.259
     7212399       -368        145   567.72   586.83      0.255
     7931760       -368        160   626.41   645.52      0.255
     8724207       -368        181   690.97   710.08      0.262
     9588792       -368        196   761.98   781.09      0.257
    10541248       -368        221   840.09   859.20      0.263
    11594077       -368        246   926.02   945.13      0.266
    12740087       -368        273  1020.54  1039.65      0.268
    14023110       -368        303  1124.51  1143.62      0.269
    15431891       -368        330  1238.88  1257.99      0.266
    16964816       -368        362  1364.68  1383.79      0.265
    18669736       -368        398  1503.06  1522.17      0.265
    20533066       -368        436  1655.28  1674.39      0.263
    22581668       -368        478  1822.72  1841.83      0.262
    23743574       -368        500  1917.01  1936.12      0.261
Time to solution 3.83402s, assuming true minimum is -368
