N=8
Mode: 1
Seed: 16
Search strategy: 0
Initialising random weight matrix with 439 working nodes
439 working nodes out of 512
States are 0,1
Weight-choosing mode: 7
Min time to run: 0.5s
Max time to run: 1e+10s
Solutions are independent
           1       -349          0     0.00     0.00       -nan
           2       -351          0     0.00     0.00       -nan
           5       -355          0     0.00     0.00       -nan
          25       -359          0     0.00     0.00       -nan
          26       -360          0     0.00     0.00       -nan
         166       -361          0     0.00     0.02       -nan
         461       -362          0     0.00     0.05       -nan
         512       -364          0     0.00     0.05       -nan
        1296       -366          0     0.00     0.12       -nan
        6344       -367          0     0.00     0.58       -nan
       65109       -367          1     5.00     5.58        0.2
      126009       -367          2    10.00    10.58        0.2
      182513       -367          2    15.00    15.58      0.133
      242466       -367          4    20.00    20.58        0.2
      303400       -367          5    25.00    25.58        0.2
      363670       -367          6    30.00    30.58        0.2
      424758       -367          8    35.00    35.58      0.229
      484333       -367          8    40.00    40.58        0.2
      542954       -367          9    45.00    45.58        0.2
      603838       -367         11    50.00    50.58       0.22
      663524       -367         13    55.06    55.64      0.236
      732038       -367         13    60.63    61.21      0.214
      803967       -367         14    66.76    67.34       0.21
      883883       -367         16    73.50    74.08      0.218
      973988       -367         19    80.91    81.49      0.235
     1070806       -367         22    89.06    89.64      0.247
     1177929       -367         24    98.03    98.61      0.245
     1224690       -368          0     0.00   102.65       -nan
     1345869       -368          1    10.27   112.92     0.0974
     1494678       -368          1    21.57   124.22     0.0464
     1649763       -368          2    34.00   136.65     0.0588
     1820619       -368          2    47.67   150.32      0.042
     2002417       -368          3    62.71   165.36     0.0478
     2196859       -368          3    79.25   181.90     0.0379
     2420179       -368          4    97.45   200.10      0.041
     2665816       -368          4   117.46   220.11     0.0341
     2934833       -368          4   139.48   242.13     0.0287
     3229394       -368          5   163.70   266.35     0.0305
     3542855       -368          8   190.34   292.99      0.042
     3893064       -368          8   219.64   322.29     0.0364
     4285679       -368          9   251.87   354.52     0.0357
     4724568       -368         10   287.33   389.98     0.0348
     5203295       -368         10   326.33   428.98     0.0306
     5720414       -368         11   369.23   471.88     0.0298
     6288656       -368         12   416.42   519.07     0.0288
     6912665       -368         13   468.33   570.98     0.0278
     7614466       -368         15   525.43   628.08     0.0285
     8388795       -368         16   588.24   690.89     0.0272
     9232634       -368         19   657.33   759.98     0.0289
    10162127       -368         22   733.33   835.98       0.03
    11178052       -368         30   816.93   919.58     0.0367
    12298912       -368         38   908.89  1011.54     0.0418
    13529726       -368         42  1010.05  1112.70     0.0416
    14880057       -368         46  1121.33  1223.98      0.041
    16386623       -368         50  1243.73  1346.38     0.0402
    18022943       -368         50  1378.37  1481.02     0.0363
    19853177       -368         54  1526.48  1629.13     0.0354
    21834778       -368         60  1689.40  1792.05     0.0355
    24029014       -368         68  1868.61  1971.26     0.0364
    26464481       -368         70  2065.74  2168.39     0.0339
    29105400       -368         74  2282.58  2385.23     0.0324
    32013935       -368         84  2521.11  2623.76     0.0333
    35204087       -368         94  2783.49  2886.14     0.0338
    38721618       -368        102  3072.11  3174.76     0.0332
    42611494       -368        113  3389.59  3492.24     0.0333
    46929181       -368        121  3738.82  3841.47     0.0324
    51662596       -368        133  4122.97  4225.62     0.0323
    56850618       -368        152  4545.54  4648.19     0.0334
    62519384       -368        166  5010.36  5113.01     0.0331
    68781251       -368        178  5521.67  5624.32     0.0322
    75678859       -368        193  6084.11  6186.76     0.0317
    83251430       -368        214  6702.79  6805.44     0.0319
    91515971       -368        236  7383.34  7485.99      0.032
   100641064       -368        260  8131.94  8234.59      0.032
   110745142       -368        279  8955.40  9058.05     0.0312
   121822444       -368        316  9861.21  9963.86      0.032
   133982610       -368        337 10857.60 10960.25      0.031
   147358780       -368        366 11953.63 12056.28     0.0306
   162045489       -368        404 13159.26 13261.91     0.0307
   178279398       -368        450 14485.46 14588.11     0.0311
   196079729       -368        494 15944.28 16046.93      0.031
   198062622       -368        500 16104.85 16207.50      0.031
Time to solution 32.2097s, assuming true minimum is -368
