N=8
Mode: 1
Seed: 17
Search strategy: 0
Initialising random weight matrix with 439 working nodes
439 working nodes out of 512
States are 0,1
Weight-choosing mode: 7
Min time to run: 0.5s
Max time to run: 1e+10s
Solutions are independent
           1       -306          0     0.00     0.00       -nan
           8       -309          0     0.00     0.00       -nan
          10       -311          0     0.00     0.00       -nan
          32       -312          0     0.00     0.00       -nan
          46       -314          0     0.00     0.00       -nan
          76       -316          0     0.00     0.01       -nan
         687       -318          0     0.00     0.07       -nan
        2103       -319          0     0.00     0.17       -nan
       26549       -320          0     0.00     2.19       -nan
       87668       -320          7     5.00     7.19        1.4
      148239       -320         14    10.01    12.20        1.4
      209377       -320         23    15.01    17.20       1.53
      270647       -320         32    20.01    22.20        1.6
      332347       -320         39    25.01    27.20       1.56
      393606       -320         45    30.01    32.20        1.5
      454437       -320         51    35.01    37.20       1.46
      513554       -320         51    40.01    42.20       1.27
      575340       -320         57    45.01    47.20       1.27
      636097       -320         66    50.01    52.20       1.32
      700850       -320         74    55.24    57.43       1.34
      770960       -320         81    60.99    63.18       1.33
      848347       -320         85    67.31    69.50       1.26
      933227       -320         92    74.26    76.45       1.24
     1027379       -320        103    81.91    84.10       1.26
     1130215       -320        111    90.32    92.51       1.23
     1243880       -320        126    99.58   101.77       1.27
     1367229       -320        139   109.76   111.95       1.27
     1502109       -320        147   120.96   123.15       1.22
     1650439       -320        160   133.28   135.47        1.2
     1816842       -320        181   146.83   149.02       1.23
     1999753       -320        202   161.74   163.93       1.25
     2200702       -320        225   178.14   180.33       1.26
     2419786       -320        246   196.18   198.37       1.25
     2662066       -320        267   216.02   218.21       1.24
     2929308       -320        296   237.85   240.04       1.24
     3227783       -320        331   261.86   264.05       1.26
     3548233       -320        366   288.27   290.46       1.27
     3902489       -320        416   317.32   319.51       1.31
     4290314       -320        460   349.28   351.47       1.32
     4719874       -320        498   384.43   386.62        1.3
     4744830       -320        500   386.54   388.73       1.29
Time to solution 0.77308s, assuming true minimum is -320
