N=8
Mode: 1
Seed: 19
Search strategy: 0
Initialising random weight matrix with 439 working nodes
439 working nodes out of 512
States are 0,1
Weight-choosing mode: 7
Min time to run: 0.5s
Max time to run: 1e+10s
Solutions are independent
           1       -314          0     0.00     0.00       -nan
           5       -315          0     0.00     0.00       -nan
          10       -317          0     0.00     0.00       -nan
          40       -318          0     0.00     0.00       -nan
          44       -321          0     0.00     0.00       -nan
          51       -322          0     0.00     0.00       -nan
         127       -324          0     0.00     0.01       -nan
         514       -326          0     0.00     0.05       -nan
        3196       -327          0     0.00     0.28       -nan
        9159       -328          0     0.00     0.79       -nan
       14007       -329          0     0.00     1.18       -nan
       34696       -330          0     0.00     2.94       -nan
       95339       -330          1     5.00     7.94        0.2
      157311       -330          2    10.01    12.95        0.2
      218735       -330          5    15.01    17.95      0.333
      282019       -330          7    20.01    22.95       0.35
      343291       -330         10    25.01    27.95        0.4
      402840       -330         14    30.01    32.95      0.467
      462718       -330         16    35.01    37.95      0.457
      522631       -330         16    40.01    42.95        0.4
      584510       -330         18    45.01    47.95        0.4
      647276       -330         19    50.01    52.95       0.38
      710260       -330         22    55.31    58.25      0.398
      779456       -330         22    61.14    64.08       0.36
      859598       -330         23    67.55    70.49       0.34
      944797       -330         25    74.60    77.54      0.335
     1036362       -330         27    82.36    85.30      0.328
     1142205       -330         27    90.89    93.83      0.297
     1255517       -330         29   100.28   103.22      0.289
     1380092       -330         31   110.61   113.55       0.28
     1516751       -330         36   121.97   124.91      0.295
     1667652       -330         42   134.47   137.41      0.312
     1833960       -330         49   148.22   151.16      0.331
     2014714       -330         53   163.34   166.28      0.324
     2216349       -330         61   179.97   182.91      0.339
     2436881       -330         64   198.27   201.21      0.323
     2681287       -330         71   218.40   221.34      0.325
     2952644       -330         78   240.54   243.48      0.324
     3252946       -330         91   264.89   267.83      0.344
     3580013       -330        111   291.68   294.62      0.381
     3937972       -330        124   321.15   324.09      0.386
     4327372       -330        137   353.56   356.50      0.387
     4757172       -330        150   389.22   392.16      0.385
     5227400       -330        167   428.44   431.38       0.39
     5750423       -330        178   471.58   474.52      0.377
     6326145       -330        201   519.04   521.98      0.387
     6963439       -330        217   571.24   574.18       0.38
     7658045       -330        242   628.66   631.60      0.385
     8419000       -330        276   691.83   694.77      0.399
     9239102       -330        300   761.31   764.25      0.394
    10156015       -330        326   837.74   840.68      0.389
    11167082       -330        354   921.81   924.75      0.384
    12284851       -330        395  1014.29  1017.23      0.389
    13506592       -330        438  1116.02  1118.96      0.392
    14846998       -330        478  1227.92  1230.86      0.389
    15596855       -330        500  1290.80  1293.74      0.387
Time to solution 2.5816s, assuming true minimum is -330
