N=8
Mode: 1
Seed: 20
Search strategy: 0
Initialising random weight matrix with 439 working nodes
439 working nodes out of 512
States are 0,1
Weight-choosing mode: 7
Min time to run: 0.5s
Max time to run: 1e+10s
Solutions are independent
           1       -330          0     0.00     0.00       -nan
           2       -334          0     0.00     0.00       -nan
          55       -336          0     0.00     0.01       -nan
          57       -337          0     0.00     0.01       -nan
          72       -340          0     0.00     0.01       -nan
          86       -341          0     0.00     0.01       -nan
         136       -342          0     0.00     0.02       -nan
         211       -343          0     0.00     0.03       -nan
         238       -345          0     0.00     0.03       -nan
        2645       -347          0     0.00     0.25       -nan
       27603       -348          0     0.00     2.33       -nan
       86017       -348          0     5.00     7.33          0
      145776       -348          1    10.00    12.33        0.1
      205160       -348          4    15.00    17.33      0.267
      263197       -348          5    20.00    22.33       0.25
      323412       -348          6    25.00    27.33       0.24
      383606       -348          9    30.00    32.33        0.3
      445389       -348         11    35.00    37.33      0.314
      503317       -348         13    40.00    42.33      0.325
      561518       -348         13    45.00    47.33      0.289
      621186       -348         13    50.00    52.33       0.26
      682941       -348         14    55.24    57.57      0.253
      751098       -348         16    61.00    63.33      0.262
      825117       -348         17    67.34    69.67      0.252
      907492       -348         18    74.31    76.64      0.242
      998670       -348         18    81.98    84.31       0.22
     1096312       -348         18    90.42    92.75      0.199
     1205271       -348         18    99.70   102.03      0.181
     1322799       -348         21   109.91   112.24      0.191
     1456256       -348         26   121.14   123.47      0.215
     1603891       -348         31   133.49   135.82      0.232
     1764842       -348         33   147.08   149.41      0.224
     1941362       -348         34   162.03   164.36       0.21
     2138560       -348         38   178.47   180.80      0.213
     2354568       -348         44   196.56   198.89      0.224
     2590053       -348         47   216.45   218.78      0.217
     2844191       -348         52   238.33   240.66      0.218
     3129358       -348         56   262.40   264.73      0.213
     3442163       -348         65   288.88   291.21      0.225
     3784388       -348         76   318.01   320.34      0.239
     4163697       -348         81   350.05   352.38      0.231
     4579164       -348         93   385.29   387.62      0.241
     5028068       -348        102   424.06   426.39      0.241
     5536840       -348        117   466.70   469.03      0.251
     6093250       -348        132   513.61   515.94      0.257
     6696543       -348        143   565.21   567.54      0.253
     7367596       -348        159   621.97   624.30      0.256
     8105753       -348        168   684.40   686.73      0.245
     8918412       -348        185   753.08   755.41      0.246
     9806033       -348        208   828.63   830.96      0.251
    10784379       -348        226   911.73   914.06      0.248
    11868849       -348        242  1003.14  1005.47      0.241
    13057447       -348        267  1103.69  1106.02      0.242
    14355055       -348        296  1214.30  1216.63      0.244
    15791641       -348        332  1335.97  1338.30      0.249
    17363278       -348        373  1469.80  1472.13      0.254
    19094533       -348        417  1617.02  1619.35      0.258
    21007117       -348        458  1778.96  1781.29      0.257
    23122376       -348        486  1957.09  1959.42      0.248
    23586418       -348        500  1996.39  1998.72       0.25
Time to solution 3.99278s, assuming true minimum is -348
