N=8
Mode: 1
Seed: 21
Search strategy: 0
Initialising random weight matrix with 439 working nodes
439 working nodes out of 512
States are 0,1
Weight-choosing mode: 7
Min time to run: 0.5s
Max time to run: 1e+10s
Solutions are independent
           1       -371          0     0.00     0.00       -nan
           2       -374          0     0.00     0.00       -nan
           4       -380          0     0.00     0.00       -nan
          44       -381          0     0.00     0.00       -nan
         134       -383          0     0.00     0.02       -nan
         185       -384          0     0.00     0.02       -nan
         456       -385          0     0.00     0.05       -nan
         530       -387          0     0.00     0.06       -nan
        2720       -388          0     0.00     0.24       -nan
        5230       -389          0     0.00     0.45       -nan
        5270       -390          0     0.00     0.46       -nan
       28833       -391          0     0.00     2.34       -nan
       91763       -391          4     5.00     7.34        0.8
      154491       -391         10    10.00    12.34          1
      216884       -391         16    15.00    17.34       1.07
      277027       -391         20    20.00    22.34          1
      338572       -391         24    25.00    27.34       0.96
      399526       -391         30    30.00    32.34          1
      461832       -391         32    35.00    37.34      0.914
      523649       -391         38    40.00    42.34       0.95
      583880       -391         44    45.00    47.34      0.978
      644895       -391         47    50.00    52.34       0.94
      709523       -391         51    55.24    57.58      0.923
      779618       -391         57    61.00    63.34      0.934
      858726       -391         61    67.34    69.68      0.906
      943954       -391         66    74.31    76.65      0.888
     1039600       -391         75    81.98    84.32      0.915
     1144546       -391         80    90.42    92.76      0.885
     1258988       -391         84    99.70   102.04      0.843
     1384682       -391         93   109.91   112.25      0.846
     1522810       -391         99   121.14   123.48      0.817
     1676331       -391        108   133.49   135.83      0.809
     1843273       -391        119   147.08   149.42      0.809
     2029139       -391        129   162.03   164.37      0.796
     2232734       -391        144   178.47   180.81      0.807
     2457086       -391        155   196.56   198.90      0.789
     2703677       -391        173   216.46   218.80      0.799
     2973883       -391        192   238.35   240.69      0.806
     3270877       -391        212   262.42   264.76      0.808
     3598061       -391        230   288.90   291.24      0.796
     3957251       -391        258   318.03   320.37      0.811
     4354827       -391        279   350.07   352.41      0.797
     4785276       -391        303   385.32   387.66      0.786
     5262656       -391        324   424.09   426.43      0.764
     5787800       -391        354   466.74   469.08      0.758
     6363819       -391        400   513.65   515.99      0.779
     7003937       -391        442   565.25   567.59      0.782
     7696946       -391        500   621.41   623.75      0.805
Time to solution 1.24282s, assuming true minimum is -391
