N=8
Mode: 1
Seed: 22
Search strategy: 0
Initialising random weight matrix with 439 working nodes
439 working nodes out of 512
States are 0,1
Weight-choosing mode: 7
Min time to run: 0.5s
Max time to run: 1e+10s
Solutions are independent
           1       -303          0     0.00     0.00       -nan
           4       -305          0     0.00     0.00       -nan
           5       -306          0     0.00     0.00       -nan
           7       -308          0     0.00     0.00       -nan
         609       -310          0     0.00     0.06       -nan
         892       -312          0     0.00     0.09       -nan
        1887       -313          0     0.00     0.18       -nan
       59832       -314          0     0.00     4.98       -nan
      122168       -314          0     5.00     9.98          0
      183775       -314          2    10.00    14.98        0.2
      244067       -314          3    15.00    19.98        0.2
      306051       -314          4    20.00    24.98        0.2
      364252       -314          4    25.00    29.98       0.16
      427140       -314          5    30.01    34.99      0.167
      487755       -314          5    35.01    39.99      0.143
      548040       -314          6    40.01    44.99       0.15
      609908       -314          7    45.01    49.99      0.156
      671312       -314          9    50.01    54.99       0.18
      739252       -314         10    55.51    60.49       0.18
      812627       -314         10    61.56    66.54      0.162
      894062       -314         10    68.22    73.20      0.147
      982943       -314         11    75.55    80.53      0.146
     1079690       -314         13    83.61    88.59      0.155
     1185972       -314         15    92.47    97.45      0.162
     1304324       -314         17   102.22   107.20      0.166
     1434650       -314         20   112.95   117.93      0.177
     1576535       -314         23   124.75   129.73      0.184
     1733503       -314         24   137.73   142.71      0.174
     1908270       -314         27   152.01   156.99      0.178
     2101213       -314         29   167.71   172.69      0.173
     2309737       -314         31   184.98   189.96      0.168
     2539886       -314         34   203.98   208.96      0.167
     2794761       -314         34   224.88   229.86      0.151
     3076677       -314         39   247.87   252.85      0.157
     3386110       -314         45   273.16   278.14      0.165
     3722300       -314         47   300.98   305.96      0.156
     4098110       -314         59   331.58   336.56      0.178
     4503284       -314         65   365.24   370.22      0.178
     4953665       -314         70   402.27   407.25      0.174
     5444616       -314         75   443.00   447.98      0.169
     5994468       -314         81   487.80   492.78      0.166
     6593842       -314         85   537.08   542.06      0.158
     7256984       -314         94   591.29   596.27      0.159
     7988347       -314        103   650.92   655.90      0.158
     8790652       -314        116   716.51   721.49      0.162
     9660952       -314        128   788.66   793.64      0.162
    10627616       -314        139   868.03   873.01       0.16
    11699741       -314        151   955.34   960.32      0.158
    12879795       -314        169  1051.38  1056.36      0.161
    14167364       -314        187  1157.02  1162.00      0.162
    15587399       -314        210  1273.22  1278.20      0.165
    17139865       -314        227  1401.05  1406.03      0.162
    18867437       -314        248  1541.66  1546.64      0.161
    20754271       -314        282  1696.33  1701.31      0.166
    22834227       -314        305  1866.47  1871.45      0.163
    25123038       -314        343  2053.62  2058.60      0.167
    27638594       -314        387  2259.48  2264.46      0.171
    30403077       -314        432  2485.93  2490.91      0.174
    33441986       -314        471  2735.03  2740.01      0.172
    35760782       -314        500  2924.79  2929.77      0.171
Time to solution 5.84958s, assuming true minimum is -314
