N=8
Mode: 1
Seed: 23
Search strategy: 0
Initialising random weight matrix with 439 working nodes
439 working nodes out of 512
States are 0,1
Weight-choosing mode: 7
Min time to run: 0.5s
Max time to run: 1e+10s
Solutions are independent
           1       -340          0     0.00     0.00       -nan
           3       -347          0     0.00     0.00       -nan
          16       -352          0     0.00     0.00       -nan
         205       -353          0     0.00     0.02       -nan
        1192       -354          0     0.00     0.10       -nan
        6445       -356          0     0.00     0.57       -nan
       19944       -357          0     0.00     1.71       -nan
       81614       -357         10     5.00     6.71          2
       87801       -358          0     0.00     7.23       -nan
      149785       -358          0     5.00    12.23          0
      210449       -358          0    10.00    17.23          0
      272117       -358          0    15.00    22.23          0
      333462       -358          0    20.00    27.23          0
      395037       -358          1    25.01    32.24       0.04
      456332       -358          2    30.01    37.24     0.0666
      518563       -358          3    35.01    42.24     0.0857
      578882       -358          3    40.01    47.24      0.075
      639116       -358          5    45.01    52.24      0.111
      703622       -358          5    50.24    57.47     0.0995
      773160       -358          5    55.99    63.22     0.0893
      849151       -358          6    62.32    69.55     0.0963
      936820       -358          8    69.28    76.51      0.115
     1031481       -358          8    76.94    84.17      0.104
     1131995       -358          8    85.36    92.59     0.0937
     1244191       -358          9    94.62   101.85     0.0951
     1364964       -358         10   104.81   112.04     0.0954
     1501860       -358         13   116.02   123.25      0.112
     1651194       -358         14   128.35   135.58      0.109
     1818043       -358         17   141.91   149.14       0.12
     1998842       -358         18   156.83   164.06      0.115
     2199799       -358         24   173.24   180.47      0.139
     2418310       -358         28   191.29   198.52      0.146
     2659827       -358         29   211.15   218.38      0.137
     2927660       -358         33   232.99   240.22      0.142
     3219704       -358         33   257.02   264.25      0.128
     3544919       -358         39   283.45   290.68      0.138
     3899967       -358         43   312.52   319.75      0.138
     4288820       -358         47   344.50   351.73      0.136
     4716397       -358         51   379.68   386.91      0.134
     5186168       -358         54   418.38   425.61      0.129
     5700055       -358         58   460.95   468.18      0.126
     6269406       -358         65   507.77   515.00      0.128
     6895563       -358         77   559.27   566.50      0.138
     7580269       -358         81   615.93   623.16      0.132
     8333718       -358         92   678.25   685.48      0.136
     9170192       -358        105   746.80   754.03      0.141
    10093005       -358        117   822.21   829.44      0.142
    11103725       -358        132   905.16   912.39      0.146
    12218485       -358        144   996.40  1003.63      0.145
    13437285       -358        159  1096.77  1104.00      0.145
    14782807       -358        176  1207.17  1214.40      0.146
    16264501       -358        198  1328.62  1335.85      0.149
    17885843       -358        216  1462.21  1469.44      0.148
    19679470       -358        231  1609.16  1616.39      0.144
    21636524       -358        256  1770.80  1778.03      0.145
    23791393       -358        278  1948.61  1955.84      0.143
    26161949       -358        312  2144.20  2151.43      0.146
    28776654       -358        355  2359.35  2366.58       0.15
    31645908       -358        392  2596.01  2603.24      0.151
    34816942       -358        431  2856.34  2863.57      0.151
    38320499       -358        473  3142.70  3149.93      0.151
    40478334       -358        500  3321.95  3329.18      0.151
Time to solution 6.6439s, assuming true minimum is -358
