N=8
Mode: 1
Seed: 24
Search strategy: 0
Initialising random weight matrix with 439 working nodes
439 working nodes out of 512
States are 0,1
Weight-choosing mode: 7
Min time to run: 0.5s
Max time to run: 1e+10s
Solutions are independent
           1       -334          0     0.00     0.00       -nan
           4       -344          0     0.00     0.00       -nan
          25       -347          0     0.00     0.00       -nan
         112       -350          0     0.00     0.02       -nan
        2787       -351          0     0.00     0.24       -nan
        3490       -352          0     0.00     0.30       -nan
       18121       -353          0     0.00     1.54       -nan
       78868       -353          9     5.00     6.54        1.8
       94461       -354          0     0.00     7.89       -nan
      157197       -354          2     5.00    12.89        0.4
      219062       -354          3    10.00    17.89        0.3
      279454       -354          3    15.00    22.89        0.2
      336770       -354          3    20.00    27.89       0.15
      398128       -354          3    25.00    32.89       0.12
      460028       -354          3    30.00    37.89        0.1
      521474       -354          5    35.00    42.89      0.143
      581893       -354          5    40.00    47.89      0.125
      642668       -354          6    45.00    52.89      0.133
      706573       -354          6    50.29    58.18      0.119
      777668       -354          6    56.11    64.00      0.107
      854844       -354          7    62.51    70.40      0.112
      942970       -354          9    69.56    77.45      0.129
     1035445       -354         11    77.31    85.20      0.142
     1140777       -354         11    85.84    93.73      0.128
     1251624       -354         12    95.22   103.11      0.126
     1374491       -354         13   105.54   113.43      0.123
     1514557       -354         14   116.89   124.78       0.12
     1668112       -354         16   129.37   137.26      0.124
     1836770       -354         17   143.10   150.99      0.119
     2017486       -354         17   158.20   166.09      0.107
     2217283       -354         18   174.81   182.70      0.103
     2438134       -354         21   193.08   200.97      0.109
     2687986       -354         23   213.18   221.07      0.108
     2951190       -354         24   235.29   243.18      0.102
     3245338       -354         27   259.61   267.50      0.104
     3563365       -354         28   286.36   294.25     0.0978
     3918419       -354         32   315.79   323.68      0.101
     4303626       -354         35   348.16   356.05      0.101
     4737238       -354         38   383.77   391.66      0.099
     5208144       -354         41   422.94   430.83     0.0969
     5731034       -354         48   466.03   473.92      0.103
     6299650       -354         54   513.43   521.32      0.105
     6936131       -354         60   565.57   573.46      0.106
     7624687       -354         63   622.92   630.81      0.101
     8387250       -354         67   686.01   693.90     0.0977
     9224943       -354         74   755.41   763.30      0.098
    10152745       -354         80   831.74   839.63     0.0962
    11178249       -354         91   915.71   923.60     0.0994
    12285271       -354        102  1008.08  1015.97      0.101
    13518974       -354        113  1109.68  1117.57      0.102
    14873419       -354        124  1221.44  1229.33      0.102
    16350141       -354        132  1344.38  1352.27     0.0982
    17980231       -354        147  1479.61  1487.50     0.0994
    19783921       -354        159  1628.37  1636.26     0.0976
    21755199       -354        168  1792.00  1799.89     0.0938
    23934129       -354        189  1971.99  1979.88     0.0958
    26348774       -354        204  2169.98  2177.87      0.094
    28975671       -354        224  2387.77  2395.66     0.0938
    31903275       -354        240  2627.34  2635.23     0.0913
    35113245       -354        262  2890.87  2898.76     0.0906
    38630152       -354        291  3180.75  3188.64     0.0915
    42533003       -354        312  3499.62  3507.51     0.0892
    46797983       -354        336  3850.38  3858.27     0.0873
    51496292       -354        372  4236.21  4244.10     0.0878
    56654993       -354        418  4660.63  4668.52     0.0897
    62301690       -354        473  5127.49  5135.38     0.0922
    66134587       -354        500  5444.71  5452.60     0.0918
Time to solution 10.8894s, assuming true minimum is -354
