N=8
Mode: 1
Seed: 26
Search strategy: 0
Initialising random weight matrix with 439 working nodes
439 working nodes out of 512
States are 0,1
Weight-choosing mode: 7
Min time to run: 0.5s
Max time to run: 1e+10s
Solutions are independent
           1       -325          0     0.00     0.00       -nan
           3       -327          0     0.00     0.00       -nan
           4       -331          0     0.00     0.00       -nan
           6       -334          0     0.00     0.00       -nan
         269       -335          0     0.00     0.02       -nan
         692       -337          0     0.00     0.06       -nan
        1064       -338          0     0.00     0.09       -nan
        3870       -339          0     0.00     0.32       -nan
        4728       -340          0     0.00     0.38       -nan
       34705       -341          0     0.00     2.95       -nan
       96494       -341          6     5.00     7.95        1.2
      158386       -341          9    10.00    12.95        0.9
      217985       -341         10    15.00    17.95      0.667
      258900       -342          0     0.00    21.35       -nan
      319885       -342          1     5.00    26.35        0.2
      381603       -342          1    10.00    31.35        0.1
      444135       -342          4    15.00    36.35      0.267
      505270       -342          7    20.00    41.35       0.35
      567659       -342          8    25.00    46.35       0.32
      628290       -342          8    30.00    51.35      0.267
      692694       -342          9    35.14    56.49      0.256
      761871       -342         11    40.79    62.14       0.27
      841205       -342         11    47.01    68.36      0.234
      926784       -342         12    53.85    75.20      0.223
     1019272       -342         14    61.38    82.73      0.228
     1123564       -342         14    69.66    91.01      0.201
     1237181       -342         14    78.77   100.12      0.178
     1361531       -342         15    88.79   110.14      0.169
     1500090       -342         17    99.81   121.16       0.17
     1652146       -342         19   111.93   133.28       0.17
     1817071       -342         20   125.26   146.61       0.16
     1996547       -342         20   139.93   161.28      0.143
     2199728       -342         23   156.06   177.41      0.147
     2422041       -342         30   173.81   195.16      0.173
     2664909       -342         32   193.33   214.68      0.166
     2928688       -342         35   214.80   236.15      0.163
     3224462       -342         40   238.42   259.77      0.168
     3548928       -342         44   264.40   285.75      0.166
     3903352       -342         48   292.98   314.33      0.164
     4294447       -342         51   324.42   345.77      0.157
     4726028       -342         55   359.00   380.35      0.153
     5198449       -342         61   397.04   418.39      0.154
     5720234       -342         67   438.88   460.23      0.153
     6298026       -342         74   484.91   506.26      0.153
     6927018       -342         83   535.54   556.89      0.155
     7613880       -342         97   591.23   612.58      0.164
     8376556       -342        110   652.49   673.84      0.169
     9217324       -342        121   719.88   741.23      0.168
    10135127       -342        133   794.01   815.36      0.168
    11149925       -342        145   875.55   896.90      0.166
    12272726       -342        156   965.24   986.59      0.162
    13497313       -342        171  1063.90  1085.25      0.161
    14846999       -342        189  1172.43  1193.78      0.161
    16325488       -342        209  1291.81  1313.16      0.162
    17961807       -342        233  1423.13  1444.48      0.164
    19750038       -342        256  1567.58  1588.93      0.163
    21718124       -342        285  1726.48  1747.83      0.165
    23878682       -342        313  1901.27  1922.62      0.165
    26260236       -342        341  2093.54  2114.89      0.163
    28869673       -342        386  2305.03  2326.38      0.167
    31750904       -342        424  2537.67  2559.02      0.167
    34948424       -342        468  2793.58  2814.93      0.168
    37192527       -342        500  2973.30  2994.65      0.168
Time to solution 5.9466s, assuming true minimum is -342
