N=8
Mode: 1
Seed: 27
Search strategy: 0
Initialising random weight matrix with 439 working nodes
439 working nodes out of 512
States are 0,1
Weight-choosing mode: 7
Min time to run: 0.5s
Max time to run: 1e+10s
Solutions are independent
           1       -326          0     0.00     0.00       -nan
           2       -329          0     0.00     0.00       -nan
           4       -330          0     0.00     0.00       -nan
           5       -331          0     0.00     0.00       -nan
          27       -333          0     0.00     0.00       -nan
          28       -342          0     0.00     0.00       -nan
         179       -343          0     0.00     0.02       -nan
         373       -344          0     0.00     0.03       -nan
        2770       -346          0     0.00     0.23       -nan
        4896       -347          0     0.00     0.40       -nan
       64800       -347         14     5.00     5.40        2.8
      125547       -347         31    10.00    10.40        3.1
      187526       -347         54    15.00    15.40        3.6
      249258       -347         74    20.00    20.40        3.7
      310590       -347         95    25.00    25.40        3.8
      372729       -347        110    30.00    30.40       3.67
      434858       -347        128    35.00    35.40       3.66
      495398       -347        146    40.00    40.40       3.65
      556138       -347        163    45.00    45.40       3.62
      617514       -347        178    50.00    50.40       3.56
      678224       -347        194    55.05    55.45       3.52
      745280       -347        215    60.60    61.00       3.55
      819409       -347        241    66.71    67.11       3.61
      900243       -347        270    73.43    73.83       3.68
      990465       -347        297    80.82    81.22       3.67
     1089853       -347        327    88.95    89.35       3.68
     1199633       -347        370    97.89    98.29       3.78
     1318311       -347        402   107.72   108.12       3.73
     1450509       -347        445   118.54   118.94       3.75
     1594461       -347        498   130.44   130.84       3.82
     1613632       -347        500   131.96   132.36       3.79
Time to solution 0.26392s, assuming true minimum is -347
