N=8
Mode: 1
Seed: 3
Search strategy: 0
Initialising random weight matrix with 439 working nodes
439 working nodes out of 512
States are 0,1
Weight-choosing mode: 7
Min time to run: 0.5s
Max time to run: 1e+10s
Solutions are independent
           1       -321          0     0.00     0.00       -nan
           2       -327          0     0.00     0.00       -nan
           3       -331          0     0.00     0.00       -nan
          18       -336          0     0.00     0.00       -nan
         192       -337          0     0.00     0.02       -nan
         605       -338          0     0.00     0.06       -nan
         935       -339          0     0.00     0.08       -nan
        1896       -342          0     0.00     0.16       -nan
        2327       -343          0     0.00     0.19       -nan
       59426       -344          0     0.00     4.62       -nan
      126117       -344          3     5.01     9.63      0.599
      191005       -344          6    10.01    14.63      0.599
      255138       -344          9    15.02    19.64      0.599
      319374       -344         10    20.02    24.64        0.5
      380399       -344         11    25.02    29.64       0.44
      444708       -344         12    30.02    34.64        0.4
      506106       -344         13    35.02    39.64      0.371
      569034       -344         15    40.02    44.64      0.375
      630589       -344         18    45.02    49.64        0.4
      694220       -344         20    50.02    54.64        0.4
      760923       -344         24    55.49    60.11      0.433
      836817       -344         25    61.51    66.13      0.406
      919314       -344         28    68.13    72.75      0.411
     1008841       -344         34    75.41    80.03      0.451
     1106475       -344         37    83.42    88.04      0.444
     1214454       -344         42    92.23    96.85      0.455
     1337068       -344         46   101.92   106.54      0.451
     1466778       -344         53   112.58   117.20      0.471
     1611872       -344         60   124.31   128.93      0.483
     1772770       -344         76   137.21   141.83      0.554
     1950176       -344         77   151.40   156.02      0.509
     2146009       -344         89   167.01   171.63      0.533
     2359296       -344         98   184.18   188.80      0.532
     2598899       -344        106   203.07   207.69      0.522
     2854249       -344        113   223.84   228.46      0.505
     3138460       -344        128   246.69   251.31      0.519
     3452532       -344        140   271.83   276.45      0.515
     3795286       -344        156   299.48   304.10      0.521
     4174056       -344        171   329.90   334.52      0.518
     4590757       -344        185   363.36   367.98      0.509
     5047460       -344        198   400.16   404.78      0.495
     5552992       -344        217   440.64   445.26      0.492
     6107052       -344        242   485.17   489.79      0.499
     6715782       -344        267   534.15   538.77        0.5
     7392349       -344        288   588.03   592.65       0.49
     8134119       -344        313   647.30   651.92      0.484
     8945062       -344        343   712.50   717.12      0.481
     9835085       -344        368   784.22   788.84      0.469
    10822166       -344        400   863.11   867.73      0.463
    11915175       -344        432   949.89   954.51      0.455
    13110738       -344        489  1045.35  1049.97      0.468
    13466746       -344        500  1073.60  1078.22      0.466
Time to solution 2.1472s, assuming true minimum is -344
