N=8
Mode: 1
Seed: 30
Search strategy: 0
Initialising random weight matrix with 439 working nodes
439 working nodes out of 512
States are 0,1
Weight-choosing mode: 7
Min time to run: 0.5s
Max time to run: 1e+10s
Solutions are independent
           1       -318          0     0.00     0.00       -nan
           2       -320          0     0.00     0.00       -nan
           4       -324          0     0.00     0.00       -nan
         220       -325          0     0.00     0.02       -nan
         405       -326          0     0.00     0.04       -nan
         563       -327          0     0.00     0.05       -nan
        1262       -328          0     0.00     0.12       -nan
        1970       -329          0     0.00     0.18       -nan
        5593       -330          0     0.00     0.48       -nan
        9073       -331          0     0.00     0.76       -nan
       67371       -331          2     5.00     5.76        0.4
      126926       -331          6    10.00    10.76        0.6
      187813       -331          9    15.00    15.76        0.6
      247170       -331         11    20.00    20.76       0.55
      307043       -331         13    25.00    25.76       0.52
      366762       -331         20    30.00    30.76      0.667
      425484       -331         23    35.01    35.77      0.657
      483884       -331         27    40.01    40.77      0.675
      544458       -331         31    45.01    45.77      0.689
      604461       -331         36    50.01    50.77       0.72
      664444       -331         41    55.09    55.85      0.744
      732925       -331         45    60.68    61.44      0.742
      806466       -331         47    66.83    67.59      0.703
      887186       -331         51    73.59    74.35      0.693
      977766       -331         59    81.03    81.79      0.728
     1076735       -331         62    89.21    89.97      0.695
     1186661       -331         71    98.21    98.97      0.723
     1305536       -331         78   108.11   108.87      0.721
     1435783       -331         91   119.00   119.76      0.765
     1579756       -331        101   130.98   131.74      0.771
     1738716       -331        112   144.16   144.92      0.777
     1905737       -331        119   158.66   159.42       0.75
     2096535       -331        136   174.61   175.37      0.779
     2304157       -331        154   192.15   192.91      0.801
     2538134       -331        171   211.45   212.21      0.809
     2792679       -331        183   232.68   233.44      0.786
     3075418       -331        204   256.03   256.79      0.797
     3382606       -331        232   281.71   282.47      0.824
     3725374       -331        252   309.96   310.72      0.813
     4100070       -331        287   341.04   341.80      0.842
     4515013       -331        318   375.22   375.98      0.848
     4965851       -331        357   412.82   413.58      0.865
     5466612       -331        408   454.18   454.94      0.898
     6012298       -331        456   499.68   500.44      0.913
     6512309       -331        500   541.42   542.18      0.923
Time to solution 1.08284s, assuming true minimum is -331
