N=8
Mode: 1
Seed: 32
Search strategy: 0
Initialising random weight matrix with 439 working nodes
439 working nodes out of 512
States are 0,1
Weight-choosing mode: 7
Min time to run: 0.5s
Max time to run: 1e+10s
Solutions are independent
           1       -297          0     0.00     0.00       -nan
           2       -304          0     0.00     0.00       -nan
           3       -305          0     0.00     0.00       -nan
           6       -306          0     0.00     0.00       -nan
          18       -307          0     0.00     0.00       -nan
          19       -309          0     0.00     0.00       -nan
          23       -310          0     0.00     0.00       -nan
          39       -319          0     0.00     0.01       -nan
       15866       -320          0     0.00     1.42       -nan
       48603       -321          0     0.00     4.14       -nan
      108322       -321          3     5.00     9.14        0.6
      167144       -321          8    10.00    14.14        0.8
      226864       -321         10    15.00    19.14      0.667
      286339       -321         12    20.00    24.14        0.6
      346743       -321         15    25.00    29.14        0.6
      406420       -321         20    30.00    34.14      0.667
      465131       -321         22    35.00    39.14      0.629
      523948       -321         25    40.00    44.14      0.625
      584970       -321         28    45.00    49.14      0.622
      643613       -321         36    50.00    54.14       0.72
      707672       -321         40    55.42    59.56      0.722
      779219       -321         42    61.38    65.52      0.684
      859783       -321         44    67.94    72.08      0.648
      947639       -321         46    75.15    79.29      0.612
     1042844       -321         51    83.08    87.22      0.614
     1145697       -321         53    91.81    95.95      0.577
     1259879       -321         64   101.41   105.55      0.631
     1385518       -321         70   111.97   116.11      0.625
     1519529       -321         77   123.59   127.73      0.623
     1670125       -321         81   136.37   140.51      0.594
     1840881       -321         89   150.43   154.57      0.592
     2028187       -321        104   165.89   170.03      0.627
     2231137       -321        123   182.90   187.04      0.672
     2454007       -321        137   201.61   205.75       0.68
     2701662       -321        159   222.19   226.33      0.716
     2973778       -321        174   244.83   248.97      0.711
     3276352       -321        199   269.73   273.87      0.738
     3607970       -321        219   297.12   301.26      0.737
     3968718       -321        239   327.25   331.39       0.73
     4367671       -321        271   360.39   364.53      0.752
     4806412       -321        305   396.85   400.99      0.769
     5293239       -321        329   436.95   441.09      0.753
     5821282       -321        366   481.06   485.20      0.761
     6406355       -321        404   529.58   533.72      0.763
     7046545       -321        443   582.96   587.10       0.76
     7747184       -321        493   641.68   645.82      0.768
     7821285       -321        500   647.86   652.00      0.772
Time to solution 1.29572s, assuming true minimum is -321
