N=8
Mode: 1
Seed: 34
Search strategy: 0
Initialising random weight matrix with 439 working nodes
439 working nodes out of 512
States are 0,1
Weight-choosing mode: 7
Min time to run: 0.5s
Max time to run: 1e+10s
Solutions are independent
           1       -349          0     0.00     0.00       -nan
           2       -351          0     0.00     0.00       -nan
           4       -354          0     0.00     0.00       -nan
           8       -357          0     0.00     0.00       -nan
          28       -358          0     0.00     0.00       -nan
         106       -359          0     0.00     0.01       -nan
         169       -361          0     0.00     0.02       -nan
         450       -362          0     0.00     0.04       -nan
        2266       -363          0     0.00     0.20       -nan
        5717       -364          0     0.00     0.49       -nan
        6010       -366          0     0.00     0.52       -nan
       39056       -367          0     0.00     3.23       -nan
       98669       -367          4     5.00     8.23        0.8
      157692       -367          4    10.00    13.23        0.4
      217038       -367          4    15.00    18.23      0.267
      276635       -367          5    20.00    23.23       0.25
      336806       -367          7    25.00    28.23       0.28
      398340       -367          8    30.01    33.24      0.267
      458342       -367         12    35.01    38.24      0.343
      517216       -367         13    40.01    43.24      0.325
      550116       -368          0     0.00    46.06       -nan
      609571       -368          1     5.00    51.06        0.2
      673809       -368          1    10.11    56.17     0.0989
      740469       -368          1    15.73    61.79     0.0636
      814621       -368          1    21.91    67.97     0.0456
      898096       -368          1    28.71    74.77     0.0348
      987487       -368          1    36.19    82.25     0.0276
     1086229       -368          2    44.42    90.48      0.045
     1196930       -368          2    53.47    99.53     0.0374
     1320894       -368          2    63.43   109.49     0.0315
     1455093       -368          2    74.38   120.44     0.0269
     1599551       -368          2    86.43   132.49     0.0231
     1757104       -368          3    99.68   145.74     0.0301
     1933455       -368          4   114.26   160.32      0.035
     2127791       -368          4   130.30   176.36     0.0307
     2342562       -368          6   147.94   194.00     0.0406
     2584504       -368          6   167.34   213.40     0.0359
     2841198       -368          7   188.69   234.75     0.0371
     3120136       -368          8   212.17   258.23     0.0377
     3427640       -368          9   238.00   284.06     0.0378
     3771335       -368         10   266.41   312.47     0.0375
     4151697       -368         10   297.66   343.72     0.0336
     4566122       -368         10   332.04   378.10     0.0301
     5033043       -368         13   369.86   415.92     0.0351
     5539454       -368         16   411.46   457.52     0.0389
     6095768       -368         17   457.22   503.28     0.0372
     6707390       -368         18   507.55   553.61     0.0355
     7383812       -368         18   562.92   608.98      0.032
     8124221       -368         25   623.82   669.88     0.0401
     8933493       -368         28   690.81   736.87     0.0405
     9840242       -368         33   764.50   810.56     0.0432
    10837296       -368         35   845.56   891.62     0.0414
    11922988       -368         40   934.73   980.79     0.0428
    13127003       -368         45  1032.81  1078.87     0.0436
    14466486       -368         50  1140.70  1186.76     0.0438
    15908872       -368         57  1259.38  1305.44     0.0453
    17536925       -368         61  1389.93  1435.99     0.0439
    19312858       -368         66  1533.53  1579.59      0.043
    21235299       -368         70  1691.49  1737.55     0.0414
    23364460       -368         74  1865.25  1911.31     0.0397
    25703500       -368         80  2056.39  2102.45     0.0389
    28274196       -368         91  2266.64  2312.70     0.0401
    31105256       -368        101  2497.91  2543.97     0.0404
    34211856       -368        115  2752.31  2798.37     0.0418
    37633720       -368        120  3032.15  3078.21     0.0396
    41390356       -368        130  3339.98  3386.04     0.0389
    45548952       -368        149  3678.59  3724.65     0.0405
    50115953       -368        164  4051.06  4097.12     0.0405
    55128088       -368        187  4460.78  4506.84     0.0419
