N=8
Mode: 1
Seed: 37
Search strategy: 0
Initialising random weight matrix with 439 working nodes
439 working nodes out of 512
States are 0,1
Weight-choosing mode: 7
Min time to run: 0.5s
Max time to run: 1e+10s
Solutions are independent
           1       -333          0     0.00     0.00       -nan
           7       -336          0     0.00     0.00       -nan
          22       -339          0     0.00     0.00       -nan
          72       -346          0     0.00     0.01       -nan
        1870       -347          0     0.00     0.16       -nan
        4201       -348          0     0.00     0.35       -nan
       62932       -348         27     5.00     5.35        5.4
       69089       -349          0     0.00     5.88       -nan
      127351       -349          6     5.00    10.88        1.2
      186228       -349          9    10.00    15.88        0.9
      244680       -349         14    15.01    20.89      0.933
      304758       -349         18    20.01    25.89        0.9
      363605       -349         21    25.01    30.89       0.84
      423972       -349         25    30.01    35.89      0.833
      484049       -349         29    35.01    40.89      0.828
      544534       -349         32    40.01    45.89        0.8
      603048       -349         33    45.01    50.89      0.733
      663071       -349         39    50.10    55.98      0.778
      730935       -349         44    55.70    61.58       0.79
      804452       -349         46    61.86    67.74      0.744
      883169       -349         46    68.64    74.52       0.67
      971744       -349         52    76.10    81.98      0.683
     1067042       -349         58    84.30    90.18      0.688
     1173954       -349         62    93.32    99.20      0.664
     1289563       -349         65   103.25   109.13       0.63
     1418420       -349         74   114.17   120.05      0.648
     1563909       -349         82   126.18   132.06       0.65
     1724920       -349         95   139.39   145.27      0.682
     1897466       -349        103   153.92   159.80      0.669
     2084187       -349        114   169.91   175.79      0.671
     2290221       -349        128   187.49   193.37      0.683
     2519342       -349        143   206.83   212.71      0.691
     2773239       -349        161   228.11   233.99      0.706
     3046328       -349        172   251.51   257.39      0.684
     3349094       -349        181   277.25   283.13      0.653
     3683205       -349        199   305.57   311.45      0.651
     4050370       -349        220   336.72   342.60      0.653
     4460147       -349        246   370.99   376.87      0.663
     4904024       -349        274   408.68   414.56       0.67
     5391190       -349        302   450.14   456.02      0.671
     5928549       -349        332   495.75   501.63       0.67
     6523446       -349        374   545.92   551.80      0.685
     7176548       -349        423   601.10   606.98      0.704
     7899856       -349        469   661.80   667.68      0.709
     8315154       -349        500   696.79   702.67      0.718
Time to solution 1.39358s, assuming true minimum is -349
