N=8
Mode: 1
Seed: 4
Search strategy: 0
Initialising random weight matrix with 439 working nodes
439 working nodes out of 512
States are 0,1
Weight-choosing mode: 7
Min time to run: 0.5s
Max time to run: 1e+10s
Solutions are independent
           1       -328          0     0.00     0.00       -nan
         203       -330          0     0.00     0.02       -nan
         385       -331          0     0.00     0.03       -nan
         468       -333          0     0.00     0.04       -nan
        3372       -334          0     0.00     0.28       -nan
        9142       -335          0     0.00     0.73       -nan
       15763       -336          0     0.00     1.24       -nan
       80005       -336          0     5.00     6.24          0
      146402       -336          1    10.00    11.24        0.1
      212000       -336          1    15.01    16.25     0.0666
      275621       -336          1    20.01    21.25       0.05
      339553       -336          1    25.01    26.25       0.04
      400623       -336          3    30.01    31.25        0.1
      462493       -336          6    35.01    36.25      0.171
      525331       -336          7    40.01    41.25      0.175
      586118       -336          7    45.01    46.25      0.156
      646271       -336          8    50.01    51.25       0.16
      709067       -336          9    55.14    56.38      0.163
      778669       -336         10    60.78    62.02      0.165
      856704       -336         13    66.99    68.23      0.194
      941039       -336         16    73.82    75.06      0.217
     1036069       -336         16    81.33    82.57      0.197
     1139492       -336         17    89.59    90.83       0.19
     1252138       -336         18    98.68    99.92      0.182
     1373508       -336         20   108.68   109.92      0.184
     1513120       -336         21   119.68   120.92      0.175
     1663139       -336         23   131.78   133.02      0.175
     1831874       -336         23   145.09   146.33      0.159
     2014980       -336         26   159.73   160.97      0.163
     2217419       -336         29   175.83   177.07      0.165
     2438280       -336         32   193.54   194.78      0.165
     2675479       -336         34   213.02   214.26       0.16
     2943162       -336         37   234.45   235.69      0.158
     3234634       -336         42   258.02   259.26      0.163
     3555064       -336         45   283.95   285.19      0.158
     3908457       -336         51   312.47   313.71      0.163
     4305501       -336         54   343.85   345.09      0.157
     4730618       -336         58   378.36   379.60      0.153
     5200467       -336         64   416.33   417.57      0.154
     5715249       -336         69   458.09   459.33      0.151
     6276239       -336         76   504.03   505.27      0.151
     6894847       -336         85   554.56   555.80      0.153
     7583308       -336         94   610.14   611.38      0.154
     8339934       -336        109   671.28   672.52      0.162
     9172200       -336        123   738.54   739.78      0.167
    10089829       -336        129   812.52   813.76      0.159
    11107723       -336        146   893.90   895.14      0.163
    12209171       -336        154   983.42   984.66      0.157
    13438121       -336        180  1081.89  1083.13      0.166
    14790170       -336        194  1190.21  1191.45      0.163
    16256510       -336        214  1309.36  1310.60      0.163
    17876638       -336        234  1440.42  1441.66      0.162
    19663247       -336        255  1584.59  1585.83      0.161
    21610885       -336        283  1743.18  1744.42      0.162
    23759427       -336        313  1917.63  1918.87      0.163
    26147730       -336        342  2109.52  2110.76      0.162
    28767262       -336        379  2320.60  2321.84      0.163
    31653524       -336        419  2552.79  2554.03      0.164
    34822970       -336        451  2808.20  2809.44      0.161
    38317318       -336        491  3089.15  3090.39      0.159
    38718212       -336        500  3121.41  3122.65       0.16
Time to solution 6.24282s, assuming true minimum is -336
