N=8
Mode: 1
Seed: 5
Search strategy: 0
Initialising random weight matrix with 439 working nodes
439 working nodes out of 512
States are 0,1
Weight-choosing mode: 7
Min time to run: 0.5s
Max time to run: 1e+10s
Solutions are independent
           1       -347          0     0.00     0.00       -nan
          62       -348          0     0.00     0.01       -nan
          63       -349          0     0.00     0.01       -nan
         269       -350          0     0.00     0.03       -nan
        1170       -351          0     0.00     0.11       -nan
        3280       -352          0     0.00     0.28       -nan
       29828       -353          0     0.00     2.49       -nan
       87715       -353          0     5.00     7.49          0
      148163       -353          3    10.00    12.49        0.3
      205502       -353          7    15.01    17.50      0.466
      264343       -353         11    20.01    22.50       0.55
      322693       -353         16    25.01    27.50       0.64
      381607       -353         23    30.01    32.50      0.766
      440081       -353         32    35.01    37.50      0.914
      498821       -353         36    40.01    42.50        0.9
      558295       -353         40    45.01    47.50      0.889
      615675       -353         47    50.01    52.50       0.94
      675965       -353         50    55.27    57.76      0.905
      743468       -353         57    61.05    63.54      0.934
      818149       -353         64    67.41    69.90      0.949
      900567       -353         70    74.41    76.90      0.941
      990836       -353         83    82.11    84.60       1.01
     1090975       -353         94    90.57    93.06       1.04
     1197614       -353         99    99.88   102.37      0.991
     1315149       -353        110   110.12   112.61      0.999
     1444869       -353        119   121.39   123.88       0.98
     1587748       -353        130   133.78   136.27      0.972
     1750500       -353        145   147.41   149.90      0.984
     1924669       -353        161   162.41   164.90      0.991
     2113281       -353        174   178.91   181.40      0.973
     2323092       -353        193   197.06   199.55      0.979
     2553598       -353        211   217.02   219.51      0.972
     2808404       -353        228   238.98   241.47      0.954
     3087997       -353        254   263.13   265.62      0.965
     3395471       -353        282   289.70   292.19      0.973
     3731287       -353        311   318.92   321.41      0.975
     4097934       -353        340   351.07   353.56      0.968
     4505619       -353        372   386.43   388.92      0.963
     4956408       -353        411   425.33   427.82      0.966
     5449515       -353        448   468.12   470.61      0.957
     5992864       -353        498   515.19   517.68      0.967
     6004706       -353        500   516.17   518.66      0.969
Time to solution 1.03234s, assuming true minimum is -353
