N=8
Mode: 1
Seed: 7
Search strategy: 0
Initialising random weight matrix with 439 working nodes
439 working nodes out of 512
States are 0,1
Weight-choosing mode: 7
Min time to run: 0.5s
Max time to run: 1e+10s
Solutions are independent
           1       -346          0     0.00     0.00       -nan
           6       -348          0     0.00     0.00       -nan
           8       -353          0     0.00     0.00       -nan
         151       -354          0     0.00     0.02       -nan
         158       -355          0     0.00     0.02       -nan
        1310       -356          0     0.00     0.13       -nan
        1720       -357          0     0.00     0.17       -nan
       10263       -358          0     0.00     0.88       -nan
       10987       -359          0     0.00     0.95       -nan
       72651       -359         12     5.00     5.95        2.4
      132100       -359         22    10.00    10.95        2.2
      190194       -359         29    15.00    15.95       1.93
      239481       -360          0     0.00    20.10       -nan
      301772       -360          1     5.00    25.10        0.2
      362648       -360          2    10.00    30.10        0.2
      423054       -360          3    15.00    35.10        0.2
      483450       -360          5    20.00    40.10       0.25
      545185       -360          5    25.00    45.10        0.2
      607645       -360          6    30.00    50.10        0.2
      669774       -360          6    35.02    55.12      0.171
      738557       -360          6    40.54    60.64      0.148
      812778       -360          9    46.61    66.71      0.193
      897028       -360          9    53.29    73.39      0.169
      987320       -360         12    60.63    80.73      0.198
     1085256       -360         13    68.71    88.81      0.189
     1192346       -360         15    77.60    97.70      0.193
     1310160       -360         16    87.38   107.48      0.183
     1446007       -360         16    98.13   118.23      0.163
     1587181       -360         18   109.96   130.06      0.164
     1740100       -360         18   122.97   143.07      0.146
     1916519       -360         21   137.28   157.38      0.153
     2108588       -360         24   153.02   173.12      0.157
     2318162       -360         30   170.34   190.44      0.176
     2546821       -360         31   189.39   209.49      0.164
     2805676       -360         33   210.34   230.44      0.157
     3085686       -360         36   233.39   253.49      0.154
     3398539       -360         37   258.74   278.84      0.143
     3744482       -360         38   286.63   306.73      0.133
     4115542       -360         42   317.31   337.41      0.132
     4529504       -360         48   351.06   371.16      0.137
     4983807       -360         53   388.18   408.28      0.137
     5484087       -360         60   429.01   449.11       0.14
     6028113       -360         65   473.93   494.03      0.137
     6634846       -360         67   523.34   543.44      0.128
     7297143       -360         72   577.69   597.79      0.125
     8021444       -360         81   637.47   657.57      0.127
     8820930       -360         87   703.23   723.33      0.124
     9696069       -360         94   775.57   795.67      0.121
    10664112       -360        102   855.14   875.24      0.119
    11728783       -360        109   942.67   962.77      0.116
    12904403       -360        124  1038.95  1059.05      0.119
    14187314       -360        135  1144.86  1164.96      0.118
    15610042       -360        152  1261.36  1281.46      0.121
    17184875       -360        168  1389.51  1409.61      0.121
    18899784       -360        187  1530.48  1550.58      0.122
    20786326       -360        210  1685.54  1705.64      0.125
    22865745       -360        236  1856.11  1876.21      0.127
    25151477       -360        261  2043.74  2063.84      0.128
    27682851       -360        286  2250.13  2270.23      0.127
    30439507       -360        315  2477.16  2497.26      0.127
    33511722       -360        355  2726.89  2746.99       0.13
    36867626       -360        395  3001.59  3021.69      0.132
    40542407       -360        424  3303.76  3323.86      0.128
    44631061       -360        470  3636.15  3656.25      0.129
    47126560       -360        500  3840.46  3860.56       0.13
Time to solution 7.68092s, assuming true minimum is -360
