N=8
Mode: 1
Seed: 8
Search strategy: 0
Initialising random weight matrix with 439 working nodes
439 working nodes out of 512
States are 0,1
Weight-choosing mode: 7
Min time to run: 0.5s
Max time to run: 1e+10s
Solutions are independent
           1       -319          0     0.00     0.00       -nan
           3       -322          0     0.00     0.00       -nan
           9       -325          0     0.00     0.00       -nan
         396       -326          0     0.00     0.04       -nan
         714       -327          0     0.00     0.07       -nan
         781       -329          0     0.00     0.08       -nan
        2648       -331          0     0.00     0.25       -nan
       64517       -331         11     5.00     5.25        2.2
      119230       -332          0     0.00     9.84       -nan
      180185       -332          2     5.00    14.84        0.4
      240030       -332          2    10.00    19.84        0.2
      300666       -332          5    15.00    24.84      0.333
      360625       -332          7    20.00    29.84       0.35
      420554       -332          8    25.00    34.84       0.32
      481084       -332          9    30.00    39.84        0.3
      542210       -332         11    35.00    44.84      0.314
      604128       -332         12    40.00    49.84        0.3
      665127       -332         15    45.00    54.84      0.333
      730786       -332         15    50.49    60.33      0.297
      803902       -332         19    56.53    66.37      0.336
      886421       -332         20    63.17    73.01      0.317
      974840       -332         21    70.48    80.32      0.298
     1069821       -332         22    78.52    88.36       0.28
     1175767       -332         25    87.36    97.20      0.286
     1296194       -332         28    97.09   106.93      0.288
     1425515       -332         30   107.79   117.63      0.278
     1569032       -332         34   119.56   129.40      0.284
     1723547       -332         38   132.51   142.35      0.287
     1898153       -332         42   146.75   156.59      0.286
     2087182       -332         44   162.41   172.25      0.271
     2137285       -333          0     0.00   176.38       -nan
     2353045       -333          0    17.64   194.02          0
     2597440       -333          0    37.05   213.43          0
     2864243       -333          0    58.40   234.78          0
     3159185       -333          0    81.88   258.26          0
     3479380       -333          0   107.71   284.09          0
     3836500       -333          0   136.12   312.50          0
     4232121       -333          0   167.37   343.75          0
     4652059       -333          0   201.75   378.13          0
     5127007       -333          1   239.57   415.95    0.00417
     5638574       -333          1   281.17   457.55    0.00356
     6214735       -333          2   326.93   503.31    0.00612
     6836530       -333          3   377.27   553.65    0.00795
     7529166       -333          4   432.64   609.02    0.00925
     8274929       -333          4   493.55   669.93     0.0081
     9128862       -333          4   560.55   736.93    0.00714
    10035609       -333          6   634.25   810.63    0.00946
    11011592       -333          7   715.32   891.70    0.00979
    12116956       -333          9   804.50   980.88     0.0112
    13328855       -333         11   902.59  1078.97     0.0122
    14668263       -333         13  1010.49  1186.87     0.0129
    16143685       -333         18  1129.18  1305.56     0.0159
    17748761       -333         20  1259.74  1436.12     0.0159
    19526911       -333         25  1403.36  1579.74     0.0178
    21485345       -333         29  1561.34  1737.72     0.0186
    23622660       -333         33  1735.12  1911.50      0.019
    25971369       -333         38  1926.27  2102.65     0.0197
    28590091       -333         39  2136.54  2312.92     0.0183
    31485287       -333         43  2367.84  2544.22     0.0182
    34652303       -333         48  2622.27  2798.65     0.0183
    38126009       -333         55  2902.14  3078.52      0.019
    41951970       -333         62  3210.00  3386.38     0.0193
    46125341       -333         69  3548.64  3725.02     0.0194
    50720127       -333         75  3921.15  4097.53     0.0191
    55780291       -333         82  4330.91  4507.29     0.0189
    61388033       -333         92  4781.64  4958.02     0.0192
    67520854       -333         99  5277.45  5453.83     0.0188
    74310069       -333        106  5822.84  5999.22     0.0182
    81733813       -333        124  6422.77  6599.15     0.0193
    89911391       -333        137  7082.69  7259.07     0.0193
    98894447       -333        155  7808.60  7984.98     0.0198
   108748185       -333        167  8607.10  8783.48     0.0194
   119615528       -333        176  9485.45  9661.83     0.0186
   131639804       -333        199 10451.64 10628.02      0.019
   144785318       -333        224 11514.45 11690.83     0.0195
   159173810       -333        255 12683.54 12859.92     0.0201
   175202767       -333        282 13969.54 14145.92     0.0202
   192838927       -333        310 15384.14 15560.52     0.0202
   212278528       -333        334 16940.20 17116.58     0.0197
   233411873       -333        376 18651.86 18828.24     0.0202
