# Problem number  Optimum          TTS
               1     -369     4.741060
               2     -332     4.060360
               3     -344     2.147200
               4     -336     6.242820
               5     -353     1.032340
               6     -328     1.473580
               7     -360     7.680920
               9     -360     2.627940
              10     -341     2.020940
              12     -325     3.302720
              13     -341     9.792780
              14     -345     5.385040
              15     -368     3.834020
              16     -368    32.209700
              17     -320     0.773080
              18     -344     4.417960
              19     -330     2.581600
              20     -348     3.992780
              21     -391     1.242820
              22     -314     5.849580
              23     -358     6.643900
              24     -354    10.889400
              25     -369     1.773300
              26     -342     5.946600
              27     -347     0.263920
              28     -325     2.263000
              29     -348    13.033600
              30     -331     1.082840
              31     -352     2.924840
              32     -321     1.295720
              33     -337     9.305020
