N=8
Mode: 3
Seed: 126
Target time to run: 10s
Initialising random weight matrix with 439 working nodes
439 working nodes out of 512
States are -1,1
           1       -867          1     0.00
          17       -871          1     0.00
         210       -875          1     0.05
        1267       -879          1     0.50
       11936       -879         24     5.50
       22585       -879         51    10.50
       32803       -879         82    15.50
       43029       -879        114    20.54
       52986       -879        144    25.56
       63403       -879        169    30.59
       73149       -879        193    35.59
       83077       -879        218    40.59
       93547       -879        245    45.62
      103937       -879        266    50.62
      113919       -879        290    55.70
      124827       -879        317    61.28
      137009       -879        349    67.45
      150478       -879        385    74.24
      165676       -879        430    81.71
      182389       -879        476    89.89
      190171       -879        500    93.74
Time to solution 0.18748s, assuming true minimum is -879
