N=8
Mode: 3
Seed: 137
Target time to run: 10s
Initialising random weight matrix with 439 working nodes
439 working nodes out of 512
States are -1,1
           1       -915          1     0.00
           2       -935          1     0.00
           6       -939          1     0.00
          24       -951          1     0.00
       11877       -951         24     5.07
       23849       -951         55    10.07
       36242       -951         94    15.07
       47983       -951        119    20.07
       58966       -951        140    25.07
       70863       -951        164    30.07
       82768       -951        196    35.07
       94090       -951        219    40.10
      103306       -951        243    45.13
      114851       -951        262    50.13
      126138       -951        293    55.15
      138159       -951        321    60.69
      152566       -951        368    66.76
      165943       -951        390    73.47
      182084       -951        427    80.85
      201340       -951        471    88.94
      215773       -951        500    94.97
Time to solution 0.18994s, assuming true minimum is -951
