N=8
Mode: 3
Seed: 159
Target time to run: 10s
Initialising random weight matrix with 439 working nodes
439 working nodes out of 512
States are -1,1
           1       -871          1     0.00
           2       -879          1     0.00
           5       -891          1     0.00
         136       -895          1     0.03
         829       -899          1     0.25
       11518       -899         25     5.27
       21825       -899         47    10.28
       31897       -899         79    15.28
       42177       -899        107    20.28
       52340       -899        135    25.28
       62626       -899        170    30.28
       73122       -899        206    35.28
       83419       -899        240    40.28
       93938       -899        266    45.28
      104114       -899        293    50.28
      115213       -899        327    55.31
      126422       -899        346    60.88
      138639       -899        388    67.00
      152146       -899        425    73.74
      168153       -899        468    81.16
      181058       -899        500    87.49
Time to solution 0.17498s, assuming true minimum is -899
