N=8
Mode: 3
Seed: 175
Target time to run: 10s
Initialising random weight matrix with 439 working nodes
439 working nodes out of 512
States are -1,1
           1       -953          1     0.00
           5       -961          1     0.00
          61       -965          1     0.02
        1679       -969          1     0.45
       12493       -969          9     5.45
       23699       -969         25    10.45
       34483       -969         31    15.45
       45438       -969         45    20.45
       56529       -969         65    25.45
       67320       -969         73    30.45
       78290       -969         90    35.45
       89427       -969        102    40.45
      100200       -969        108    45.45
      110893       -969        115    50.45
      122104       -969        127    55.52
      133996       -969        139    61.08
      147332       -969        154    67.23
      162073       -969        173    73.96
      177797       -969        183    81.36
      195533       -969        208    89.50
      214949       -969        230    98.45
      236002       -969        245   108.34
      259577       -969        275   119.18
      285590       -969        310   131.10
      314320       -969        349   144.21
      345501       -969        388   158.67
      380112       -969        431   174.54
      417643       -969        470   192.00
      441091       -969        500   202.56
Time to solution 0.40512s, assuming true minimum is -969
