N=8
Mode: 3
Seed: 191
Target time to run: 10s
Initialising random weight matrix with 439 working nodes
439 working nodes out of 512
States are -1,1
           1       -975          1     0.00
           2       -979          1     0.00
           5       -991          1     0.00
          21       -995          1     0.00
          22       -999          1     0.00
         279      -1003          1     0.14
       10984      -1003         30     5.15
       22134      -1003         66    10.15
       32743      -1003        104    15.17
       43518      -1003        139    20.17
       54295      -1003        164    25.17
       64512      -1003        196    30.17
       74210      -1003        217    35.17
       85083      -1003        247    40.21
       92655      -1003        264    45.21
      101567      -1003        294    50.21
      111117      -1003        317    55.24
      123099      -1003        346    60.77
      135642      -1003        373    66.86
      150243      -1003        416    73.55
      165690      -1003        464    80.91
      177950      -1003        500    86.80
Time to solution 0.1736s, assuming true minimum is -1003
