N=8
Mode: 3
Seed: 202
Target time to run: 10s
Initialising random weight matrix with 439 working nodes
439 working nodes out of 512
States are -1,1
           1       -891          1     0.00
          14       -895          1     0.00
          28       -899          1     0.00
          46       -903          1     0.01
       12040       -903         39     5.01
       24513       -903         78    10.01
       35645       -903        112    15.01
       47400       -903        151    20.03
       59505       -903        192    25.03
       71046       -903        219    30.03
       82428       -903        249    35.06
       93845       -903        281    40.06
      106000       -903        318    45.09
      118022       -903        356    50.11
      130172       -903        393    55.13
      143568       -903        441    60.65
      158589       -903        498    66.72
      159317       -903        500    67.16
Time to solution 0.13432s, assuming true minimum is -903
