N=8
Mode: 3
Seed: 210
Target time to run: 10s
Initialising random weight matrix with 439 working nodes
439 working nodes out of 512
States are -1,1
           1       -871          1     0.00
           3       -875          1     0.00
           6       -879          1     0.00
           9       -883          1     0.00
          39       -887          1     0.01
         112       -891          1     0.03
         965       -895          1     0.33
       11363       -895         44     5.33
       22269       -895         89    10.33
       33460       -895        141    15.38
       44032       -895        186    20.39
       54765       -895        225    25.39
       65369       -895        264    30.40
       75763       -895        303    35.43
       86176       -895        337    40.47
       96955       -895        388    45.51
      107137       -895        426    50.55
      118091       -895        462    55.61
      127543       -895        500    60.37
Time to solution 0.12074s, assuming true minimum is -895
