N=8
Mode: 3
Seed: 24
Target time to run: 10s
Initialising random weight matrix with 439 working nodes
439 working nodes out of 512
States are -1,1
           1       -887          1     0.00
          16       -891          1     0.00
         568       -895          1     0.14
        1576       -899          1     0.52
       11555       -899         13     5.55
       21785       -899         24    10.55
       31647       -899         40    15.63
       41568       -899         47    20.68
       52211       -899         59    25.71
       62076       -899         67    30.71
       72421       -899         79    35.71
       82311       -899         90    40.71
       92098       -899        105    45.74
      102343       -899        115    50.76
      112001       -899        123    55.89
      123198       -899        139    61.48
      135508       -899        152    67.63
      149513       -899        165    74.40
      164507       -899        180    81.85
      181291       -899        197    90.06
      199448       -899        217    99.08
      219437       -899        242   108.99
      241351       -899        267   119.89
      264979       -899        299   131.88
      291650       -899        328   145.08
      321698       -899        361   159.63
      354358       -899        394   175.63
      390384       -899        427   193.22
      428747       -899        469   212.57
      456124       -899        500   225.85
Time to solution 0.4517s, assuming true minimum is -899
