N=8
Mode: 3
Seed: 247
Target time to run: 10s
Initialising random weight matrix with 439 working nodes
439 working nodes out of 512
States are -1,1
           1       -891          1     0.00
           2       -895          1     0.00
          29       -903          1     0.00
         491       -907          1     0.13
       11251       -907         30     5.13
       22133       -907         48    10.13
       32874       -907         65    15.13
       43147       -907         75    20.18
       53802       -907         88    25.18
       64944       -907        107    30.21
       75610       -907        122    35.23
       86049       -907        147    40.23
       96201       -907        164    45.23
      106956       -907        182    50.23
      117746       -907        202    55.26
      130093       -907        228    60.79
      142988       -907        250    66.91
      157402       -907        272    73.61
      172795       -907        301    81.02
      189800       -907        326    89.13
      208565       -907        360    98.10
      229332       -907        396   107.91
      252175       -907        433   118.74
      276834       -907        475   130.62
      288499       -907        500   136.14
Time to solution 0.27228s, assuming true minimum is -907
