N=8
Mode: 3
Seed: 25
Target time to run: 10s
Initialising random weight matrix with 439 working nodes
439 working nodes out of 512
States are -1,1
           1       -877          1     0.00
           3       -889          1     0.00
          59       -893          1     0.01
         152       -897          1     0.04
         591       -901          1     0.20
       10464       -901         20     5.24
       20300       -901         45    10.24
       29960       -901         67    15.24
       39447       -901         87    20.25
       49527       -901         96    25.25
       58753       -901        114    30.25
       68465       -901        132    35.28
       78730       -901        145    40.31
       88852       -901        161    45.34
       98583       -901        185    50.34
      108379       -901        201    55.39
      119470       -901        227    61.00
      131411       -901        252    67.13
      145184       -901        283    73.85
      159568       -901        310    81.24
      175358       -901        341    89.37
      193628       -901        383    98.31
      213439       -901        436   108.15
      234804       -901        482   119.03
      241361       -901        500   122.45
Time to solution 0.2449s, assuming true minimum is -901
