N=8
Mode: 3
Seed: 282
Target time to run: 10s
Initialising random weight matrix with 439 working nodes
439 working nodes out of 512
States are -1,1
           1       -961          1     0.00
           5       -969          1     0.00
         203       -973          1     0.05
         629       -977          1     0.25
       10044       -977         17     5.25
       19705       -977         34    10.29
       29290       -977         51    15.29
       39015       -977         73    20.29
       48950       -977         94    25.29
       58692       -977        117    30.33
       68406       -977        138    35.33
       78553       -977        157    40.33
       88222       -977        178    45.33
       97699       -977        192    50.35
      107710       -977        211    55.43
      118364       -977        230    61.03
      130578       -977        263    67.17
      143738       -977        284    73.89
      157898       -977        313    81.31
      173322       -977        345    89.45
      190396       -977        385    98.40
      209160       -977        428   108.30
      229291       -977        470   119.14
      244291       -977        500   126.98
Time to solution 0.25396s, assuming true minimum is -977
