N=8
Mode: 3
Seed: 298
Target time to run: 10s
Initialising random weight matrix with 439 working nodes
439 working nodes out of 512
States are -1,1
           1       -883          1     0.00
           2       -891          1     0.00
           7       -895          1     0.00
           8       -899          1     0.00
          23       -903          1     0.00
         112       -907          1     0.03
        1269       -911          1     0.40
       12361       -911         27     5.40
       23581       -911         56    10.40
       34677       -911         79    15.40
       46150       -911        111    20.42
       57724       -911        145    25.42
       69210       -911        174    30.42
       80988       -911        214    35.42
       92258       -911        246    40.46
      103381       -911        277    45.46
      114075       -911        310    50.46
      125788       -911        344    55.51
      138240       -911        376    61.07
      151632       -911        413    67.18
      165780       -911        444    73.91
      182506       -911        489    81.31
      185669       -911        500    82.79
Time to solution 0.16558s, assuming true minimum is -911
