N=8
Mode: 3
Seed: 299
Target time to run: 10s
Initialising random weight matrix with 439 working nodes
439 working nodes out of 512
States are -1,1
           1       -897          1     0.00
          42       -901          1     0.01
         690       -905          1     0.18
        4537       -909          1     1.58
       14594       -909         10     6.61
       24376       -909         24    11.61
       34678       -909         36    16.61
       44915       -909         48    21.61
       55132       -909         65    26.64
       65449       -909         73    31.64
       75579       -909         86    36.64
       85663       -909        102    41.64
       95690       -909        116    46.64
      105515       -909        129    51.64
      116177       -909        141    56.82
      127462       -909        157    62.51
      139919       -909        177    68.81
      154008       -909        197    75.70
      169422       -909        214    83.28
      186282       -909        238    91.61
      204963       -909        265   100.78
      224795       -909        290   110.86
      246944       -909        323   121.95
      271922       -909        362   134.15
      299163       -909        396   147.62
      329488       -909        429   162.39
      361878       -909        469   178.63
      384418       -909        500   190.01
Time to solution 0.38002s, assuming true minimum is -909
