N=8
Mode: 3
Seed: 322
Target time to run: 10s
Initialising random weight matrix with 439 working nodes
439 working nodes out of 512
States are -1,1
           1       -915          1     0.00
           2       -935          1     0.00
           9       -939          1     0.00
         140       -943          1     0.03
         682       -947          1     0.17
       11266       -947         18     5.17
       22093       -947         39    10.17
       32734       -947         56    15.18
       43371       -947         78    20.18
       54346       -947        102    25.20
       64907       -947        120    30.20
       75436       -947        141    35.20
       86129       -947        163    40.20
       96918       -947        176    45.20
      107632       -947        198    50.20
      118297       -947        220    55.24
      130345       -947        243    60.77
      143247       -947        267    66.85
      157945       -947        298    73.58
      173701       -947        322    80.95
      191498       -947        353    89.08
      210981       -947        389    97.99
      232428       -947        429   107.79
      255510       -947        473   118.57
      269608       -947        500   125.29
Time to solution 0.25058s, assuming true minimum is -947
