N=8
Mode: 3
Seed: 345
Target time to run: 10s
Initialising random weight matrix with 439 working nodes
439 working nodes out of 512
States are -1,1
           1       -889          1     0.00
          41       -893          1     0.01
          79       -897          1     0.02
         202       -901          1     0.05
       10918       -901         43     5.06
       21197       -901         79    10.09
       31604       -901        113    15.09
       41908       -901        144    20.12
       51721       -901        175    25.15
       62049       -901        210    30.15
       71896       -901        245    35.15
       82812       -901        291    40.19
       93125       -901        325    45.19
      103730       -901        357    50.19
      114205       -901        391    55.23
      126072       -901        428    60.76
      138518       -901        469    66.89
      144858       -901        500    70.06
Time to solution 0.14012s, assuming true minimum is -901
