N=8
Mode: 3
Seed: 37
Target time to run: 10s
Initialising random weight matrix with 439 working nodes
439 working nodes out of 512
States are -1,1
           1       -901          1     0.00
           2       -913          1     0.00
           4       -917          1     0.00
           5       -921          1     0.00
          10       -925          1     0.00
          90       -929          1     0.02
         319       -933          1     0.20
        9765       -933         43     5.20
       18935       -933         88    10.20
       28007       -933        128    15.20
       37416       -933        165    20.20
       46835       -933        199    25.20
       55876       -933        238    30.20
       64887       -933        275    35.21
       74357       -933        314    40.25
       83833       -933        355    45.25
       92736       -933        395    50.25
      102191       -933        432    55.32
      112029       -933        478    60.86
      116293       -933        500    62.92
Time to solution 0.12584s, assuming true minimum is -933
