N=8
Mode: 3
Seed: 380
Target time to run: 10s
Initialising random weight matrix with 439 working nodes
439 working nodes out of 512
States are -1,1
           1       -951          1     0.00
           5       -955          1     0.00
         124       -963          1     0.03
         186       -967          1     0.05
         415       -971          1     0.20
        8583       -971         29     5.20
       16956       -971         57    10.24
       25429       -971         89    15.27
       33866       -971        121    20.32
       42629       -971        154    25.41
       50954       -971        187    30.45
       59238       -971        217    35.45
       67970       -971        251    40.50
       76363       -971        282    45.53
       84674       -971        313    50.53
       93103       -971        345    55.59
      102071       -971        379    61.15
      112460       -971        417    67.29
      123710       -971        459    74.04
      134657       -971        500    80.50
Time to solution 0.161s, assuming true minimum is -971
