N=8
Mode: 3
Seed: 390
Target time to run: 10s
Initialising random weight matrix with 439 working nodes
439 working nodes out of 512
States are -1,1
           1       -965          1     0.00
           4       -969          1     0.00
           8       -973          1     0.00
          18       -981          1     0.00
         139       -985          1     0.04
       10553       -985         22     5.05
       21115       -985         43    10.05
       31426       -985         58    15.05
       41753       -985         78    20.05
       52326       -985         99    25.12
       62772       -985        119    30.17
       73741       -985        147    35.17
       84008       -985        160    40.17
       94405       -985        184    45.17
      104759       -985        200    50.17
      115014       -985        218    55.21
      126631       -985        245    60.74
      138987       -985        258    66.86
      152972       -985        287    73.57
      168299       -985        306    80.93
      185282       -985        330    89.03
      203545       -985        366    97.94
      223665       -985        401   107.74
      245547       -985        440   118.56
      269854       -985        486   130.42
      276673       -985        500   133.69
Time to solution 0.26738s, assuming true minimum is -985
