N=8
Mode: 3
Seed: 396
Target time to run: 10s
Initialising random weight matrix with 439 working nodes
439 working nodes out of 512
States are -1,1
           1       -897          1     0.00
           2       -913          1     0.00
          11       -917          1     0.00
          83       -921          1     0.02
         618       -925          1     0.21
       11436       -925         23     5.22
       22466       -925         46    10.24
       33535       -925         76    15.24
       44754       -925        103    20.25
       55637       -925        129    25.30
       66427       -925        146    30.34
       77387       -925        173    35.34
       88382       -925        195    40.36
       99280       -925        216    45.36
      109778       -925        227    50.36
      120463       -925        247    55.40
      131955       -925        276    60.95
      145863       -925        306    67.05
      160477       -925        341    73.76
      176037       -925        373    81.14
      193503       -925        411    89.26
      212842       -925        454    98.22
      233878       -925        487   108.05
      239703       -925        500   110.73
Time to solution 0.22146s, assuming true minimum is -925
