N=8
Mode: 3
Seed: 403
Target time to run: 10s
Initialising random weight matrix with 439 working nodes
439 working nodes out of 512
States are -1,1
           1       -863          1     0.00
           4       -875          1     0.00
          14       -879          1     0.00
         354       -883          1     0.09
       11709       -883         33     5.09
       23212       -883         70    10.09
       34190       -883        107    15.09
       45975       -883        141    20.11
       56801       -883        172    25.11
       68691       -883        207    30.11
       80116       -883        243    35.15
       91044       -883        272    40.15
      102868       -883        311    45.15
      113302       -883        336    50.15
      125334       -883        374    55.19
      137640       -883        411    60.71
      151434       -883        462    66.80
      162517       -883        500    71.67
Time to solution 0.14334s, assuming true minimum is -883
