N=8
Mode: 3
Seed: 405
Target time to run: 10s
Initialising random weight matrix with 439 working nodes
439 working nodes out of 512
States are -1,1
           1       -911          1     0.00
           2       -923          1     0.00
           3       -931          1     0.00
          35       -935          1     0.01
         175       -939          1     0.05
       10228       -939         21     5.05
       20954       -939         61    10.05
       31286       -939        100    15.05
       42052       -939        142    20.09
       51725       -939        172    25.14
       62224       -939        210    30.14
       72268       -939        245    35.14
       82707       -939        282    40.14
       92748       -939        315    45.14
      103176       -939        360    50.18
      113497       -939        398    55.20
      125030       -939        430    60.73
      137824       -939        469    66.84
      148136       -939        500    71.41
Time to solution 0.14282s, assuming true minimum is -939
