N=8
Mode: 3
Seed: 406
Target time to run: 10s
Initialising random weight matrix with 439 working nodes
439 working nodes out of 512
States are -1,1
           1       -887          1     0.00
           2       -895          1     0.00
          48       -899          1     0.01
         218       -903          1     0.05
       12594       -903         38     5.05
       24538       -903         69    10.06
       36939       -903        101    15.06
       48817       -903        128    20.07
       61648       -903        184    25.12
       73675       -903        224    30.12
       85522       -903        265    35.13
       98400       -903        300    40.13
      110470       -903        338    45.13
      122649       -903        374    50.13
      135341       -903        410    55.15
      148817       -903        443    60.67
      163697       -903        489    66.78
      168045       -903        500    68.58
Time to solution 0.13716s, assuming true minimum is -903
