N=8
Mode: 3
Seed: 418
Target time to run: 10s
Initialising random weight matrix with 439 working nodes
439 working nodes out of 512
States are -1,1
           1       -925          1     0.00
           4       -933          1     0.00
         113       -937          1     0.03
        1967       -941          1     0.56
       12321       -941         31     5.58
       22193       -941         58    10.58
       32049       -941         89    15.58
       42581       -941        122    20.58
       52432       -941        152    25.59
       62936       -941        189    30.59
       73488       -941        215    35.59
       83341       -941        242    40.59
       94346       -941        277    45.59
      104314       -941        314    50.59
      114137       -941        339    55.65
      125279       -941        369    61.23
      137873       -941        408    67.42
      151556       -941        448    74.17
      166504       -941        500    81.63
Time to solution 0.16326s, assuming true minimum is -941
