N=8
Mode: 3
Seed: 452
Target time to run: 10s
Initialising random weight matrix with 439 working nodes
439 working nodes out of 512
States are -1,1
           1       -893          1     0.00
           3       -901          1     0.00
          30       -905          1     0.00
          37       -909          1     0.01
         879       -913          1     0.27
       11522       -913         26     5.32
       21990       -913         54    10.32
       32372       -913         75    15.36
       42983       -913         94    20.40
       53399       -913        114    25.41
       64047       -913        136    30.47
       74830       -913        156    35.47
       85377       -913        177    40.47
       96056       -913        196    45.47
      106467       -913        220    50.47
      116880       -913        245    55.53
      128498       -913        274    61.15
      141784       -913        300    67.27
      155449       -913        320    74.02
      170994       -913        351    81.46
      188244       -913        391    89.61
      206890       -913        438    98.62
      227487       -913        473   108.49
      242652       -913        500   115.75
Time to solution 0.2315s, assuming true minimum is -913
