N=8
Mode: 3
Seed: 471
Target time to run: 10s
Initialising random weight matrix with 439 working nodes
439 working nodes out of 512
States are -1,1
           1       -937          1     0.00
           6       -941          1     0.00
         164       -945          1     0.04
         780       -949          1     0.24
       11558       -949         20     5.24
       21554       -949         42    10.28
       31824       -949         60    15.32
       41684       -949         86    20.32
       52379       -949        111    25.32
       63126       -949        133    30.34
       74042       -949        157    35.34
       84580       -949        179    40.34
       94350       -949        200    45.34
      104877       -949        223    50.40
      115882       -949        245    55.45
      127620       -949        275    61.01
      140526       -949        298    67.12
      153912       -949        324    73.84
      169324       -949        364    81.23
      186985       -949        394    89.38
      206318       -949        439    98.32
      227169       -949        476   108.16
      237223       -949        500   112.95
Time to solution 0.2259s, assuming true minimum is -949
