N=8
Mode: 3
Seed: 485
Target time to run: 10s
Initialising random weight matrix with 439 working nodes
439 working nodes out of 512
States are -1,1
           1       -893          1     0.00
           5       -897          1     0.00
           9       -901          1     0.00
          17       -909          1     0.00
         785       -913          1     0.24
       11302       -913         29     5.24
       22176       -913         49    10.24
       32748       -913         77    15.25
       43571       -913        102    20.25
       54618       -913        136    25.29
       65366       -913        167    30.34
       75771       -913        194    35.38
       86965       -913        224    40.40
       97525       -913        252    45.45
      108313       -913        282    50.45
      119145       -913        313    55.50
      131157       -913        344    61.06
      144435       -913        379    67.19
      158686       -913        420    73.91
      174905       -913        467    81.31
      186273       -913        500    86.58
Time to solution 0.17316s, assuming true minimum is -913
