N=8
Mode: 3
Seed: 50
Target time to run: 10s
Initialising random weight matrix with 439 working nodes
439 working nodes out of 512
States are -1,1
           1       -891          1     0.00
           2       -895          1     0.00
           8       -899          1     0.01
          23       -903          1     0.01
          39       -907          1     0.02
         104       -911          1     0.05
       10543       -911         25     5.06
       20655       -911         56    10.06
       31371       -911         74    15.06
       41876       -911         96    20.13
       52169       -911        127    25.19
       62569       -911        149    30.19
       72636       -911        168    35.19
       83287       -911        192    40.19
       94115       -911        223    45.21
      104666       -911        255    50.23
      115228       -911        278    55.26
      126943       -911        305    60.79
      139416       -911        337    66.87
      153478       -911        363    73.56
      168664       -911        401    80.92
      185606       -911        436    89.02
      204586       -911        478    97.93
      210865       -911        500   100.72
Time to solution 0.20144s, assuming true minimum is -911
