N=8
Mode: 3
Seed: 503
Target time to run: 10s
Initialising random weight matrix with 439 working nodes
439 working nodes out of 512
States are -1,1
           1       -923          1     0.00
           3       -931          1     0.00
           4       -939          1     0.00
          30       -943          1     0.01
         124       -947          1     0.03
         644       -951          1     0.28
       10201       -951         31     5.28
       19783       -951         59    10.29
       29070       -951         88    15.29
       38777       -951        120    20.29
       48356       -951        148    25.33
       57585       -951        178    30.41
       67260       -951        205    35.41
       76523       -951        235    40.41
       85957       -951        269    45.41
       95808       -951        295    50.41
      105477       -951        323    55.46
      115681       -951        358    61.01
      127638       -951        388    67.12
      140304       -951        429    73.84
      153855       -951        477    81.25
      161143       -951        500    85.09
Time to solution 0.17018s, assuming true minimum is -951
