N=8
Mode: 3
Seed: 515
Target time to run: 10s
Initialising random weight matrix with 439 working nodes
439 working nodes out of 512
States are -1,1
           1       -895          1     0.00
           9       -903          1     0.00
         233       -907          1     0.06
         674       -911          1     0.26
       10594       -911         32     5.32
       20194       -911         67    10.33
       29918       -911         97    15.33
       39015       -911        134    20.33
       48148       -911        168    25.33
       57761       -911        208    30.36
       67296       -911        244    35.36
       77876       -911        286    40.42
       87107       -911        319    45.44
       96530       -911        359    50.44
      106486       -911        395    55.51
      116912       -911        429    61.08
      128796       -911        474    67.19
      135386       -911        500    70.93
Time to solution 0.14186s, assuming true minimum is -911
