N=8
Mode: 3
Seed: 611
Target time to run: 10s
Initialising random weight matrix with 439 working nodes
439 working nodes out of 512
States are -1,1
           1       -881          1     0.00
           2       -885          1     0.00
           3       -889          1     0.00
           4       -893          1     0.00
           6       -897          1     0.00
          12       -905          1     0.00
         268       -909          1     0.06
         865       -913          1     0.33
       10571       -913         40     5.33
       20243       -913         72    10.33
       30210       -913        105    15.37
       39779       -913        141    20.37
       48891       -913        177    25.42
       58595       -913        208    30.42
       67767       -913        244    35.43
       77780       -913        274    40.43
       88246       -913        303    45.43
       98169       -913        336    50.43
      107738       -913        365    55.51
      118645       -913        397    61.07
      130993       -913        437    67.18
      144004       -913        479    73.90
      149860       -913        500    77.05
Time to solution 0.1541s, assuming true minimum is -913
