N=8
Mode: 3
Seed: 618
Target time to run: 10s
Initialising random weight matrix with 439 working nodes
439 working nodes out of 512
States are -1,1
           1       -933          1     0.00
           2       -937          1     0.00
           5       -945          1     0.00
           6       -949          1     0.00
          50       -961          1     0.01
       10479       -961         36     5.01
       21463       -961         52    10.01
       31330       -961         79    15.05
       41634       -961        100    20.05
       51820       -961        128    25.05
       61840       -961        153    30.05
       71940       -961        173    35.05
       82244       -961        191    40.07
       92299       -961        209    45.10
      102625       -961        230    50.10
      112567       -961        246    55.16
      124011       -961        270    60.68
      136642       -961        306    66.79
      150497       -961        336    73.49
      165380       -961        367    80.88
      181700       -961        398    88.97
      199696       -961        450    97.87
      219358       -961        490   107.67
      225057       -961        500   110.59
Time to solution 0.22118s, assuming true minimum is -961
