N=8
Mode: 3
Seed: 623
Target time to run: 10s
Initialising random weight matrix with 439 working nodes
439 working nodes out of 512
States are -1,1
           1       -935          1     0.00
           2       -951          1     0.00
           4       -955          1     0.00
          10       -959          1     0.00
          57       -963          1     0.01
         322       -967          1     0.08
       12047       -967         53     5.14
       23591       -967         83    10.14
       35054       -967        121    15.14
       47008       -967        163    20.14
       58824       -967        205    25.14
       70315       -967        251    30.15
       82356       -967        282    35.16
       94545       -967        336    40.16
      106277       -967        375    45.17
      117194       -967        414    50.17
      128801       -967        455    55.19
      142187       -967        499    60.71
      142416       -967        500    60.81
Time to solution 0.12162s, assuming true minimum is -967
