N=8
Mode: 3
Seed: 629
Target time to run: 10s
Initialising random weight matrix with 439 working nodes
439 working nodes out of 512
States are -1,1
           1       -855          1     0.00
          14       -859          1     0.00
          74       -863          1     0.02
         553       -867          1     0.13
       11578       -867         23     5.16
       22363       -867         55    10.16
       33706       -867         77    15.16
       44670       -867        102    20.16
       56067       -867        127    25.16
       67210       -867        159    30.17
       77796       -867        182    35.21
       89135       -867        218    40.22
      100503       -867        243    45.25
      111011       -867        267    50.25
      122493       -867        292    55.28
      134934       -867        318    60.81
      148556       -867        357    66.90
      163982       -867        391    73.64
      180584       -867        433    81.06
      198651       -867        481    89.17
      206330       -867        500    93.10
Time to solution 0.1862s, assuming true minimum is -867
