N=8
Mode: 3
Seed: 630
Target time to run: 10s
Initialising random weight matrix with 439 working nodes
439 working nodes out of 512
States are -1,1
           1       -927          1     0.00
           2       -939          1     0.00
           4       -947          1     0.00
          92       -951          1     0.02
         509       -955          1     0.18
       11467       -955         31     5.25
       21804       -955         61    10.29
       32334       -955         98    15.29
       43149       -955        131    20.30
       53578       -955        173    25.30
       64002       -955        205    30.30
       74461       -955        244    35.32
       84916       -955        272    40.32
       95687       -955        310    45.32
      106003       -955        341    50.35
      116841       -955        372    55.40
      128834       -955        407    60.97
      140948       -955        445    67.07
      155075       -955        489    73.78
      159261       -955        500    75.79
Time to solution 0.15158s, assuming true minimum is -955
