N=8
Mode: 3
Seed: 655
Target time to run: 10s
Initialising random weight matrix with 439 working nodes
439 working nodes out of 512
States are -1,1
           1       -899          1     0.00
           2       -903          1     0.00
           4       -907          1     0.00
          19       -911          1     0.00
          44       -915          1     0.01
       10288       -915         33     5.01
       21331       -915         70    10.01
       31952       -915        115    15.04
       42913       -915        155    20.07
       53778       -915        199    25.07
       65606       -915        244    30.09
       76476       -915        282    35.09
       87240       -915        319    40.13
       98145       -915        356    45.14
      109143       -915        389    50.14
      119681       -915        432    55.16
      130696       -915        471    60.71
      138015       -915        500    64.06
Time to solution 0.12812s, assuming true minimum is -915
