N=8
Mode: 3
Seed: 66
Target time to run: 10s
Initialising random weight matrix with 439 working nodes
439 working nodes out of 512
States are -1,1
           1       -889          1     0.00
           3       -905          1     0.00
          53       -909          1     0.01
         711       -913          1     0.18
        8640       -913         28     5.19
       18527       -913         56    10.24
       28504       -913         84    15.24
       38728       -913        107    20.28
       47648       -913        138    25.36
       53266       -913        148    30.36
       60904       -913        167    35.36
       71171       -913        207    40.36
       81705       -913        234    45.38
       91402       -913        261    50.41
      101419       -913        291    55.46
      112527       -913        322    61.01
      125124       -913        355    67.12
      138567       -913        399    73.84
      153263       -913        442    81.23
      169831       -913        495    89.36
      170892       -913        500    89.95
Time to solution 0.1799s, assuming true minimum is -913
