N=8
Mode: 3
Seed: 662
Target time to run: 10s
Initialising random weight matrix with 439 working nodes
439 working nodes out of 512
States are -1,1
           1       -901          1     0.00
           5       -909          1     0.00
          16       -917          1     0.00
          77       -921          1     0.02
         438       -925          1     0.11
       11020       -925         37     5.13
       21060       -925         65    10.21
       31336       -925         90    15.23
       41681       -925        120    20.27
       51681       -925        153    25.27
       61471       -925        176    30.31
       71560       -925        198    35.35
       82281       -925        234    40.36
       92413       -925        263    45.36
      102240       -925        287    50.36
      112243       -925        324    55.43
      123683       -925        357    60.99
      135250       -925        389    67.09
      148730       -925        430    73.80
      163384       -925        474    81.20
      170730       -925        500    84.87
Time to solution 0.16974s, assuming true minimum is -925
