N=8
Mode: 3
Seed: 663
Target time to run: 10s
Initialising random weight matrix with 439 working nodes
439 working nodes out of 512
States are -1,1
           1       -943          1     0.00
           6       -947          1     0.00
           7       -951          1     0.00
         298       -955          1     0.07
        1089       -959          1     0.27
       10602       -959         28     5.27
       20733       -959         56    10.28
       30825       -959         88    15.29
       40876       -959        117    20.29
       50697       -959        144    25.29
       60476       -959        167    30.30
       70557       -959        193    35.31
       81406       -959        226    40.31
       91209       -959        257    45.31
      101299       -959        286    50.35
      111722       -959        311    55.39
      122458       -959        341    60.96
      134684       -959        382    67.06
      148226       -959        421    73.80
      163491       -959        460    81.18
      180635       -959        499    89.30
      180660       -959        500    89.37
Time to solution 0.17874s, assuming true minimum is -959
