N=8
Mode: 3
Seed: 674
Target time to run: 10s
Initialising random weight matrix with 439 working nodes
439 working nodes out of 512
States are -1,1
           1       -917          1     0.00
           9       -921          1     0.00
          40       -925          1     0.01
         107       -929          1     0.03
         500       -933          1     0.18
       11105       -933         35     5.18
       21758       -933         66    10.18
       32317       -933        106    15.18
       43099       -933        143    20.18
       53465       -933        180    25.18
       63756       -933        218    30.21
       74488       -933        254    35.23
       84560       -933        286    40.26
       95005       -933        321    45.33
      105093       -933        350    50.33
      115459       -933        383    55.38
      127013       -933        420    60.92
      140298       -933        466    67.02
      150714       -933        500    72.18
Time to solution 0.14436s, assuming true minimum is -933
