N=8
Mode: 3
Seed: 683
Target time to run: 10s
Initialising random weight matrix with 439 working nodes
439 working nodes out of 512
States are -1,1
           1       -909          1     0.00
          40       -913          1     0.01
          45       -917          1     0.01
         705       -921          1     0.27
        9995       -921         27     5.27
       18942       -921         54    10.27
       28232       -921         95    15.27
       37653       -921        122    20.36
       46719       -921        150    25.40
       55725       -921        175    30.40
       64574       -921        197    35.40
       73972       -921        221    40.46
       82555       -921        249    45.46
       91159       -921        278    50.49
      100352       -921        295    55.54
      111002       -921        329    61.13
      122047       -921        373    67.25
      134279       -921        407    73.98
      147802       -921        451    81.42
      162630       -921        492    89.63
      166839       -921        500    91.93
Time to solution 0.18386s, assuming true minimum is -921
