N=8
Mode: 3
Seed: 690
Target time to run: 10s
Initialising random weight matrix with 439 working nodes
439 working nodes out of 512
States are -1,1
           1       -901          1     0.00
           5       -905          1     0.00
           7       -913          1     0.00
        1378       -917          1     0.36
       12306       -917         32     5.36
       22904       -917         55    10.36
       34119       -917         94    15.36
       45315       -917        131    20.38
       56531       -917        169    25.38
       67422       -917        199    30.41
       78860       -917        229    35.41
       90093       -917        264    40.43
      101603       -917        297    45.43
      113768       -917        340    50.45
      125063       -917        368    55.50
      137018       -917        400    61.06
      150877       -917        435    67.17
      165605       -917        479    73.92
      173494       -917        500    77.50
Time to solution 0.155s, assuming true minimum is -917
