N=8
Mode: 3
Seed: 702
Target time to run: 10s
Initialising random weight matrix with 439 working nodes
439 working nodes out of 512
States are -1,1
           1       -957          1     0.00
         285       -961          1     0.07
        5804       -965          1     1.70
       16768       -965         14     6.74
       27742       -965         22    11.74
       38957       -965         32    16.82
       50000       -965         41    21.82
       61027       -965         51    26.82
       71980       -965         59    31.83
       83036       -965         75    36.85
       94043       -965         85    41.85
      104809       -965         99    46.87
      115597       -965        113    51.87
      127101       -965        122    57.10
      139557       -965        133    62.82
      153858       -965        149    69.11
      169076       -965        160    76.04
      185104       -965        176    83.65
      203162       -965        198    92.02
      223324       -965        221   101.24
      245393       -965        246   111.37
      269462       -965        265   122.55
      295772       -965        291   134.81
      325308       -965        324   148.30
      358211       -965        370   163.14
      393176       -965        403   179.46
      432092       -965        448   197.47
      474681       -965        488   217.22
      483550       -965        500   221.16
Time to solution 0.44232s, assuming true minimum is -965
