N=8
Mode: 3
Seed: 727
Target time to run: 10s
Initialising random weight matrix with 439 working nodes
439 working nodes out of 512
States are -1,1
           1       -959          1     0.00
           2       -971          1     0.00
           4       -975          1     0.00
          19       -979          1     0.00
         462       -983          1     0.12
       11880       -983         41     5.14
       22506       -983         71    10.14
       34123       -983        105    15.15
       45629       -983        141    20.15
       57442       -983        187    25.18
       68661       -983        221    30.18
       80525       -983        249    35.19
       92285       -983        290    40.23
      103861       -983        326    45.27
      114886       -983        366    50.30
      126372       -983        396    55.33
      138687       -983        423    60.87
      152162       -983        457    66.96
      167715       -983        499    73.68
      167761       -983        500    73.69
Time to solution 0.14738s, assuming true minimum is -983
