N=8
Mode: 3
Seed: 732
Target time to run: 10s
Initialising random weight matrix with 439 working nodes
439 working nodes out of 512
States are -1,1
           1       -937          1     0.00
           6       -941          1     0.00
          22       -949          1     0.00
          64       -953          1     0.01
         297       -957          1     0.07
       11891       -957         22     5.07
       23465       -957         50    10.07
       34943       -957         80    15.07
       46312       -957        102    20.08
       57773       -957        134    25.08
       69249       -957        160    30.08
       80827       -957        196    35.09
       91676       -957        223    40.09
      103401       -957        262    45.12
      114389       -957        289    50.12
      125729       -957        313    55.14
      138655       -957        347    60.74
      151998       -957        376    66.82
      166776       -957        416    73.53
      183528       -957        456    80.89
      201361       -957        496    88.98
      203157       -957        500    89.84
Time to solution 0.17968s, assuming true minimum is -957
