N=8
Mode: 3
Seed: 748
Target time to run: 10s
Initialising random weight matrix with 439 working nodes
439 working nodes out of 512
States are -1,1
           1       -877          1     0.00
           3       -885          1     0.00
           5       -889          1     0.00
           9       -893          1     0.00
          43       -897          1     0.00
          87       -901          1     0.02
       10741       -901         40     5.02
       21463       -901         81    10.02
       31538       -901        121    15.02
       41970       -901        151    20.02
       52770       -901        194    25.02
       63448       -901        233    30.02
       74075       -901        267    35.02
       84760       -901        302    40.07
       95140       -901        336    45.07
      105277       -901        377    50.07
      115737       -901        421    55.16
      128512       -901        467    60.68
      136964       -901        500    64.59
Time to solution 0.12918s, assuming true minimum is -901
