N=8
Mode: 3
Seed: 76
Target time to run: 10s
Initialising random weight matrix with 439 working nodes
439 working nodes out of 512
States are -1,1
           1       -931          1     0.00
           6       -935          1     0.00
          21       -943          1     0.00
         229       -947          1     0.05
        1683       -951          1     0.55
       10156       -951         25     5.55
       18752       -951         48    10.55
       27825       -951         72    15.60
       36730       -951         91    20.68
       46025       -951        117    25.69
       54587       -951        143    30.76
       62373       -951        161    35.79
       70901       -951        186    40.82
       79522       -951        209    45.82
       87092       -951        228    50.82
       95805       -951        248    55.93
      105866       -951        276    61.61
      116951       -951        306    67.78
      128607       -951        328    74.56
      142109       -951        368    82.02
      157177       -951        411    90.30
      173744       -951        458    99.34
      191835       -951        500   109.03
Time to solution 0.21806s, assuming true minimum is -951
