N=8
Mode: 3
Seed: 778
Target time to run: 10s
Initialising random weight matrix with 439 working nodes
439 working nodes out of 512
States are -1,1
           1       -853          1     0.00
           2       -861          1     0.00
           3       -865          1     0.00
           4       -873          1     0.00
           8       -885          1     0.00
         208       -889          1     0.05
         269       -893          1     0.07
       10986       -893         20     5.08
       21202       -893         30    10.09
       31678       -893         51    15.09
       41929       -893         64    20.09
       52335       -893         78    25.09
       63058       -893         97    30.11
       73567       -893        117    35.17
       83842       -893        132    40.17
       93909       -893        153    45.17
      104468       -893        173    50.17
      114693       -893        188    55.19
      125938       -893        208    60.71
      138367       -893        230    66.79
      151428       -893        252    73.47
      166970       -893        272    80.87
      183562       -893        301    88.97
      201464       -893        331    97.87
      221699       -893        361   107.66
      243760       -893        387   118.47
      267935       -893        426   130.32
      295066       -893        471   143.36
      312347       -893        500   151.91
Time to solution 0.30382s, assuming true minimum is -893
