N=8
Mode: 3
Seed: 787
Target time to run: 10s
Initialising random weight matrix with 439 working nodes
439 working nodes out of 512
States are -1,1
           1       -883          1     0.00
           2       -895          1     0.00
          22       -899          1     0.00
        2705       -903          1     0.78
       13382       -903         13     5.79
       24135       -903         37    10.80
       34763       -903         58    15.80
       45271       -903         75    20.80
       55908       -903         99    25.80
       66326       -903        116    30.80
       76893       -903        136    35.80
       87881       -903        161    40.80
       98825       -903        176    45.84
      109257       -903        194    50.84
      120137       -903        213    55.95
      132080       -903        232    61.55
      144810       -903        258    67.75
      159024       -903        284    74.57
      174923       -903        305    82.03
      192390       -903        327    90.24
      211286       -903        351    99.28
      232162       -903        376   109.21
      255041       -903        417   120.14
      280235       -903        452   132.17
      307641       -903        500   144.98
Time to solution 0.28996s, assuming true minimum is -903
