N=8
Mode: 3
Seed: 792
Target time to run: 10s
Initialising random weight matrix with 439 working nodes
439 working nodes out of 512
States are -1,1
           1       -857          1     0.00
           3       -861          1     0.00
           4       -873          1     0.00
          27       -877          1     0.00
          58       -881          1     0.02
         416       -885          1     0.11
        1068       -889          1     0.38
       10685       -889         18     5.42
       20236       -889         35    10.42
       30135       -889         51    15.42
       40064       -889         66    20.43
       49769       -889         86    25.44
       59733       -889        109    30.44
       69287       -889        129    35.46
       79269       -889        141    40.51
       88954       -889        157    45.52
       98550       -889        174    50.52
      108338       -889        196    55.60
      119554       -889        219    61.17
      131282       -889        246    67.32
      144060       -889        275    74.08
      158817       -889        295    81.49
      174335       -889        323    89.70
      191027       -889        359    98.68
      210018       -889        385   108.58
      231299       -889        425   119.44
      254253       -889        474   131.39
      269223       -889        500   139.06
Time to solution 0.27812s, assuming true minimum is -889
