N=8
Mode: 3
Seed: 799
Target time to run: 10s
Initialising random weight matrix with 439 working nodes
439 working nodes out of 512
States are -1,1
           1       -893          1     0.00
           2       -897          1     0.00
           5       -909          1     0.00
          57       -913          1     0.01
         265       -917          1     0.06
        1182       -921          1     0.41
       10774       -921         21     5.41
       20157       -921         39    10.41
       29778       -921         57    15.41
       39438       -921         75    20.41
       49085       -921         90    25.46
       58703       -921        111    30.46
       68473       -921        132    35.51
       78386       -921        149    40.51
       87823       -921        172    45.51
       97744       -921        190    50.59
      107479       -921        210    55.70
      118311       -921        229    61.28
      129982       -921        255    67.41
      143390       -921        286    74.16
      157952       -921        314    81.58
      173745       -921        351    89.74
      190754       -921        377    98.76
      209873       -921        410   108.64
      230904       -921        450   119.55
      254458       -921        496   131.58
      257538       -921        500   133.11
Time to solution 0.26622s, assuming true minimum is -921
