N=8
Mode: 3
Seed: 80
Target time to run: 10s
Initialising random weight matrix with 439 working nodes
439 working nodes out of 512
States are -1,1
           1       -937          1     0.00
         394       -941          1     0.09
       11097       -941         14     5.09
       22205       -941         26    10.12
       32982       -941         41    15.17
       43721       -941         56    20.17
       54629       -941         68    25.18
       65616       -941         83    30.18
       76900       -941         95    35.19
       87931       -941        112    40.19
       98685       -941        124    45.19
      109829       -941        140    50.19
      120843       -941        152    55.25
      133267       -941        172    60.78
      146715       -941        188    66.88
      161642       -941        204    73.57
      177833       -941        223    80.93
      195616       -941        253    89.03
      215101       -941        290    97.94
      236768       -941        313   107.74
      260483       -941        347   118.52
      286670       -941        378   130.38
      315387       -941        411   143.42
      347318       -941        452   157.77
      381630       -941        500   173.20
Time to solution 0.3464s, assuming true minimum is -941
