N=8
Mode: 3
Seed: 802
Target time to run: 10s
Initialising random weight matrix with 439 working nodes
439 working nodes out of 512
States are -1,1
           1       -923          1     0.00
           2       -927          1     0.00
          15       -931          1     0.00
          29       -935          1     0.01
         451       -939          1     0.11
       10580       -939         34     5.15
       20895       -939         65    10.15
       31871       -939        100    15.15
       42096       -939        134    20.19
       52490       -939        172    25.20
       63155       -939        203    30.20
       73918       -939        241    35.23
       83959       -939        268    40.26
       94052       -939        305    45.31
      104300       -939        334    50.31
      114724       -939        363    55.35
      126656       -939        401    60.96
      139223       -939        442    67.06
      153098       -939        482    73.77
      159548       -939        500    76.95
Time to solution 0.1539s, assuming true minimum is -939
