N=8
Mode: 3
Seed: 816
Target time to run: 10s
Initialising random weight matrix with 439 working nodes
439 working nodes out of 512
States are -1,1
           1       -901          1     0.00
           2       -905          1     0.00
           4       -909          1     0.00
          26       -913          1     0.00
          70       -917          1     0.02
         186       -921          1     0.05
       11461       -921         44     5.05
       22597       -921         82    10.05
       33379       -921        106    15.05
       44092       -921        140    20.05
       55106       -921        177    25.05
       65431       -921        213    30.05
       76165       -921        252    35.05
       86824       -921        284    40.05
       98057       -921        324    45.11
      108556       -921        355    50.11
      119528       -921        395    55.15
      131361       -921        440    60.70
      144412       -921        483    66.79
      149422       -921        500    69.30
Time to solution 0.1386s, assuming true minimum is -921
