N=8
Mode: 3
Seed: 822
Target time to run: 10s
Initialising random weight matrix with 439 working nodes
439 working nodes out of 512
States are -1,1
           1       -875          1     0.00
          11       -879          1     0.00
          33       -887          1     0.01
         178       -891          1     0.05
        1235       -895          1     0.50
       11042       -895         25     5.50
       20687       -895         46    10.50
       30227       -895         74    15.50
       39887       -895         97    20.50
       49781       -895        125    25.50
       59445       -895        148    30.51
       68774       -895        171    35.52
       78781       -895        188    40.55
       88653       -895        212    45.59
       98589       -895        230    50.60
      108590       -895        257    55.67
      119640       -895        284    61.24
      131594       -895        314    67.37
      144903       -895        350    74.14
      159593       -895        379    81.59
      175622       -895        425    89.77
      193365       -895        468    98.80
      208118       -895        500   106.63
Time to solution 0.21326s, assuming true minimum is -895
