N=8
Mode: 3
Seed: 828
Target time to run: 10s
Initialising random weight matrix with 439 working nodes
439 working nodes out of 512
States are -1,1
           1       -889          1     0.00
           2       -905          1     0.00
          37       -913          1     0.01
          76       -917          1     0.02
         458       -921          1     0.21
       10699       -921         23     5.25
       20975       -921         51    10.25
       31270       -921         75    15.25
       41908       -921        103    20.25
       52311       -921        127    25.25
       62723       -921        151    30.27
       73165       -921        181    35.29
       84040       -921        209    40.29
       95121       -921        243    45.31
      105182       -921        268    50.31
      115203       -921        292    55.37
      126328       -921        319    60.91
      138691       -921        350    67.01
      152477       -921        385    73.72
      167843       -921        421    81.16
      184299       -921        466    89.28
      198943       -921        500    96.49
Time to solution 0.19298s, assuming true minimum is -921
