N=8
Mode: 3
Seed: 859
Target time to run: 10s
Initialising random weight matrix with 439 working nodes
439 working nodes out of 512
States are -1,1
           1       -861          1     0.00
           3       -873          1     0.00
          25       -881          1     0.00
         254       -885          1     0.14
        9861       -885         23     5.14
       19257       -885         50    10.14
       28564       -885         69    15.14
       37860       -885         92    20.21
       47020       -885        110    25.22
       56046       -885        130    30.23
       65505       -885        149    35.25
       74977       -885        169    40.25
       84274       -885        189    45.25
       93701       -885        211    50.30
      103590       -885        225    55.33
      113696       -885        247    60.87
      125429       -885        266    66.98
      138873       -885        287    73.68
      152792       -885        320    81.05
      167759       -885        350    89.16
      184488       -885        386    98.08
      203083       -885        422   107.91
      222935       -885        465   118.71
      240204       -885        500   127.68
Time to solution 0.25536s, assuming true minimum is -885
