N=8
Mode: 3
Seed: 872
Target time to run: 10s
Initialising random weight matrix with 439 working nodes
439 working nodes out of 512
States are -1,1
           1       -909          1     0.00
           6       -921          1     0.00
           7       -925          1     0.00
          76       -929          1     0.02
         321       -933          1     0.08
       10928       -933         36     5.08
       21330       -933         74    10.08
       32091       -933        105    15.08
       42605       -933        133    20.08
       52937       -933        165    25.13
       63313       -933        199    30.13
       73803       -933        228    35.15
       84066       -933        261    40.17
       94584       -933        293    45.17
      104782       -933        326    50.19
      115753       -933        363    55.21
      127715       -933        415    60.79
      140349       -933        451    66.87
      154034       -933        492    73.57
      155971       -933        500    74.38
Time to solution 0.14876s, assuming true minimum is -933
