N=8
Mode: 3
Seed: 902
Target time to run: 10s
Initialising random weight matrix with 439 working nodes
439 working nodes out of 512
States are -1,1
           1       -923          1     0.00
           2       -927          1     0.00
           4       -931          1     0.00
         914       -935          1     0.24
       11584       -935         15     5.24
       22120       -935         43    10.24
       32848       -935         67    15.26
       43643       -935         89    20.26
       54188       -935        113    25.26
       64490       -935        131    30.28
       74874       -935        159    35.28
       85283       -935        180    40.32
       95814       -935        200    45.32
      106463       -935        215    50.36
      117280       -935        240    55.40
      129089       -935        260    60.95
      141867       -935        285    67.05
      155778       -935        311    73.76
      171300       -935        345    81.17
      188189       -935        376    89.31
      207096       -935        402    98.25
      228245       -935        439   108.15
      251681       -935        490   118.97
      256672       -935        500   121.25
Time to solution 0.2425s, assuming true minimum is -935
