N=8
Mode: 3
Seed: 932
Target time to run: 10s
Initialising random weight matrix with 439 working nodes
439 working nodes out of 512
States are -1,1
           1       -935          1     0.00
           2       -943          1     0.00
           8       -947          1     0.00
         467       -951          1     0.13
       10763       -951         17     5.13
       21188       -951         38    10.18
       31641       -951         48    15.18
       41559       -951         64    20.20
       52042       -951         74    25.20
       62430       -951         84    30.20
       72863       -951         98    35.23
       83264       -951        108    40.27
       93489       -951        118    45.27
      104109       -951        139    50.27
      114120       -951        156    55.30
      125709       -951        178    60.85
      138307       -951        201    66.94
      152343       -951        220    73.64
      167637       -951        238    81.04
      184354       -951        258    89.15
      202984       -951        285    98.07
      222841       -951        308   107.88
      244920       -951        348   118.69
      269748       -951        392   130.56
      296492       -951        432   143.62
      325803       -951        475   157.99
      344622       -951        500   167.01
Time to solution 0.33402s, assuming true minimum is -951
