N=8
Mode: 3
Seed: 939
Target time to run: 10s
Initialising random weight matrix with 439 working nodes
439 working nodes out of 512
States are -1,1
           1       -929          1     0.00
           3       -937          1     0.00
          18       -945          1     0.01
          52       -949          1     0.02
         799       -953          1     0.30
       10736       -953         28     5.35
       20995       -953         68    10.35
       31082       -953        105    15.38
       41298       -953        141    20.39
       51539       -953        181    25.42
       60855       -953        222    30.42
       71090       -953        261    35.42
       81302       -953        296    40.42
       91285       -953        337    45.42
      102074       -953        386    50.42
      113071       -953        433    55.49
      124331       -953        477    61.09
      130007       -953        500    63.97
Time to solution 0.12794s, assuming true minimum is -953
