N=8
Mode: 3
Seed: 952
Target time to run: 10s
Initialising random weight matrix with 439 working nodes
439 working nodes out of 512
States are -1,1
           1       -959          1     0.00
           2       -967          1     0.00
           3       -971          1     0.00
           4       -979          1     0.00
           6       -983          1     0.00
         200       -987          1     0.05
       11390       -987         35     5.05
       22140       -987         73    10.07
       33047       -987        106    15.07
       43936       -987        136    20.12
       54862       -987        163    25.12
       66099       -987        189    30.12
       77380       -987        221    35.13
       88669       -987        260    40.13
       99630       -987        290    45.13
      110260       -987        323    50.13
      121268       -987        352    55.15
      133565       -987        390    60.67
      147225       -987        437    66.74
      161685       -987        489    73.42
      164586       -987        500    74.78
Time to solution 0.14956s, assuming true minimum is -987
