N=8
Mode: 3
Seed: 990
Target time to run: 10s
Initialising random weight matrix with 439 working nodes
439 working nodes out of 512
States are -1,1
           1       -937          1     0.00
           4       -941          1     0.00
           5       -945          1     0.00
          16       -949          1     0.00
          84       -957          1     0.02
       11670       -957         34     5.03
       22507       -957         65    10.04
       33342       -957        102    15.05
       44660       -957        136    20.05
       55379       -957        158    25.07
       66518       -957        192    30.07
       77439       -957        226    35.07
       88856       -957        267    40.14
      100476       -957        304    45.17
      111584       -957        333    50.17
      122562       -957        367    55.19
      134766       -957        408    60.71
      148162       -957        440    66.79
      162791       -957        491    73.47
      164182       -957        500    74.08
Time to solution 0.14816s, assuming true minimum is -957
