N=8
Mode: 3
Seed: 998
Target time to run: 10s
Initialising random weight matrix with 439 working nodes
439 working nodes out of 512
States are -1,1
           1       -885          1     0.00
          17       -889          1     0.00
          31       -893          1     0.00
         223       -897          1     0.05
        2659       -901          1     0.97
       13043       -901         12     5.97
       23475       -901         21    10.97
       34142       -901         30    15.97
       44384       -901         39    20.99
       54634       -901         54    25.99
       65074       -901         68    30.99
       75214       -901         86    36.01
       85529       -901         97    41.01
       96072       -901        109    46.01
      106367       -901        119    51.01
      116963       -901        133    56.12
      129005       -901        144    61.79
      142064       -901        161    67.97
      156400       -901        174    74.83
      172139       -901        193    82.32
      189692       -901        216    90.60
      209248       -901        244    99.66
      229450       -901        264   109.64
      251852       -901        286   120.61
      276243       -901        324   132.68
      303997       -901        360   146.00
      334283       -901        391   160.64
      367781       -901        441   176.72
      404441       -901        480   194.40
      421347       -901        500   202.50
Time to solution 0.405s, assuming true minimum is -901
