N=8
Mode: 1
Seed: 407
Search strategy: 2
Target time to run: 10s
Initialising random weight matrix with 439 working nodes
439 working nodes out of 512
States are 0,1
Weight-choosing mode: 5
           1       -808          1     0.00
           3       -814          1     0.00
           9       -818          1     0.00
       12183       -818         72     5.04
       23958       -818        135    10.04
       28734       -820          1    12.12
       38810       -820          2    17.19
       48465       -820          3    22.19
       58083       -820          4    27.22
       68142       -820          4    32.22
       77954       -820          4    37.22
       87725       -820          4    42.22
       97484       -820          6    47.22
      107318       -820          6    52.24
      117599       -820          8    57.47
      129024       -820          9    63.22
      141710       -820         10    69.59
      155450       -820         11    76.61
      170374       -820         12    84.28
      187035       -820         13    92.71
      205665       -820         15   102.08
      222369       -820         16   112.29
      236957       -820         18   123.52
      261011       -820         23   135.88
      287794       -820         25   149.47
      308676       -820         26   164.43
      336402       -820         31   180.88
      369358       -820         37   199.00
      408828       -820         41   218.90
      451860       -820         48   240.80
      499145       -820         52   264.89
      551957       -820         57   291.38
      609918       -820         58   320.56
      673702       -820         61   352.63
      743065       -820         71   387.90
      819757       -820         73   426.69
      903119       -820         82   469.36
      996435       -820         89   516.32
     1099027       -820         94   568.00
     1210892       -820        106   624.81
     1334797       -820        119   687.30
     1470576       -820        127   756.03
     1620231       -820        137   831.69
     1785219       -820        148   914.86
     1964878       -820        161  1006.36
     2163560       -820        179  1107.04
     2382550       -820        202  1217.79
     2624560       -820        217  1339.57
     2888584       -820        242  1473.53
     3178089       -820        263  1620.89
     3495775       -820        300  1783.03
     3858170       -820        334  1961.35
     4259437       -820        371  2157.49
     4702475       -820        409  2373.28
     5186720       -820        449  2610.62
     5708316       -820        500  2865.81
Time to solution 5.73162s, assuming true minimum is -820
