N=8
Mode: 1
Seed: 631
Search strategy: 2
Target time to run: 10s
Initialising random weight matrix with 439 working nodes
439 working nodes out of 512
States are 0,1
Weight-choosing mode: 5
           1       -748          1     0.00
          12       -750          1     0.00
          34       -752          1     0.01
          78       -754          1     0.02
        3792       -756          1     1.19
       14443       -756         18     6.19
       24987       -756         38    11.23
       35348       -756         51    16.25
       45943       -756         61    21.25
       56421       -756         70    26.25
       66565       -756         83    31.26
       77362       -756         96    36.29
       87857       -756        108    41.29
       98515       -756        120    46.37
      109116       -756        136    51.41
      119887       -756        152    56.58
      131756       -756        157    62.26
      144692       -756        169    68.52
      159480       -756        177    75.38
      175374       -756        194    82.92
      192787       -756        207    91.22
      212118       -756        229   100.38
      233320       -756        264   110.42
      257183       -756        292   121.47
      282665       -756        317   133.62
      311373       -756        352   146.99
      342407       -756        389   161.72
      376689       -756        431   177.90
      414158       -756        463   195.70
      447259       -756        500   211.52
Time to solution 0.42304s, assuming true minimum is -756
