N=8
Mode: 1
Seed: 663
Search strategy: 2
Target time to run: 10s
Initialising random weight matrix with 439 working nodes
439 working nodes out of 512
States are 0,1
Weight-choosing mode: 5
           1       -756          1     0.00
           2       -758          1     0.00
           6       -762          1     0.00
        2202       -764          1     0.61
       13371       -764         23     5.64
       24409       -764         43    10.64
       35637       -764         63    15.64
       46454       -764         77    20.67
       57297       -764         90    25.72
       68277       -764        109    30.72
       79156       -764        123    35.72
       90193       -764        142    40.77
      100884       -764        151    45.81
      111521       -764        160    50.85
      122863       -764        177    55.94
      135027       -764        195    61.54
      148103       -764        207    67.70
      163063       -764        225    74.48
      178976       -764        246    81.93
      196692       -764        267    90.13
      216444       -764        295    99.19
      238214       -764        329   109.11
      261799       -764        360   120.08
      287963       -764        398   132.09
      316108       -764        434   145.30
      347340       -764        478   159.86
      369638       -764        500   170.37
Time to solution 0.34074s, assuming true minimum is -764
