N=8
Mode: 1
Seed: 747
Search strategy: 2
Target time to run: 10s
Initialising random weight matrix with 439 working nodes
439 working nodes out of 512
States are 0,1
Weight-choosing mode: 5
           1       -802          1     0.00
           3       -804          1     0.00
           6       -806          1     0.00
           9       -808          1     0.00
          15       -810          1     0.00
        1397       -812          1     0.41
       11395       -812         11     5.41
       22021       -812         32    10.41
       32254       -812         45    15.43
       42566       -812         56    20.43
       53164       -812         76    25.43
       63597       -812         93    30.43
       74082       -812        115    35.43
       84349       -812        128    40.43
       94833       -812        142    45.43
      105085       -812        156    50.47
      115296       -812        168    55.54
      126753       -812        186    61.10
      139626       -812        207    67.22
      153491       -812        227    73.99
      168633       -812        251    81.39
      185208       -812        274    89.53
      203533       -812        299    98.49
      223741       -812        324   108.34
      246429       -812        368   119.19
      271346       -812        398   131.14
      298226       -812        444   144.26
      327849       -812        486   158.69
      342330       -812        500   166.08
Time to solution 0.33216s, assuming true minimum is -812
