N=8
Mode: 1
Seed: 996
Search strategy: 2
Target time to run: 10s
Initialising random weight matrix with 439 working nodes
439 working nodes out of 512
States are 0,1
Weight-choosing mode: 5
           1       -754          1     0.00
           2       -768          1     0.00
           9       -772          1     0.00
         249       -774          1     0.07
        1914       -776          1     0.66
       12609       -776         14     5.68
       23027       -776         24    10.70
       33351       -776         40    15.70
       43544       -776         47    20.70
       53715       -776         57    25.73
       64309       -776         73    30.73
       74713       -776         82    35.74
       85230       -776         94    40.74
       95452       -776        100    45.74
      105759       -776        110    50.79
      116583       -776        126    55.87
      127811       -776        138    61.46
      140608       -776        158    67.61
      154467       -776        172    74.38
      170146       -776        189    81.82
      187480       -776        210    90.02
      206262       -776        232    99.03
      226931       -776        254   108.96
      249771       -776        282   119.88
      274607       -776        309   131.87
      301677       -776        339   145.06
      331984       -776        382   159.60
      364693       -776        418   175.57
      400749       -776        468   193.13
      423165       -776        500   203.69
Time to solution 0.40738s, assuming true minimum is -776
