N=8
Mode: 0
Seed: 1
Search strategy: 0
Target time to run: 1000s
Initialising random weight matrix with 439 working nodes
439 working nodes out of 512
States are 0,1
Weight-choosing mode: 5
           1       -862          1     0.00
         136       -864          1     0.03
         286       -866          1     0.06
         390       -868          1     0.08
        1072       -870          1     0.20
        1464       -874          1     0.26
        7191       -880          1     1.29
       35037       -880          2     6.29
       63006       -880          2    11.29
       90933       -880          2    16.29
      118834       -880          2    21.29
      146622       -880          3    26.29
      174377       -880          4    31.29
      202127       -880          4    36.29
      229840       -880          5    41.29
      257450       -880          5    46.29
      285371       -880          5    51.29
      314028       -880          5    56.42
      345545       -880          5    62.07
      380302       -880          5    68.28
      418388       -880          5    75.11
      460400       -880          5    82.63
      506572       -880          5    90.90
      557389       -880          7   100.00
      613118       -880          7   110.01
      674478       -880          7   121.02
      714033       -882          1   128.14
      785371       -882          1   140.96
      864008       -882          1   155.06
      950526       -882          1   170.57
     1045765       -882          1   187.63
     1150646       -882          1   206.40
     1265695       -882          1   227.05
     1392386       -882          1   249.76
     1531999       -882          1   274.74
     1684576       -882          1   302.22
     1852595       -882          1   332.45
     2037866       -882          1   365.70
     2241607       -882          1   402.28
     2465353       -882          1   442.51
     2711777       -882          2   486.77
     2983254       -882          2   535.45
     3282220       -882          2   589.00
     3610510       -882          2   647.91
     3970254       -882          2   712.71
     4367366       -882          2   783.99
     4803183       -882          2   862.39
     5281695       -882          2   948.63
     5567468       -882          3  1000.00
