N=8
Mode: 0
Seed: 10
Search strategy: 0
Target time to run: 1000s
Initialising random weight matrix with 439 working nodes
439 working nodes out of 512
States are 0,1
Weight-choosing mode: 5
           1       -756          1     0.00
           2       -772          1     0.00
           3       -780          1     0.00
           6       -784          1     0.00
          17       -796          1     0.00
          64       -800          1     0.00
        1515       -802          1     0.26
       20056       -804          1     3.48
       48806       -804          3     8.48
       64465       -806          1    11.20
       93334       -806          1    16.20
      122162       -806          2    21.20
      150953       -806          2    26.20
      179820       -806          3    31.20
      208644       -806          3    36.20
      237375       -806          3    41.20
      266169       -806          3    46.20
      295021       -806          6    51.20
      324673       -806          6    56.33
      357126       -806          8    61.97
      392654       -806          8    68.17
      406471       -808          1    70.57
      447221       -808          1    77.63
      492104       -808          2    85.40
      541454       -808          2    93.95
      595609       -808          2   103.35
      655342       -808          2   113.69
      721008       -808          2   125.06
      793246       -808          3   137.57
      872660       -808          3   151.33
      960059       -808          4   166.47
     1056247       -808          4   183.12
     1161979       -808          4   201.44
     1277944       -808          4   221.59
     1405874       -808          5   243.75
     1546599       -808          5   268.13
     1701234       -808          5   294.95
     1871043       -808          5   324.45
     2057686       -808          6   356.90
     2263324       -808          8   392.60
     2489589       -808          9   431.87
     2738111       -808         10   475.06
     3011123       -808         10   522.57
     3311525       -808         10   574.83
     3642342       -808         12   632.32
     3764319       -810          1   653.55
     4139458       -810          1   718.91
     4552834       -810          1   790.81
     5009371       -810          1   869.90
     5510713       -810          2   956.90
     5758513       -810          2  1000.00
