N=8
Mode: 0
Seed: 100
Search strategy: 0
Target time to run: 1000s
Initialising random weight matrix with 439 working nodes
439 working nodes out of 512
States are 0,1
Weight-choosing mode: 5
           1       -770          1     0.00
           2       -776          1     0.00
           7       -798          1     0.00
          99       -800          1     0.02
         255       -808          1     0.04
       28050       -808          9     5.04
       32273       -810          1     5.80
       53655       -812          1     9.65
       79714       -814          1    14.34
      107423       -814          1    19.34
      135146       -814          1    24.34
      162730       -814          1    29.34
      190372       -814          1    34.34
      218061       -814          1    39.34
      245753       -814          1    44.34
      273543       -814          1    49.34
      301546       -814          1    54.34
      331892       -814          1    59.78
      365255       -814          1    65.76
      402066       -814          1    72.34
      442480       -814          1    79.58
      486889       -814          1    87.54
      535848       -814          1    96.30
      589405       -814          1   105.93
      648505       -814          1   116.53
      713596       -814          1   128.19
      785202       -814          1   141.01
      863738       -814          1   155.12
      949610       -814          1   170.64
     1044183       -814          1   187.71
     1148356       -814          1   206.49
     1263240       -814          1   227.14
     1390010       -814          1   249.86
     1529337       -814          2   274.85
     1682529       -814          2   302.34
     1851489       -814          2   332.58
     2036735       -814          2   365.84
     2240691       -814          2   402.43
     2464320       -814          2   442.68
     2710678       -814          2   486.95
     2982225       -814          2   535.65
     3281140       -814          3   589.22
     3609920       -814          3   648.15
     3970983       -814          3   712.97
     4367717       -814          3   784.27
     4803963       -814          3   862.70
     5285080       -814          3   948.98
     5569651       -814          4  1000.00
