N=8
Mode: 0
Seed: 11
Search strategy: 0
Target time to run: 1000s
Initialising random weight matrix with 439 working nodes
439 working nodes out of 512
States are 0,1
Weight-choosing mode: 5
           1       -816          1     0.00
           7       -840          1     0.00
         128       -848          1     0.02
       24769       -850          1     4.40
       45009       -852          1     7.96
       73349       -852          2    12.96
      101662       -852          2    17.96
      130003       -852          2    22.96
      158264       -852          2    27.96
      186592       -852          2    32.96
      214932       -852          2    37.96
      243121       -852          2    42.96
      271331       -852          2    47.96
      299777       -852          2    52.96
      329840       -852          2    58.26
      362860       -852          2    64.09
      373469       -854          1    65.97
      410680       -854          1    72.57
      451631       -854          1    79.83
      496707       -854          1    87.82
      546424       -854          1    96.61
      601290       -854          1   106.28
      661627       -854          1   116.91
      728023       -854          1   128.61
      800792       -854          1   141.48
      881153       -854          1   155.63
      969448       -854          1   171.20
     1066498       -854          1   188.32
     1172781       -854          1   207.16
     1289790       -854          1   227.88
     1418875       -854          1   250.67
     1561069       -854          1   275.74
     1717096       -854          1   303.32
     1888760       -854          1   333.66
     2077467       -854          1   367.03
     2284506       -854          1   403.74
     2512423       -854          1   444.12
     2763108       -854          1   488.54
     3039172       -854          1   537.40
     3342434       -854          1   591.14
     3676367       -854          1   650.26
     4044414       -854          1   715.29
     4450171       -854          1   786.82
     4896815       -854          1   865.51
     5387822       -854          2   952.07
     5658401       -854          2  1000.00
