N=8
Mode: 0
Seed: 15
Search strategy: 0
Target time to run: 1000s
Initialising random weight matrix with 439 working nodes
439 working nodes out of 512
States are 0,1
Weight-choosing mode: 5
           1       -774          1     0.00
           2       -800          1     0.00
          11       -802          1     0.01
          53       -808          1     0.01
         489       -812          1     0.09
         936       -814          1     0.17
        3507       -816          1     0.61
        4117       -818          1     0.72
        6013       -820          1     1.04
       34772       -820          3     6.04
       63602       -820          3    11.04
       92402       -820          5    16.04
      106580       -822          1    18.49
      135383       -822          2    23.49
      164153       -822          3    28.49
      192844       -822          3    33.49
      221665       -822          4    38.49
      250481       -822          4    43.49
      279160       -822          5    48.49
      307923       -822          5    53.49
      333086       -824          1    57.85
      366401       -824          1    63.64
      403021       -824          1    70.01
      443377       -824          1    77.02
      487759       -824          2    84.73
      536631       -824          2    93.21
      590358       -824          2   102.54
      649348       -824          2   112.80
      714357       -824          2   124.09
      785713       -824          2   136.50
      864265       -824          2   150.15
      950751       -824          2   165.17
     1045832       -824          2   181.69
     1150392       -824          2   199.86
     1265233       -824          2   219.85
     1391951       -824          2   241.84
     1531271       -824          2   266.03
     1683898       -824          2   292.64
     1852434       -824          2   321.91
     2037333       -824          2   354.11
     2241355       -824          2   389.53
     2465884       -824          2   428.49
     2712927       -824          2   471.34
     2984399       -824          4   518.48
     3283175       -824          4   570.33
     3611829       -824          4   627.37
     3973006       -824          4   690.11
     4370449       -824          4   759.13
     4807543       -824          4   835.05
     5288317       -824          5   918.56
     5757035       -824          7  1000.00
