N=8
Mode: 0
Seed: 16
Search strategy: 0
Target time to run: 1000s
Initialising random weight matrix with 439 working nodes
439 working nodes out of 512
States are 0,1
Weight-choosing mode: 5
           1       -816          1     0.00
           4       -826          1     0.00
          12       -830          1     0.00
          30       -832          1     0.00
          76       -834          1     0.01
          78       -842          1     0.01
         765       -846          1     0.14
        2324       -848          1     0.42
        4626       -850          1     0.82
       10903       -852          1     1.94
       39062       -852          2     6.94
       67194       -852          2    11.95
       95215       -852          2    16.95
      114903       -854          1    20.47
      142790       -854          1    25.47
      170800       -854          1    30.47
      198727       -854          1    35.47
      226754       -854          1    40.47
      254611       -854          1    45.47
      282699       -854          1    50.47
      311020       -854          1    55.52
      342119       -854          1    61.08
      376234       -854          2    67.19
      413765       -854          2    73.91
      455179       -854          2    81.31
      500633       -854          4    89.45
      550574       -854          4    98.40
      605649       -854          4   108.25
      666108       -854          5   119.08
      732757       -854          5   130.99
      806156       -854          6   144.09
      887170       -854          7   158.50
      975918       -854          7   174.36
     1073424       -854          7   191.80
     1180829       -854         10   210.99
     1298784       -854         11   232.09
     1428583       -854         12   255.30
     1571435       -854         12   280.84
     1728546       -854         12   308.93
     1901481       -854         13   339.83
     2092133       -854         16   373.82
     2301721       -854         16   411.21
     2345570       -856          1   419.03
     2580460       -856          1   460.94
     2838762       -856          1   507.04
     3122343       -856          1   557.75
     3435394       -856          1   613.53
     3777020       -856          1   674.89
     4154489       -856          1   742.38
     4571828       -856          1   816.62
     5028972       -856          2   898.29
     5533249       -856          2   988.12
     5599978       -856          2  1000.00
