N=8
Mode: 0
Seed: 18
Search strategy: 0
Target time to run: 10000s
Initialising random weight matrix with 439 working nodes
439 working nodes out of 512
States are 0,1
Weight-choosing mode: 5
           1       -764          1     0.00
           4       -786          1     0.00
          17       -790          1     0.00
          70       -792          1     0.00
         109       -794          1     0.01
         186       -796          1     0.02
         481       -798          1     0.08
        4157       -802          1     0.72
       32886       -802          1     5.72
       61496       -802          1    10.72
       90220       -802          1    15.72
      118883       -802          1    20.72
      147581       -802          1    25.72
      176351       -802          1    30.72
      205059       -802          1    35.72
      233812       -802          1    40.72
      262587       -802          1    45.72
      291372       -802          1    50.72
      320635       -802          1    55.80
      352659       -802          1    61.38
      387930       -802          1    67.52
      426823       -802          2    74.28
      469537       -802          2    81.71
      516599       -802          4    89.89
      568315       -802          5    98.88
      625113       -802          6   108.77
      687474       -802          6   119.65
      756073       -802          7   131.62
      831535       -802          8   144.79
      914533       -802          8   159.27
     1005938       -802          8   175.20
     1106354       -802          9   192.72
     1217393       -802          9   212.00
     1339450       -802         10   233.21
     1473246       -802         10   256.54
     1620746       -802         10   282.20
     1783211       -802         10   310.42
     1961915       -802         10   341.47
     2158028       -802         11   375.62
     2373720       -802         12   413.19
     2611008       -802         13   454.51
     2871634       -802         14   499.97
     3157951       -802         15   549.97
     3473709       -802         20   604.97
     3820887       -802         21   665.47
     4203366       -802         21   732.02
     4623721       -802         22   805.23
     5085851       -802         25   885.76
     5594692       -802         27   974.34
     6155030       -802         31  1071.78
     6769630       -802         37  1178.96
     7445834       -802         42  1296.86
     8190571       -802         49  1426.55
     9010426       -802         56  1569.21
     9913889       -802         63  1726.14
    10904756       -802         74  1898.76
    11995853       -802         77  2088.64
    13194091       -802         85  2297.51
    14511190       -802         95  2527.27
    15962932       -802        104  2780.00
    17560137       -802        114  3058.01
    19316628       -802        117  3363.82
    21248859       -802        130  3700.21
    21908900       -804          1  3815.31
    24101521       -804          1  4196.85
    26510640       -804          1  4616.54
    29164167       -804          1  5078.20
    32082969       -804          2  5586.02
    35292336       -804          2  6144.63
    38818646       -804          2  6759.10
    42705142       -804          2  7435.02
    46971710       -804          4  8178.53
    51661314       -804          5  8996.39
    56824746       -804          5  9896.03
    57422037       -804          5 10000.00
