N=8
Mode: 0
Seed: 19
Search strategy: 0
Target time to run: 1000s
Initialising random weight matrix with 439 working nodes
439 working nodes out of 512
States are 0,1
Weight-choosing mode: 5
           1       -662          1     0.00
           5       -664          1     0.00
           8       -666          1     0.00
          16       -670          1     0.00
          28       -676          1     0.00
          58       -682          1     0.01
         175       -692          1     0.03
       28759       -692          2     5.03
       57356       -692          4    10.04
       85975       -692          6    15.04
      114514       -692          9    20.04
      143096       -692          9    25.04
      171689       -692          9    30.04
      200227       -692         10    35.04
      228822       -692         11    40.04
      257447       -692         11    45.04
      285999       -692         13    50.04
      314538       -692         13    55.05
      345840       -692         13    60.56
      380265       -692         15    66.62
      412212       -694          1    72.24
      453165       -694          1    79.47
      498319       -694          1    87.42
      548084       -694          1    96.17
      603060       -694          1   105.79
      663388       -694          1   116.37
      729897       -694          2   128.01
      802764       -694          2   140.82
      882936       -694          2   154.91
      971498       -694          2   170.41
     1068785       -694          2   187.46
     1176032       -694          2   206.21
     1293486       -694          3   226.84
     1422441       -694          5   249.53
     1564891       -694          5   274.49
     1721768       -694          7   301.94
     1892617       -694          7   332.14
     2079981       -694          8   365.36
     2287944       -694         12   401.90
     2516357       -694         14   442.10
     2768045       -694         14   486.32
     3045709       -694         15   534.96
     3351262       -694         16   588.46
     3687509       -694         20   647.31
     4057096       -694         23   712.05
     4463255       -694         27   783.26
     4909218       -694         28   861.59
     5401149       -694         32   947.75
     5698665       -694         35  1000.00
