N=8
Mode: 0
Seed: 24
Search strategy: 0
Target time to run: 10000s
Initialising random weight matrix with 439 working nodes
439 working nodes out of 512
States are 0,1
Weight-choosing mode: 5
           1       -764          1     0.00
          14       -772          1     0.01
          41       -774          1     0.02
         101       -782          1     0.03
         285       -784          1     0.06
        3012       -786          1     0.52
       15571       -790          1     2.62
       45251       -790          1     7.62
       74953       -790          1    12.63
       89855       -792          1    15.14
      119540       -792          1    20.14
      149220       -792          2    25.14
      178850       -792          2    30.14
      208420       -792          2    35.14
      238090       -792          3    40.14
      267759       -792          3    45.14
      297442       -792          3    50.14
      327223       -792          3    55.16
      360014       -792          3    60.68
      396097       -792          4    66.75
      435771       -792          4    73.43
      479451       -792          4    80.78
      527317       -792          4    88.86
      580112       -792          4    97.75
      638227       -792          5   107.53
      702104       -792          5   118.29
      772355       -792          5   130.12
      849674       -792          5   143.14
      934753       -792          7   157.46
     1028203       -792          7   173.21
     1131114       -792         12   190.54
     1244274       -792         12   209.60
     1334583       -794          1   224.81
     1468050       -794          1   247.30
     1614828       -794          1   272.04
     1776404       -794          1   299.25
     1954139       -794          1   329.18
     2149470       -794          1   362.10
     2364242       -794          1   398.32
     2601054       -794          1   438.16
     2861152       -794          1   481.98
     3147240       -794          1   530.18
     3462390       -794          1   583.20
     3808620       -794          1   641.53
     4189473       -794          1   705.69
     4608366       -794          1   776.26
     5068473       -794          1   853.89
     5575325       -794          2   939.28
     6132684       -794          3  1033.21
     6746134       -794          3  1136.54
     7420298       -794          3  1250.20
     8162118       -794          5  1375.23
     8979055       -794          5  1512.76
     9876834       -794          5  1664.04
    10865016       -794          6  1830.45
    11951809       -794          7  2013.50
    13147890       -794          7  2214.86
    14462262       -794          8  2436.35
    15908360       -794          8  2679.99
    17497456       -794          9  2947.99
    19246921       -794         10  3242.79
    21171037       -794         10  3567.07
    23287968       -794         13  3923.78
    25616869       -794         13  4316.16
    28156465       -794         15  4747.78
    30975217       -794         16  5222.56
    34075456       -794         17  5744.82
    37485418       -794         17  6319.31
    41236596       -794         17  6951.25
    45362531       -794         18  7646.38
    49891806       -794         24  8411.02
    54883606       -794         27  9252.13
    59314262       -794         30 10000.00
