N=8
Mode: 0
Seed: 26
Search strategy: 0
Target time to run: 1000s
Initialising random weight matrix with 439 working nodes
439 working nodes out of 512
States are 0,1
Weight-choosing mode: 5
           1       -848          1     0.00
           2       -864          1     0.00
          18       -866          1     0.00
         232       -874          1     0.04
         578       -876          1     0.10
       28473       -876          7     5.10
       34901       -878          1     6.24
       62863       -878          4    11.24
       90676       -878          6    16.25
      118461       -878          9    21.25
      146226       -878          9    26.25
      174142       -878         10    31.25
      202140       -878         10    36.25
      229865       -878         10    41.25
      257691       -878         11    46.25
      285550       -878         12    51.25
      314064       -878         14    56.38
      345432       -878         16    62.02
      380004       -878         19    68.23
      418138       -878         19    75.06
      460084       -878         22    82.57
      506311       -878         23    90.83
      557125       -878         24    99.92
      613093       -878         27   109.92
      674562       -878         30   120.92
      742226       -878         33   133.02
      816739       -878         35   146.33
      898651       -878         37   160.97
      988059       -878         43   177.07
     1086938       -878         48   194.78
     1195396       -878         53   214.26
     1315023       -878         57   235.69
     1446100       -878         61   259.26
     1590541       -878         66   285.19
     1748458       -878         73   313.71
     1923424       -878         79   345.09
     2115285       -878         91   379.60
     2327523       -878         98   417.57
     2561096       -878        107   459.33
     2817384       -878        117   505.27
     3099744       -878        128   555.80
     3409968       -878        137   611.38
     3750727       -878        154   672.52
     4126602       -878        167   739.78
     4540868       -878        186   813.76
     4996297       -878        200   895.14
     5495733       -878        224   984.66
     5581599       -878        226  1000.00
