N=8
Mode: 0
Seed: 32
Search strategy: 0
Target time to run: 10000s
Initialising random weight matrix with 439 working nodes
439 working nodes out of 512
States are 0,1
Weight-choosing mode: 5
           1       -736          1     0.00
           2       -740          1     0.00
           8       -752          1     0.00
          67       -754          1     0.01
         287       -756          1     0.05
         628       -758          1     0.11
        1661       -760          1     0.28
        2342       -762          1     0.40
       31393       -762          2     5.40
       60405       -762          5    10.40
       89484       -762          9    15.40
      118540       -762         13    20.40
      147580       -762         15    25.40
      176094       -762         19    30.40
      188340       -764          1    32.57
      217467       -764          2    37.57
      246586       -764          2    42.57
      275715       -764          2    47.57
      304232       -764          2    52.57
      334905       -764          4    57.83
      368505       -764          4    63.62
      405422       -764          5    69.99
      446058       -764          6    76.99
      490869       -764          7    84.69
      538963       -764          7    93.16
      593312       -764          8   102.48
      652841       -764          9   112.73
      718443       -764          9   124.01
      791044       -764         10   136.42
      870804       -764         10   150.07
      958458       -764         14   165.08
     1012531       -766          1   174.60
     1110982       -766          1   192.06
     1222064       -766          1   211.27
     1344017       -766          1   232.40
     1469213       -766          1   255.65
     1607081       -766          1   281.22
     1758103       -766          1   309.35
     1924372       -766          1   340.29
     2107984       -766          1   374.32
     2310421       -766          1   411.76
     2529543       -766          1   452.94
     2774236       -766          1   498.24
     3043746       -766          2   548.07
     3339415       -766          2   602.88
     3665424       -766          2   663.17
     4024981       -766          3   729.49
     4406064       -766          5   802.44
     4857767       -766          5   882.69
     5359593       -766          5   970.96
     5924395       -766          6  1068.06
     6547949       -766          7  1174.87
     7234227       -766          7  1292.36
     7971720       -766          7  1421.60
     8763210       -766          8  1563.76
     9637283       -766          9  1720.14
    10576883       -766         11  1892.16
    11630167       -766         12  2081.38
    12816916       -766         12  2289.52
    14124398       -766         13  2518.48
    15573245       -766         15  2770.33
    17154030       -766         17  3047.37
    18882007       -766         18  3352.11
    20768684       -766         20  3687.33
    22772578       -766         21  4056.07
    24976909       -766         22  4461.68
    27517515       -766         25  4907.85
    30325477       -766         29  5398.64
    33332042       -766         29  5938.51
    36740243       -766         34  6532.37
    40441066       -766         38  7185.61
    44591964       -766         43  7904.18
    49152857       -766         51  8694.60
    54121833       -766         55  9564.07
    56504297       -766         57 10000.00
