N=8
Mode: 0
Seed: 34
Search strategy: 0
Target time to run: 10000s
Initialising random weight matrix with 439 working nodes
439 working nodes out of 512
States are 0,1
Weight-choosing mode: 5
           1       -726          1     0.00
           7       -730          1     0.00
          11       -744          1     0.00
         175       -746          1     0.03
         979       -748          1     0.17
        5883       -750          1     1.00
       34938       -750          4     6.00
       63937       -750          7    11.00
       92771       -750          8    16.00
      121810       -750         11    21.00
      150974       -750         14    26.00
      166900       -752          1    28.74
      195998       -752          1    33.74
      225184       -752          1    38.74
      254324       -752          3    43.74
      283587       -752          3    48.74
      312853       -752          3    53.74
      344331       -752          3    59.12
      378817       -752          4    65.04
      416748       -752          4    71.55
      458544       -752          4    78.71
      502380       -752          4    86.59
      542815       -752          4    95.25
      594351       -752          6   104.78
      655216       -752          6   115.26
      722472       -752          6   126.79
      796487       -752          6   139.47
      877617       -752          7   153.42
      967009       -752          7   168.77
     1065539       -752          7   185.65
     1173912       -752          9   204.22
     1293143       -752          9   224.65
     1423765       -752          9   247.12
     1567908       -752          9   271.84
     1725857       -752          9   299.03
     1790130       -754          1   310.04
     1970017       -754          1   341.05
     2169114       -754          1   375.16
     2388141       -754          1   412.68
     2625929       -754          1   453.95
     2890082       -754          2   499.35
     3180070       -754          2   549.29
     3500119       -754          3   604.22
     3852207       -754          3   664.65
     4239561       -754          3   731.12
     4628669       -754          3   804.24
     5098424       -754          3   884.67
     5614734       -754          4   973.14
     6182884       -754          4  1070.46
     6807626       -754          4  1177.51
     7495066       -754          5  1295.27
     8256828       -754          5  1424.80
     9102089       -754          5  1567.28
    10016295       -754          5  1724.01
    11021304       -754          5  1896.42
    12127363       -754          5  2086.07
    13345764       -754          6  2294.68
    14674702       -754          9  2524.15
    16118109       -754         10  2776.57
    17743105       -754         11  3054.23
    19465163       -754         11  3359.66
    21429675       -754         14  3695.63
    23595007       -754         15  4065.20
    25975804       -754         19  4471.72
    28591765       -754         21  4918.90
    31472296       -754         23  5410.79
    34641677       -754         24  5951.87
    38116409       -754         27  6547.06
    41950323       -754         31  7201.77
    46160544       -754         33  7921.95
    50801286       -754         33  8714.15
    55904654       -754         39  9585.57
    58331362       -754         41 10000.00
