N=8
Mode: 0
Seed: 36
Search strategy: 0
Target time to run: 1000s
Initialising random weight matrix with 439 working nodes
439 working nodes out of 512
States are 0,1
Weight-choosing mode: 5
           1       -850          1     0.00
           2       -866          1     0.00
          51       -874          1     0.01
         467       -876          1     0.08
        3104       -878          1     0.54
       31621       -878          2     5.54
       60248       -878          3    10.54
       88790       -878          5    15.54
      117340       -878          5    20.54
      145879       -878          7    25.54
      174470       -878         12    30.54
      202976       -878         12    35.54
      231482       -878         13    40.54
      260034       -878         14    45.54
      288425       -878         17    50.54
      317312       -878         20    55.60
      349070       -878         21    61.17
      383964       -878         22    67.29
      422352       -878         23    74.02
      464606       -878         26    81.43
      506809       -880          1    88.82
      557420       -880          2    97.71
      613204       -880          2   107.49
      674527       -880          2   118.24
      741982       -880          2   130.07
      816135       -880          2   143.08
      897707       -880          2   157.39
      987451       -880          2   173.13
     1086352       -880          3   190.45
     1195048       -880          3   209.50
     1314573       -880          3   230.46
     1445332       -880          3   253.51
     1590039       -880          5   278.87
     1749059       -880          6   306.76
     1924065       -880          6   337.44
     2116712       -880          7   371.19
     2328600       -880          8   408.31
     2561798       -880          8   449.15
     2817967       -880          8   494.07
     3100092       -880         10   543.48
     3410389       -880         11   597.83
     3751539       -880         11   657.62
     4127039       -880         12   723.39
     4539323       -880         12   795.73
     4993592       -880         13   875.31
     5493291       -880         16   962.85
     5705410       -880         16  1000.00
