N=8
Mode: 0
Seed: 37
Search strategy: 0
Target time to run: 1000s
Initialising random weight matrix with 439 working nodes
439 working nodes out of 512
States are 0,1
Weight-choosing mode: 5
           1       -700          1     0.00
           2       -718          1     0.00
          23       -722          1     0.00
          45       -728          1     0.01
         178       -730          1     0.03
         522       -732          1     0.09
         541       -734          1     0.09
        1334       -736          1     0.22
        1469       -740          1     0.25
       31045       -740          5     5.25
       60536       -740          7    10.25
       90089       -740          9    15.25
      119478       -740         13    20.25
      148935       -740         15    25.25
      176364       -744          1    29.89
      205821       -744          1    34.89
      235078       -744          2    39.89
      264547       -744          2    44.89
      294059       -744          2    49.89
      323409       -744          2    54.89
      355594       -744          5    60.38
      390987       -744          7    66.42
      429948       -744          7    73.07
      472877       -744          9    80.38
      486580       -746          1    82.70
      517037       -748          1    87.90
      568614       -748          1    96.70
      625352       -748          1   106.38
      687684       -748          1   117.02
      756635       -748          1   128.73
      832234       -748          1   141.61
      915248       -748          1   155.78
     1006608       -748          1   171.36
     1107521       -748          1   188.50
     1218753       -748          1   207.36
     1340968       -748          1   228.10
     1475170       -748          1   250.92
     1622686       -748          1   276.02
     1784991       -748          1   303.63
     1963384       -748          1   334.00
     2160506       -748          1   367.41
     2376621       -748          1   404.16
     2614776       -748          1   444.58
     2875873       -748          1   489.04
     3163442       -748          1   537.95
     3479202       -748          1   591.75
     3828139       -748          1   650.93
     4210352       -748          1   716.03
     4631937       -748          1   787.64
     5094626       -748          1   866.41
     5604106       -748          1   953.06
     5879287       -748          1  1000.00
