N=8
Mode: 0
Seed: 38
Search strategy: 0
Target time to run: 1000s
Initialising random weight matrix with 439 working nodes
439 working nodes out of 512
States are 0,1
Weight-choosing mode: 5
           1       -754          1     0.00
           4       -756          1     0.00
           5       -762          1     0.00
           9       -766          1     0.00
          10       -772          1     0.00
          11       -774          1     0.00
          28       -780          1     0.01
         325       -782          1     0.10
         621       -784          1     0.16
       10707       -786          1     1.91
       18127       -788          1     3.19
       46957       -788          1     8.19
       75835       -788          2    13.19
      104703       -788          4    18.19
      133502       -788          4    23.19
      162418       -788          4    28.19
      191268       -788          5    33.19
      220104       -788          6    38.19
      249041       -788          6    43.19
      277956       -788          6    48.19
      306831       -788          6    53.19
      337531       -788          7    58.51
      371333       -788          7    64.37
      408366       -788          8    70.81
      449053       -788          8    77.90
      493840       -788         11    85.70
      543098       -788         12    94.28
      597213       -788         12   103.71
      656809       -788         15   114.09
      722301       -788         17   125.50
      794770       -788         17   138.05
      874271       -788         19   151.86
      962048       -788         20   167.05
     1058627       -788         20   183.76
     1164816       -788         23   202.14
     1280995       -788         23   222.36
     1409164       -788         24   244.60
     1550494       -788         25   269.06
     1705269       -788         25   295.97
     1875113       -788         25   325.57
     2062459       -788         28   358.13
     2269279       -788         33   393.95
     2497051       -788         36   433.35
     2747272       -788         38   476.69
     3022296       -788         41   524.36
     3324725       -788         41   576.80
     3656576       -788         44   634.48
     4022893       -788         46   697.93
     4425414       -788         53   767.73
     4867034       -788         60   844.51
     5353469       -788         70   928.97
     5761606       -788         75  1000.00
