N=8
Mode: 0
Seed: 40
Search strategy: 0
Target time to run: 1000s
Initialising random weight matrix with 439 working nodes
439 working nodes out of 512
States are 0,1
Weight-choosing mode: 5
           1       -778          1     0.00
           2       -782          1     0.00
           5       -784          1     0.00
          25       -800          1     0.00
        5457       -804          1     0.94
       22971       -806          1     3.97
       51799       -806          1     8.97
       80585       -806          3    13.97
      109493       -806          5    18.97
      138273       -806          9    23.97
      144975       -808          1    25.13
      173826       -808          1    30.13
      202622       -808          1    35.13
      231450       -808          2    40.13
      260289       -808          2    45.13
      289149       -808          3    50.13
      318115       -808          5    55.15
      349980       -808          6    60.67
      384991       -808          6    66.74
      423528       -808          7    73.42
      465927       -808          8    80.77
      512479       -808          8    88.85
      563948       -808          8    97.74
      620648       -808          8   107.52
      683154       -808          8   118.28
      751673       -808          8   130.11
      826947       -808         10   143.13
      909490       -808         10   157.45
      993317       -810          1   171.99
     1092927       -810          1   189.19
     1202274       -810          1   208.11
     1322685       -810          1   228.93
     1455005       -810          1   251.83
     1600342       -810          1   277.02
     1760532       -810          1   304.73
     1936546       -810          1   335.21
     2130871       -810          1   368.74
     2345163       -810          1   405.62
     2579907       -810          2   446.19
     2837914       -810          2   490.81
     3123114       -810          2   539.90
     3436006       -810          3   593.89
     3780917       -810          3   653.28
     4159592       -810          4   718.61
     4575653       -810          4   790.48
     5034734       -810          5   869.53
     5538377       -810          5   956.49
     5790499       -810          6  1000.00
