N=8
Mode: 0
Seed: 41
Search strategy: 0
Target time to run: 10000s
Initialising random weight matrix with 439 working nodes
439 working nodes out of 512
States are 0,1
Weight-choosing mode: 5
           1       -766          1     0.00
           7       -774          1     0.00
          46       -776          1     0.01
         354       -778          1     0.06
         893       -782          1     0.16
        1971       -784          1     0.36
        9012       -786          1     1.64
       36587       -786          2     6.64
       63996       -786          3    11.64
       90887       -786          4    16.64
      118371       -786          5    21.64
      145828       -786          6    26.64
      173353       -786          7    31.64
      200944       -786          7    36.64
      205050       -788          1    37.38
      232623       -788          1    42.38
      260207       -788          1    47.38
      287869       -788          1    52.38
      316830       -788          1    57.62
      348699       -788          1    63.39
      383740       -788          2    69.73
      422243       -788          2    76.71
      464677       -788          3    84.39
      511322       -788          4    92.83
      562523       -788          5   102.12
      619009       -788          5   112.34
      680976       -788          5   123.58
      749059       -788          6   135.94
      823970       -788          7   149.54
      906590       -788          8   164.50
      997434       -788          8   180.96
     1097366       -788          9   199.06
     1207151       -788          9   218.97
     1327739       -788         10   240.87
     1460285       -788         12   264.96
     1606202       -788         13   291.46
     1766711       -788         15   320.61
     1943717       -788         15   352.68
     2138229       -788         17   387.95
     2352382       -788         17   426.75
     2588042       -788         18   469.43
     2847089       -788         18   516.38
     3131382       -788         23   568.02
     3444436       -788         23   624.83
     3789254       -788         23   687.32
     4168646       -788         26   756.06
     4585898       -788         26   831.67
     5044602       -788         26   914.84
     5549869       -788         29  1006.33
     5558796       -790          1  1007.94
     6114758       -790          1  1108.74
     6726278       -790          1  1219.62
     7398210       -790          1  1341.59
     8137437       -790          1  1475.75
     8950406       -790          2  1623.33
     9845719       -790          2  1785.67
    10830865       -790          3  1964.24
    11911212       -790          4  2160.67
    13103130       -790          5  2376.74
    14412318       -790          6  2614.42
    15854630       -790          7  2875.87
    17442010       -790          7  3163.46
    19185149       -790          9  3479.81
    21102286       -790         10  3827.80
    23213596       -790         11  4210.59
    25535770       -790         11  4631.65
    28091509       -790         12  5094.82
    30894590       -790         13  5604.31
    33981892       -790         15  6164.75
    37381034       -790         17  6781.23
    41121644       -790         21  7459.36
    45233100       -790         23  8205.30
    49759262       -790         23  9025.83
    54735109       -790         26  9928.42
    55129963       -790         26 10000.00
