N=8
Mode: 0
Seed: 42
Search strategy: 0
Target time to run: 1000s
Initialising random weight matrix with 439 working nodes
439 working nodes out of 512
States are 0,1
Weight-choosing mode: 5
           1       -760          1     0.00
           2       -776          1     0.00
           4       -784          1     0.00
         118       -788          1     0.02
         165       -790          1     0.03
         262       -796          1     0.04
       29613       -796          7     5.04
       58957       -796         15    10.04
       66871       -798          1    11.38
       90500       -800          1    15.41
      119762       -800          4    20.41
      149173       -800          5    25.41
      167381       -802          1    28.53
      196515       -802          1    33.53
      225675       -802          1    38.53
      254780       -802          1    43.53
      283962       -802          1    48.53
      313090       -802          1    53.53
      344368       -802          1    58.89
      378677       -802          1    64.78
      416494       -802          1    71.26
      458085       -802          1    78.39
      503790       -802          1    86.23
      554068       -802          1    94.86
      609482       -802          1   104.35
      670318       -802          1   114.79
      737228       -802          1   126.27
      810848       -802          1   138.90
      891929       -802          1   152.80
      981258       -802          1   168.08
     1079711       -802          1   184.89
     1187898       -802          1   203.38
     1307059       -802          1   223.72
     1437535       -802          1   246.10
     1581886       -802          1   270.72
     1740015       -802          1   297.80
     1914807       -802          1   327.59
     2107193       -802          1   360.35
     2318204       -802          1   396.39
     2550126       -802          2   436.03
     2805577       -802          2   479.64
     3086233       -802          2   527.61
     3395788       -802          2   580.38
     3735111       -802          2   638.42
     4109560       -802          3   702.27
     4520167       -802          3   772.50
     4972942       -802          3   849.76
     5470036       -802          4   934.74
     5852322       -802          4  1000.00
