N=8
Mode: 0
Seed: 44
Search strategy: 0
Target time to run: 1000s
Initialising random weight matrix with 439 working nodes
439 working nodes out of 512
States are 0,1
Weight-choosing mode: 5
           1       -760          1     0.00
           2       -774          1     0.00
           4       -794          1     0.00
          54       -798          1     0.01
          63       -800          1     0.01
         311       -802          1     0.05
        1414       -804          1     0.24
        3863       -806          1     0.66
       32884       -806          4     5.66
       61785       -806          4    10.66
       90722       -806          4    15.66
      119671       -806          6    20.66
      148740       -806          7    25.66
      177800       -806          9    30.66
      206863       -806         10    35.66
      235947       -806         10    40.66
      265031       -806         13    45.66
      294129       -806         17    50.66
      323410       -806         18    55.73
      355680       -806         20    61.31
      383189       -808          1    66.05
      421688       -808          1    72.66
      463877       -808          1    79.93
      510275       -808          1    87.93
      561364       -808          1    96.73
      617732       -808          1   106.41
      679887       -808          1   117.06
      748076       -808          2   128.77
      822904       -808          2   141.65
      904946       -808          2   155.82
      995510       -808          2   171.41
     1095055       -808          2   188.56
     1204834       -808          2   207.42
     1325378       -808          2   228.17
     1458287       -808          2   250.99
     1604478       -808          2   276.09
     1765311       -808          2   303.70
     1942213       -808          2   334.07
     2136732       -808          2   367.48
     2350179       -808          2   404.23
     2584912       -808          2   444.66
     2842580       -808          2   489.13
     3126487       -808          3   538.05
     3438967       -808          3   591.86
     3783874       -808          3   651.05
     4163209       -808          3   716.16
     4580211       -808          5   787.78
     5036973       -808          5   866.56
     5539314       -808          6   953.22
     5810914       -808          6  1000.00
