N=8
Mode: 0
Seed: 48
Search strategy: 0
Target time to run: 1000s
Initialising random weight matrix with 439 working nodes
439 working nodes out of 512
States are 0,1
Weight-choosing mode: 5
           1       -700          1     0.00
           7       -708          1     0.00
          33       -710          1     0.00
          35       -712          1     0.00
          54       -720          1     0.00
         171       -722          1     0.02
         619       -724          1     0.10
        2120       -726          1     0.36
        7246       -728          1     1.23
       36555       -728          3     6.23
       65890       -728          5    11.23
       69381       -730          1    11.82
       98708       -730          1    16.82
      128045       -730          1    21.82
      157283       -730          1    26.82
      186477       -730          2    31.82
      215698       -730          2    36.82
      245080       -730          3    41.82
      274416       -730          3    46.82
      303623       -730          3    51.82
      334054       -730          3    57.01
      367543       -730          3    62.72
      404363       -730          3    69.00
      444784       -730          3    75.90
      489338       -730          4    83.50
      538366       -730          4    91.86
      592064       -730          4   101.05
      651044       -730          5   111.16
      670904       -732          1   114.53
      738099       -732          1   125.99
      811532       -732          1   138.59
      892525       -732          1   152.45
      981693       -732          2   167.70
     1079453       -732          2   184.47
     1186878       -732          3   202.92
     1305814       -732          3   223.22
     1436054       -732          3   245.55
     1579794       -732          4   270.11
     1737451       -732          4   297.13
     1911109       -732          4   326.85
     2102065       -732          4   359.54
     2311738       -732          4   395.50
     2542337       -732          4   435.05
     2796236       -732          5   478.56
     3075718       -732          5   526.42
     3384265       -732          5   579.07
     3723618       -732          5   636.98
     4096377       -732          7   700.68
     4505469       -732          8   770.75
     4956977       -732          9   847.83
     5453606       -732          9   932.62
     5848879       -732         10  1000.00
