N=8
Mode: 0
Seed: 5
Search strategy: 0
Target time to run: 1000s
Initialising random weight matrix with 439 working nodes
439 working nodes out of 512
States are 0,1
Weight-choosing mode: 5
           1       -818          1     0.00
           9       -832          1     0.00
          25       -834          1     0.00
          37       -840          1     0.00
         582       -844          1     0.10
       13557       -848          1     2.46
       40918       -848          2     7.46
       68337       -848          7    12.46
       95715       -848         11    17.46
      122975       -848         13    22.46
      150539       -848         15    27.46
      177921       -848         16    32.46
      205270       -848         17    37.46
      232689       -848         20    42.46
      233873       -850          1    42.67
      261217       -850          2    47.67
      288784       -850          2    52.67
      317812       -850          2    57.94
      349772       -850          3    63.74
      384884       -850          4    70.12
      423361       -850          5    77.14
      465670       -850          5    84.86
      512402       -850          8    93.35
      563576       -850          9   102.69
      619886       -850          9   112.96
      681950       -850         10   124.26
      749970       -850         10   136.69
      824744       -850         11   150.36
      907250       -850         13   165.40
      998047       -850         15   181.95
     1098032       -850         16   200.15
     1208395       -850         16   220.17
     1329918       -850         16   242.19
     1463273       -850         16   266.41
     1610186       -850         16   293.06
     1771424       -850         18   322.37
     1948645       -850         18   354.61
     2141637       -850         23   390.08
     2356342       -850         26   429.09
     2591577       -850         28   472.00
     2850661       -850         33   519.20
     3135594       -850         34   571.13
     3448535       -850         47   628.25
     3793758       -850         51   691.08
     4173849       -850         51   760.19
     4590924       -850         53   836.21
     5050676       -850         56   919.84
     5490823       -850         57  1000.00
