N=8
Mode: 0
Seed: 51
Search strategy: 0
Target time to run: 1000s
Initialising random weight matrix with 439 working nodes
439 working nodes out of 512
States are 0,1
Weight-choosing mode: 5
           1       -818          1     0.00
           3       -824          1     0.00
          12       -826          1     0.00
          13       -830          1     0.00
          23       -832          1     0.00
         125       -838          1     0.02
        1643       -842          1     0.28
        2072       -844          1     0.35
       24381       -846          1     4.15
       53743       -846          3     9.15
       83052       -846          4    14.15
      112347       -846          4    19.15
      141918       -846          4    24.15
      171352       -846          5    29.15
      176719       -848          1    30.06
      205949       -848          1    35.06
      235292       -848          2    40.06
      264668       -848          2    45.06
      293950       -848          2    50.06
      323356       -848          2    55.07
      355614       -848          3    60.58
      391174       -848          4    66.64
      430340       -848          4    73.31
      473515       -848          4    80.65
      521102       -848          4    88.72
      524728       -850          1    89.33
      577120       -850          1    98.27
      635157       -850          1   108.10
      698968       -850          1   118.91
      769229       -850          1   130.81
      846511       -850          1   143.90
      931177       -850          2   158.30
     1024742       -850          3   174.14
     1127611       -850          4   191.56
     1240645       -850          4   210.72
     1364762       -850          5   231.80
     1501155       -850          5   254.99
     1651373       -850          5   280.49
     1816244       -850          6   308.54
     1906328       -852          1   323.85
     2096574       -852          1   356.24
     2306614       -852          1   391.87
     2537150       -852          1   431.06
     2791716       -852          1   474.17
     3071930       -852          1   521.59
     3379527       -852          1   573.75
     3716690       -852          2   631.13
     4087369       -852          2   694.25
     4495600       -852          2   763.68
     4944847       -852          2   840.05
     5437898       -852          2   924.06
     5885994       -852          2  1000.00
