N=8
Mode: 0
Seed: 52
Search strategy: 0
Target time to run: 100000s
Initialising random weight matrix with 439 working nodes
439 working nodes out of 512
States are 0,1
Weight-choosing mode: 5
           1       -696          1     0.00
           3       -704          1     0.00
           6       -712          1     0.00
          23       -714          1     0.01
          35       -718          1     0.02
         603       -720          1     0.16
         980       -722          1     0.24
       10507       -724          1     2.21
       11815       -726          1     2.48
       34090       -726          3     7.48
       56808       -728          1    12.39
       80629       -728          2    17.39
      103199       -728          2    22.39
      126855       -728          2    27.39
      150619       -728          3    32.39
      174504       -728          3    37.39
      198614       -728          3    42.39
      222810       -728          4    47.39
      247013       -728          4    52.39
      272423       -728          4    57.63
      300454       -728          5    63.40
      331175       -728          5    69.75
      364975       -728          5    76.73
      402209       -728          5    84.41
      443076       -728          5    92.86
      488061       -728          6   102.15
      537598       -728          6   112.37
      592057       -728          7   123.61
      648342       -728          7   135.98
      713198       -728          8   149.58
      785380       -728          9   164.54
      861977       -728         10   181.00
      949771       -728         10   199.11
     1046116       -728         10   219.03
     1060393       -730          1   221.97
     1167103       -730          1   244.17
     1281069       -730          1   268.59
     1411106       -730          2   295.45
     1550730       -730          2   325.00
     1707469       -730          4   357.51
     1880424       -730          4   393.27
     2066037       -730          4   432.60
     2268322       -730          4   475.87
     2496498       -730          6   523.46
     2749409       -730          6   575.81
     3027515       -730          6   633.40
     3334173       -730          6   696.74
     3671294       -730          6   766.42
     4042068       -730          6   843.07
     4450554       -730          6   927.38
     4899813       -730          7  1020.12
     5393964       -730          7  1122.14
     5938057       -730          8  1234.36
     6536425       -730          8  1357.80
     7194044       -730          8  1493.59
     7917470       -730          9  1642.95
     8713710       -730          9  1807.25
     9589323       -730         11  1987.98
    10552153       -730         12  2186.78
    11611773       -730         13  2405.46
    12777909       -730         13  2646.01
    14059654       -730         14  2910.62
    15469244       -730         14  3201.69
    16729552       -732          1  3461.85
    18406950       -732          1  3808.04
    20250981       -732          1  4188.85
    22280763       -732          1  4607.74
    24514014       -732          1  5068.52
    26969694       -732          1  5575.38
    29669898       -732          1  6132.92
    32642420       -732          1  6746.22
    35910624       -732          1  7420.85
    39505506       -732          1  8162.94
    43457668       -732          1  8979.24
    47806465       -732          1  9877.17
    52592881       -732          1 10864.89
    57850538       -732          1 11951.38
    63642102       -732          1 13146.52
    70011200       -732          1 14461.18
    77016701       -732          2 15907.30
    84724997       -732          2 17498.03
    93202276       -732          3 19247.84
   102526251       -732          4 21172.63
   112777497       -732          5 23289.90
   124047641       -732          6 25618.90
   136457857       -732          6 28180.80
   150110613       -732          7 30998.88
   165002133       -732          7 34098.77
   181514187       -732          7 37508.65
   199687933       -732          8 41259.52
   219477249       -732          8 45385.48
   241409185       -732          9 49924.03
   265566192       -732         10 54916.44
   292050295       -732         11 60408.09
   321243274       -732         13 66448.90
