N=8
Mode: 0
Seed: 55
Search strategy: 0
Target time to run: 1000s
Initialising random weight matrix with 439 working nodes
439 working nodes out of 512
States are 0,1
Weight-choosing mode: 5
           1       -784          1     0.00
           4       -796          1     0.00
         283       -800          1     0.04
         768       -802          1     0.13
        1818       -804          1     0.30
        2361       -806          1     0.40
        2846       -808          1     0.48
        5756       -810          1     0.97
       35334       -810          1     5.97
       64921       -810          1    10.97
       94521       -810          3    15.97
      123917       -810          4    20.97
      153545       -810          5    25.97
      182993       -810          5    30.97
      212407       -810          7    35.97
      241927       -810          9    40.97
      271380       -810          9    45.97
      300843       -810         10    50.97
      330754       -810         12    56.07
      363787       -810         12    61.68
      400191       -810         12    67.85
      440110       -810         13    74.64
      484065       -810         15    82.11
      532564       -810         16    90.33
      581812       -812          1    98.64
      640281       -812          2   108.51
      704661       -812          2   119.37
      775129       -812          2   131.31
      852818       -812          2   144.45
      938159       -812          2   158.90
     1032017       -812          2   174.80
     1135519       -812          2   192.29
     1249582       -812          2   211.52
     1374634       -812          2   232.68
     1512346       -812          2   255.95
     1663468       -812          2   281.55
     1830167       -812          2   309.71
     2013367       -812          2   340.69
     2214652       -812          3   374.76
     2435711       -812          4   412.24
     2678994       -812          5   453.47
     2946135       -812          5   498.82
     3240889       -812          6   548.71
     3564025       -812          7   603.59
     3919791       -812          8   663.95
     4312613       -812          8   730.35
     4745009       -812          8   803.39
     5219088       -812         11   883.73
     5740813       -812         15   972.11
     5906074       -812         17  1000.00
