N=8
Mode: 0
Seed: 59
Search strategy: 0
Target time to run: 1000s
Initialising random weight matrix with 439 working nodes
439 working nodes out of 512
States are 0,1
Weight-choosing mode: 5
           1       -752          1     0.00
           2       -766          1     0.00
          52       -772          1     0.00
         901       -774          1     0.15
        7582       -776          1     1.31
       36441       -776          1     6.32
       65268       -776          1    11.32
       94095       -776          2    16.32
      122978       -776          3    21.32
      151833       -776          3    26.32
      180626       -776          3    31.32
      209457       -776          3    36.32
      238320       -776          3    41.32
      267153       -776          3    46.32
      296062       -776          3    51.32
      325488       -776          3    56.46
      357924       -776          3    62.11
      393610       -776          3    68.33
      432816       -776          3    75.17
      475976       -776          4    82.69
      523340       -776          5    90.96
      575564       -776          5   100.06
      632934       -776          5   110.07
      696400       -776          6   121.08
      766181       -776          7   133.19
      843035       -776          8   146.51
      927585       -776          9   161.17
     1020529       -776         10   177.29
     1122760       -776         12   195.02
     1235268       -776         15   214.53
     1358788       -776         16   235.99
     1494546       -776         20   259.59
     1643805       -776         23   285.55
     1808507       -776         26   314.11
     1989134       -776         30   345.53
     2188009       -776         31   380.09
     2406861       -776         36   418.10
     2647814       -776         41   459.92
     2912017       -776         47   505.92
     3203492       -776         48   556.52
     3523797       -776         50   612.18
     3875501       -776         55   673.40
     4261954       -776         58   740.74
     4687212       -776         62   814.82
     5155188       -776         66   896.31
     5665501       -776         72   985.95
     5735799       -776         73  1000.00
