N=8
Mode: 0
Seed: 61
Search strategy: 0
Target time to run: 1000s
Initialising random weight matrix with 439 working nodes
439 working nodes out of 512
States are 0,1
Weight-choosing mode: 5
           1       -754          1     0.00
           4       -766          1     0.00
         414       -768          1     0.07
        2821       -770          1     0.48
       15275       -772          1     2.64
       44156       -772          3     7.65
       73093       -772          5    12.65
       81565       -774          1    14.10
      110564       -774          1    19.10
      139550       -774          1    24.10
      168616       -774          1    29.10
      197606       -774          1    34.10
      226666       -774          2    39.10
      255718       -774          2    44.10
      284818       -774          2    49.10
      313793       -774          2    54.10
      345250       -774          2    59.52
      379787       -774          2    65.48
      417645       -774          2    72.03
      459066       -774          2    79.24
      505113       -774          3    87.17
      555467       -774          3    95.89
      610785       -774          4   105.48
      672018       -774          4   116.03
      739112       -774          4   127.64
      813163       -774          4   140.41
      894140       -774          4   154.46
      983308       -774          4   169.91
     1081597       -774          5   186.91
     1189951       -774          6   205.61
     1308636       -774          7   226.18
     1439879       -774          9   248.80
     1584322       -774         10   273.68
     1742654       -774         13   301.05
     1916988       -774         15   331.16
     2108824       -774         15   364.28
     2320484       -774         17   400.71
     2553144       -774         20   440.79
     2808962       -774         22   484.87
     3089260       -774         23   533.36
     3397252       -774         24   586.70
     3736386       -774         27   645.38
     4110195       -774         29   709.92
     4521040       -774         31   780.92
     4972384       -774         32   859.02
     5469602       -774         36   944.93
     5477406       -776          1   946.27
     5788596       -776          1  1000.00
