N=8
Mode: 0
Seed: 63
Search strategy: 0
Target time to run: 10000s
Initialising random weight matrix with 439 working nodes
439 working nodes out of 512
States are 0,1
Weight-choosing mode: 5
           1       -710          1     0.00
           2       -720          1     0.00
          14       -738          1     0.00
         157       -742          1     0.02
        1526       -744          1     0.26
        3030       -748          1     0.51
        6334       -750          1     1.06
       35813       -750          5     6.07
       47753       -752          1     8.09
       77172       -752          1    13.09
      106546       -752          2    18.09
      136028       -752          2    23.09
      165558       -752          2    28.09
      195099       -752          2    33.09
      224628       -752          2    38.09
      253248       -754          1    42.93
      282634       -754          1    47.93
      312197       -754          1    52.93
      343507       -754          1    58.23
      377943       -754          1    64.06
      415708       -754          1    70.47
      457292       -754          1    77.52
      503050       -754          1    85.28
      553434       -754          1    93.81
      608963       -754          2   103.20
      669783       -754          2   113.53
      736585       -754          3   124.89
      809976       -754          3   137.38
      890743       -754          3   151.12
      979625       -754          3   166.24
     1077402       -754          4   182.87
     1184980       -754          4   201.16
     1303713       -754          5   221.28
     1434124       -754          5   243.41
     1577539       -754          5   267.76
     1735612       -754          5   294.54
     1909426       -754          5   324.00
     2100399       -754          5   356.41
     2310503       -754          5   392.06
     2541303       -754          5   431.27
     2795015       -754          5   474.40
     3073957       -754          5   521.84
     3380600       -754          6   574.03
     3718821       -754          6   631.44
     4090891       -754          6   694.59
     4500217       -754          7   764.05
     4949600       -754          8   840.46
     5444461       -754         10   924.51
     5989507       -754         10  1016.97
     6588981       -754         10  1118.67
     7247068       -754         11  1230.54
     7971323       -754         11  1353.60
     8767605       -754         15  1488.96
     9645750       -754         17  1637.86
    10612057       -754         19  1801.65
    11673570       -754         20  1981.82
    12840645       -754         23  2180.01
    14121946       -754         26  2398.02
    15533908       -754         27  2637.83
    17089553       -754         33  2901.62
    18798636       -754         34  3191.79
    19275481       -756          1  3272.65
    21200602       -756          1  3599.92
    23320131       -756          1  3959.92
    25650409       -756          1  4355.92
    28215179       -756          1  4791.52
    31037417       -756          1  5270.68
    34142126       -756          1  5797.75
    37557866       -756          1  6377.53
    41306532       -756          1  7015.29
    45439557       -756          1  7716.82
    49983826       -756          1  8488.51
    54971899       -756          4  9337.37
    58874527       -756          5 10000.00
