N=8
Mode: 0
Seed: 64
Search strategy: 0
Target time to run: 1000s
Initialising random weight matrix with 439 working nodes
439 working nodes out of 512
States are 0,1
Weight-choosing mode: 5
           1       -716          1     0.00
           2       -718          1     0.00
           4       -728          1     0.00
          17       -730          1     0.00
          64       -736          1     0.01
         134       -738          1     0.02
        1328       -742          1     0.23
        1493       -744          1     0.26
        1648       -746          1     0.29
       29347       -746          1     5.29
       57063       -746          4    10.29
       84581       -746          6    15.29
      112128       -746          8    20.29
      139736       -746          8    25.29
      167425       -746         11    30.29
      176151       -748          1    31.87
      203713       -748          1    36.88
      231266       -748          1    41.88
      258806       -748          1    46.88
      286401       -748          2    51.88
      315212       -748          2    57.07
      346800       -748          2    62.78
      381353       -748          3    69.06
      419524       -748          3    75.97
      461717       -748          3    83.57
      508150       -748          3    91.93
      559273       -748          3   101.13
      615505       -748          3   111.25
      677386       -748          4   122.38
      745314       -748          4   134.62
      819698       -748          4   148.09
      901681       -748          5   162.90
      991743       -748          5   179.20
     1091045       -748          5   197.12
     1200605       -748          5   216.84
     1320831       -748          5   238.53
     1453031       -748          5   262.39
     1597906       -748          9   288.63
     1757366       -748         10   317.50
     1932960       -748         11   349.25
     2125754       -748         12   384.18
     2338184       -748         13   422.60
     2572527       -748         13   464.87
     2830462       -748         15   511.36
     3113596       -748         16   562.50
     3425715       -748         19   618.75
     3767852       -748         21   680.63
     4143597       -748         22   748.70
     4557577       -748         24   823.58
     5013394       -748         29   905.94
     5514628       -748         31   996.54
     5533888       -748         31  1000.00
