N=8
Mode: 0
Seed: 66
Search strategy: 0
Target time to run: 1000s
Initialising random weight matrix with 439 working nodes
439 working nodes out of 512
States are 0,1
Weight-choosing mode: 5
           1       -754          1     0.00
           4       -772          1     0.00
          51       -778          1     0.01
          92       -780          1     0.02
         101       -782          1     0.02
         154       -784          1     0.02
         336       -792          1     0.06
        4223       -794          1     0.71
       33554       -794          1     5.71
       62826       -794          1    10.71
       92144       -794          2    15.71
      121451       -794          3    20.71
      150642       -794          4    25.71
      179914       -794          5    30.71
      209270       -794          5    35.71
      238599       -794          5    40.71
      268026       -794          5    45.71
      276990       -796          1    47.24
      306315       -796          2    52.24
      336983       -796          2    57.47
      370738       -796          2    63.22
      407824       -796          2    69.55
      448689       -796          3    76.51
      493570       -796          3    84.17
      542844       -796          3    92.59
      597147       -796          3   101.85
      656972       -796          3   112.04
      722322       -796          3   123.25
      794504       -796          3   135.58
      873567       -796          3   149.14
      960454       -796          3   164.06
     1056110       -796          4   180.47
     1161352       -796          4   198.52
     1277290       -796          4   218.38
     1404888       -796          4   240.22
     1545190       -796          4   264.25
     1699485       -796          5   290.68
     1868851       -796          6   319.75
     2054554       -796          6   351.73
     2259763       -796          6   386.91
     2485537       -796          7   425.61
     2734468       -796          9   468.18
     3008048       -796          9   515.00
     3308998       -796         10   566.50
     3640581       -796         10   623.16
     4004765       -796         11   685.48
     4405792       -796         11   754.03
     4847559       -796         12   829.44
     5332429       -796         13   912.39
     5835091       -796         14  1000.00
