N=8
Mode: 0
Seed: 67
Search strategy: 0
Target time to run: 1000s
Initialising random weight matrix with 439 working nodes
439 working nodes out of 512
States are 0,1
Weight-choosing mode: 5
           1       -748          1     0.00
           2       -762          1     0.00
           4       -774          1     0.00
          11       -776          1     0.00
          21       -780          1     0.00
          28       -786          1     0.00
         335       -788          1     0.05
         654       -790          1     0.10
       29394       -790          2     5.10
       58174       -790          3    10.10
       86210       -790          4    15.10
      114892       -790          5    20.10
      143584       -790          5    25.10
      172316       -790          5    30.10
      201074       -790          6    35.10
      228310       -790          6    40.10
      257233       -790          6    45.10
      286107       -790          6    50.10
      314922       -790          6    55.12
      346811       -790          7    60.64
      381859       -790          7    66.71
      420444       -790          9    73.39
      462592       -790         10    80.73
      509348       -790         10    88.81
      560604       -790         13    97.70
      617178       -790         14   107.48
      679285       -790         14   118.23
      747647       -790         15   130.06
      822822       -790         18   143.07
      905592       -790         19   157.38
      996169       -790         19   173.12
     1095569       -790         19   190.44
     1205430       -790         20   209.49
     1326624       -790         21   230.44
     1456989       -790         22   253.49
     1603544       -790         23   278.84
     1764445       -790         25   306.73
     1941407       -790         26   337.41
     2135749       -790         32   371.16
     2348979       -790         35   408.28
     2584519       -790         41   449.11
     2843210       -790         46   494.03
     3127247       -790         60   543.44
     3440691       -790         67   597.79
     3786041       -790         76   657.57
     4165835       -790         81   723.33
     4584046       -790         89   795.67
     5041679       -790        100   875.24
     5544449       -790        114   962.77
     5758482       -790        120  1000.00
