N=8
Mode: 0
Seed: 69
Search strategy: 0
Target time to run: 1000s
Initialising random weight matrix with 439 working nodes
439 working nodes out of 512
States are 0,1
Weight-choosing mode: 5
           1       -722          1     0.00
           6       -746          1     0.00
          39       -750          1     0.00
        3056       -756          1     0.52
       32500       -756          3     5.52
       61935       -756          4    10.52
       91190       -756          4    15.52
      120657       -756          4    20.52
      150074       -756          6    25.52
      179509       -756          7    30.52
      208808       -756          8    35.52
      238111       -756          9    40.52
      267399       -756         11    45.52
      296551       -756         12    50.52
      326167       -756         13    55.58
      358674       -756         13    61.14
      394495       -756         13    67.26
      433896       -756         14    73.99
      477221       -756         14    81.39
      524749       -756         14    89.53
      526381       -758          1    89.80
      578992       -758          1    98.78
      637032       -758          3   108.66
      700840       -758          3   119.53
      770826       -758          4   131.49
      847978       -758          4   144.64
      932863       -758          6   159.11
     1026610       -758          7   175.03
     1129648       -758          8   192.54
     1242960       -758         10   211.80
     1367167       -758         12   232.99
     1504198       -758         12   256.29
     1654828       -758         13   281.92
     1818916       -758         13   310.12
     2000728       -758         14   341.14
     2200664       -758         14   375.26
     2420559       -758         15   412.79
     2662083       -758         18   454.07
     2928549       -758         22   499.48
     3222472       -758         26   549.43
     3545899       -758         31   604.38
     3812145       -760          1   649.85
     4193471       -760          1   714.84
     4612287       -760          1   786.33
     5075101       -760          1   864.97
     5584293       -760          1   951.47
     5869335       -760          1  1000.00
