N=8
Mode: 0
Seed: 70
Search strategy: 0
Target time to run: 1000s
Initialising random weight matrix with 439 working nodes
439 working nodes out of 512
States are 0,1
Weight-choosing mode: 5
           1       -798          1     0.00
           3       -814          1     0.00
          32       -820          1     0.00
          39       -828          1     0.00
          48       -830          1     0.01
         346       -832          1     0.06
         371       -834          1     0.06
         958       -838          1     0.18
        6926       -840          1     1.26
       34245       -840          6     6.26
       61567       -840          6    11.26
       88825       -840          7    16.26
      115995       -840          9    21.26
      143285       -840         11    26.26
      170464       -840         11    31.26
      197663       -840         11    36.27
      224741       -840         12    41.27
      252055       -840         13    46.27
      279354       -840         16    51.27
      307360       -840         18    56.40
      338222       -840         20    62.05
      371991       -840         24    68.26
      408598       -840         27    75.09
      449473       -840         32    82.60
      494434       -840         34    90.86
      543765       -840         37    99.95
      597978       -840         40   109.95
      657675       -840         41   120.95
      723409       -840         43   133.05
      795886       -840         50   146.36
      875352       -840         54   161.00
      963300       -840         56   177.11
     1059553       -840         64   194.83
     1165240       -840         70   214.32
     1281648       -840         78   235.76
     1409672       -840         83   259.34
     1550868       -840         91   285.28
     1705920       -840        104   313.81
     1876370       -840        120   345.20
     2064118       -840        133   379.72
     2271591       -840        141   417.70
     2498701       -840        151   459.47
     2748275       -840        171   505.42
     3023243       -840        202   555.97
     3144898       -842          1   578.35
     3460209       -842          1   636.19
     3806884       -842          1   699.81
     4188049       -842          1   769.80
     4606997       -842          1   846.78
     5069217       -842          1   931.46
     5442035       -842          2  1000.00
