N=8
Mode: 0
Seed: 73
Search strategy: 0
Target time to run: 1000s
Initialising random weight matrix with 439 working nodes
439 working nodes out of 512
States are 0,1
Weight-choosing mode: 5
           1       -764          1     0.00
           2       -778          1     0.00
           4       -792          1     0.00
          18       -794          1     0.00
          66       -796          1     0.01
         262       -798          1     0.04
         421       -800          1     0.07
         525       -802          1     0.09
        2413       -804          1     0.42
       13038       -806          1     2.27
       36267       -808          1     6.30
       64965       -808          1    11.30
       93538       -808          2    16.30
      122058       -808          3    21.30
      150596       -808          5    26.30
      179350       -808          6    31.30
      208046       -808          8    36.30
      236762       -808         10    41.30
      265537       -808         11    46.30
      294204       -808         11    51.30
      323561       -808         12    56.43
      355777       -808         13    62.08
      391218       -808         16    68.29
      430250       -808         17    75.12
      473267       -808         17    82.64
      520474       -808         17    90.91
      572719       -808         20   100.01
      609493       -810          1   106.39
      670368       -810          1   117.03
      737387       -810          1   128.74
      811340       -810          1   141.62
      892662       -810          1   155.79
      981813       -810          1   171.37
     1079587       -810          1   188.51
     1187205       -810          1   207.37
     1305477       -810          1   228.11
     1435782       -810          2   250.93
     1578937       -810          2   276.03
     1737316       -810          2   303.64
     1911689       -810          2   334.01
     2103010       -810          3   367.42
     2313125       -810          4   404.17
     2544388       -810          5   444.59
     2798991       -810          8   489.05
     3078985       -810          8   537.96
     3386999       -810         10   591.76
     3725112       -810         12   650.94
     4096785       -810         14   716.04
     4506735       -810         16   787.65
     4957058       -810         19   866.42
     5452041       -810         20   953.07
     5718361       -810         20  1000.00
