N=8
Mode: 0
Seed: 75
Search strategy: 0
Target time to run: 10000s
Initialising random weight matrix with 439 working nodes
439 working nodes out of 512
States are 0,1
Weight-choosing mode: 5
           1       -696          1     0.00
           4       -708          1     0.00
           7       -718          1     0.00
          42       -720          1     0.00
          48       -722          1     0.01
         113       -724          1     0.02
         340       -726          1     0.06
        1298       -728          1     0.21
        1527       -730          1     0.25
       18736       -732          1     3.17
       48466       -732          3     8.17
       78618       -732          9    13.17
      108788       -732         14    18.17
      138081       -732         21    23.17
      166020       -732         23    28.17
      194124       -732         26    33.17
      222307       -732         27    38.17
      231787       -736          1    39.85
      259752       -736          1    44.85
      287660       -736          1    49.85
      315454       -736          2    54.85
      346294       -736          3    60.34
      380028       -736          3    66.38
      417193       -736          3    73.02
      457864       -736          3    80.33
      502941       -736          3    88.37
      552281       -736          3    97.21
      606387       -736          3   106.94
      665638       -736          3   117.64
      730365       -736          3   129.41
      801261       -736          3   142.36
      878890       -736          3   156.60
      964202       -736          3   172.27
     1058278       -736          3   189.50
     1161856       -736          4   208.46
     1276344       -736          4   229.31
     1411433       -736          4   252.25
     1559644       -736          5   277.48
     1722192       -736          6   305.23
     1900245       -736          6   335.76
     2096673       -736          7   369.34
     2308067       -736          7   406.28
     2533914       -736          7   446.91
     2795519       -736          8   491.61
     3086206       -736          8   540.78
     3402186       -736         10   594.86
     3733389       -736         10   654.35
     4109851       -736         10   719.79
     4521193       -736         10   791.77
     4976833       -736         10   870.95
     5473077       -736         10   958.05
     6024405       -736         10  1053.86
     6629986       -736         12  1159.25
     7301611       -736         14  1275.18
     8037377       -736         15  1402.70
     8836047       -736         15  1542.98
     9714075       -736         16  1697.28
    10686512       -736         18  1867.01
    11761545       -736         19  2053.72
    12955744       -736         21  2259.10
    14260309       -736         22  2485.01
    15696922       -736         22  2733.52
    17225763       -736         25  3006.88
    18975971       -736         28  3307.57
    20890139       -736         31  3638.33
    22967102       -736         33  4002.17
    25312961       -736         33  4402.39
    27814994       -736         41  4842.63
    30618826       -736         49  5326.90
    33583261       -736         58  5859.59
    36963458       -736         62  6445.55
    40688943       -736         68  7090.11
    44701279       -736         78  7799.13
    49134091       -736         84  8579.05
    54071778       -736         89  9436.96
    57326209       -736         95 10000.00
