N=8
Mode: 0
Seed: 76
Search strategy: 0
Target time to run: 1000s
Initialising random weight matrix with 439 working nodes
439 working nodes out of 512
States are 0,1
Weight-choosing mode: 5
           1       -828          1     0.00
          71       -834          1     0.01
         992       -836          1     0.17
        5295       -838          1     0.91
       19519       -840          1     3.36
       26947       -842          1     4.64
       55889       -842          2     9.64
       84910       -842          2    14.64
      113898       -842          3    19.64
      142873       -842          3    24.64
      171900       -842          4    29.64
      200679       -842          5    34.64
      229700       -842          5    39.64
      258723       -842          5    44.64
      287748       -842          5    49.64
      316744       -842          5    54.64
      317300       -844          1    54.73
      349089       -844          1    60.21
      383971       -844          1    66.24
      422433       -844          1    72.87
      464651       -844          1    80.16
      511213       -844          1    88.18
      562325       -844          1    97.00
      618595       -844          1   106.70
      680548       -844          1   117.38
      748517       -844          1   129.12
      823107       -844          1   142.04
      905376       -844          2   156.25
      996033       -844          2   171.88
     1095439       -844          2   189.07
     1204601       -844          2   207.98
     1324704       -844          2   228.78
     1457075       -844          2   251.66
     1602670       -844          2   276.83
     1761975       -844          2   304.52
     1937454       -844          2   334.98
     2130988       -844          2   368.48
     2344124       -844          2   405.33
     2577673       -844          2   445.87
     2836070       -844          2   490.46
     3119857       -844          2   539.51
     3431689       -844          2   593.47
     3774778       -844          2   652.82
     4152106       -844          2   718.11
     4567027       -844          2   789.93
     5022202       -844          3   868.93
     5524939       -844          3   955.83
     5780256       -844          4  1000.00
