N=8
Mode: 0
Seed: 8
Search strategy: 0
Target time to run: 1000s
Initialising random weight matrix with 439 working nodes
439 working nodes out of 512
States are 0,1
Weight-choosing mode: 5
           1       -714          1     0.00
           3       -734          1     0.00
           9       -738          1     0.00
          25       -748          1     0.01
         214       -750          1     0.04
        1172       -752          1     0.21
        2064       -754          1     0.37
        2477       -756          1     0.44
        5081       -758          1     0.90
       33387       -758          3     5.90
       61707       -758          4    10.90
       89862       -758          7    15.90
      118043       -758          8    20.90
      139087       -764          1    24.62
      167349       -764          1    29.62
      195575       -764          1    34.63
      223699       -764          1    39.63
      251891       -764          1    44.63
      280243       -764          1    49.63
      308591       -764          1    54.63
      339568       -764          1    60.10
      373594       -764          1    66.12
      410857       -764          1    72.74
      451843       -764          1    80.02
      496844       -764          1    88.03
      546651       -764          1    96.84
      601336       -764          1   106.53
      661620       -764          1   117.19
      727908       -764          1   128.91
      800975       -764          1   141.81
      881458       -764          1   156.00
      969918       -764          1   171.61
     1067364       -764          1   188.78
     1174436       -764          1   207.66
     1292256       -764          1   228.43
     1421360       -764          1   251.28
     1562985       -764          1   276.41
     1719649       -764          1   304.06
     1891823       -764          1   334.47
     2080974       -764          1   367.92
     2288714       -764          1   404.72
     2517647       -764          1   445.20
     2769173       -764          1   489.72
     3045489       -764          1   538.70
     3349522       -764          1   592.57
     3685061       -764          3   651.83
     4053937       -764          3   717.02
     4459103       -764          3   788.73
     4905303       -764          3   867.61
     5396370       -764          3   954.38
     5654691       -764          3  1000.00
