N=8
Mode: 0
Seed: 80
Search strategy: 0
Target time to run: 10000s
Initialising random weight matrix with 439 working nodes
439 working nodes out of 512
States are 0,1
Weight-choosing mode: 5
           1       -824          1     0.00
           5       -830          1     0.00
           9       -834          1     0.00
          31       -842          1     0.01
          93       -846          1     0.03
         159       -848          1     0.05
        3131       -852          1     0.66
        9673       -854          1     1.83
       37696       -854          5     6.83
       67068       -854          8    11.83
       93647       -856          1    16.36
      122123       -856          2    21.36
      151385       -856          2    26.36
      163251       -858          1    28.37
      192247       -858          1    33.38
      220751       -858          1    38.38
      249997       -858          1    43.38
      279092       -858          1    48.38
      307923       -858          1    53.38
      339241       -858          1    58.72
      373241       -858          1    64.60
      410687       -858          1    71.06
      452517       -858          1    78.17
      498436       -858          1    85.99
      512536       -860          1    88.37
      564802       -860          1    97.21
      622369       -860          1   106.94
      685286       -860          2   117.64
      742586       -860          2   129.41
      818771       -860          2   142.36
      899350       -860          2   156.60
      990478       -860          2   172.27
     1089383       -860          2   189.50
     1198025       -860          2   208.46
     1318081       -860          2   229.31
     1451659       -860          2   252.25
     1594361       -860          2   277.48
     1756025       -860          2   305.23
     1934282       -860          2   335.76
     2125188       -860          3   369.34
     2333873       -860          3   406.28
     2572296       -860          3   446.91
     2834709       -860          3   491.61
     3117443       -860          4   540.78
     3432370       -860          5   594.86
     3774950       -860          5   654.35
     4152501       -860          5   719.79
     4566543       -860          5   791.77
     5015841       -860          5   870.95
     5516087       -860          5   958.05
     6056654       -860          5  1053.86
     6657500       -860          6  1159.25
     7301959       -860          7  1275.18
     7994819       -860          8  1402.70
     8783940       -860          8  1542.98
     9662675       -860         11  1697.28
    10587279       -860         11  1867.01
    11564205       -860         11  2053.72
    12628817       -860         13  2259.10
    13890742       -860         13  2485.01
    15219025       -860         13  2733.52
    16703614       -860         13  3006.88
    18326905       -860         17  3307.57
    20155156       -860         17  3638.33
    22153619       -860         18  4002.17
    24288267       -860         22  4402.39
    26690243       -860         27  4842.63
    29405190       -860         28  5326.90
    32340385       -860         30  5859.59
    35727171       -860         32  6445.55
    39495769       -860         36  7090.11
    43664361       -860         40  7799.13
    48121226       -860         45  8579.05
    53097357       -860         49  9436.96
    56384900       -860         51 10000.00
