N=8
Mode: 0
Seed: 81
Search strategy: 0
Target time to run: 1000s
Initialising random weight matrix with 439 working nodes
439 working nodes out of 512
States are 0,1
Weight-choosing mode: 5
           1       -842          1     0.00
           9       -844          1     0.00
          47       -846          1     0.01
          50       -854          1     0.02
         161       -856          1     0.05
        5731       -858          1     1.42
       33690       -858          2     6.42
       34271       -860          1     6.52
       62239       -860          1    11.52
       90015       -860          1    16.52
      118216       -860          4    21.52
      146401       -860          5    26.52
      174551       -860          6    31.52
      202564       -860          6    36.52
      230636       -860          6    41.52
      258706       -860          6    46.52
      286772       -860          6    51.52
      315593       -860          6    56.68
      347474       -860          7    62.35
      382410       -860          8    68.59
      421141       -860          9    75.45
      463661       -860         10    83.00
      510510       -860         10    91.31
      561687       -860         13   100.45
      617990       -860         15   110.50
      680066       -860         16   121.56
      748160       -860         16   133.72
      823447       -860         17   147.10
      906428       -860         23   161.81
      997624       -860         25   178.00
     1097913       -860         25   195.80
     1207752       -860         28   215.39
     1328505       -860         31   236.93
     1461537       -860         37   260.63
     1607921       -860         42   286.70
     1768453       -860         47   315.37
     1945894       -860         52   346.91
     2141455       -860         62   381.61
     2356417       -860         66   419.78
     2592915       -860         77   461.76
     2853196       -860         84   507.94
     3139430       -860         94   558.74
     3453198       -860        109   614.62
     3797515       -860        120   676.09
     4177563       -860        133   743.70
     4595497       -860        152   818.08
     5055405       -860        171   899.89
     5560853       -860        189   989.88
     5617461       -860        192  1000.00
