N=8
Mode: 0
Seed: 82
Search strategy: 0
Target time to run: 1000s
Initialising random weight matrix with 439 working nodes
439 working nodes out of 512
States are 0,1
Weight-choosing mode: 5
           1       -756          1     0.00
           2       -768          1     0.00
          22       -772          1     0.00
          38       -774          1     0.00
          46       -776          1     0.00
         226       -778          1     0.04
         476       -780          1     0.08
         981       -786          1     0.16
       31453       -786          4     5.16
       61962       -786          5    10.16
       89774       -788          1    14.73
      120207       -788          1    19.73
      150420       -788          1    24.73
      180709       -788          1    29.73
      210989       -788          1    34.74
      241239       -788          5    39.74
      271484       -788          5    44.74
      301698       -788          5    49.74
      331956       -788          5    54.74
      365065       -788          5    60.22
      401532       -788          6    66.25
      441669       -788          6    72.88
      485808       -788          7    80.17
      534283       -788          7    88.19
      587836       -788          7    97.01
      647024       -788          8   106.72
      712129       -788         11   117.40
      783793       -788         14   129.15
      862525       -788         14   142.07
      949142       -788         15   156.28
     1043885       -788         17   171.91
     1148116       -788         19   189.11
     1263216       -788         21   208.03
     1389873       -788         22   228.84
     1529443       -788         23   251.73
     1682857       -788         25   276.91
     1851749       -788         26   304.61
     2037481       -788         27   335.08
     2241391       -788         29   368.59
     2465617       -788         30   405.45
     2712801       -788         32   446.00
     2984402       -788         36   490.60
     3282130       -788         37   539.67
     3610487       -788         38   593.64
     3971373       -788         40   653.01
     4369093       -788         48   718.32
     4806222       -788         50   790.16
     5287110       -788         55   869.18
     5810536       -788         59   956.10
     6076550       -788         60  1000.00
