N=8
Mode: 0
Seed: 83
Search strategy: 0
Target time to run: 1000s
Initialising random weight matrix with 439 working nodes
439 working nodes out of 512
States are 0,1
Weight-choosing mode: 5
           1       -780          1     0.00
           3       -802          1     0.00
           7       -804          1     0.00
         266       -806          1     0.05
        1552       -808          1     0.28
        7437       -810          1     1.34
       35269       -810          7     6.34
       63045       -810         12    11.34
       90842       -810         15    16.34
      118613       -810         19    21.34
      146350       -810         22    26.34
      174153       -810         25    31.34
      201868       -810         30    36.34
      229485       -810         33    41.34
      257194       -810         39    46.34
      284720       -810         41    51.34
      313116       -810         45    56.48
      344543       -810         49    62.13
      378878       -810         56    68.35
      416722       -810         62    75.19
      458366       -810         66    82.71
      504406       -810         81    90.99
      554987       -810         89   100.09
      610649       -810         93   110.10
      671848       -810         99   121.11
      739269       -810        110   133.23
      813368       -810        123   146.56
      894575       -810        138   161.22
      983899       -810        154   177.35
     1082383       -810        171   195.09
     1190947       -810        187   214.60
     1310218       -810        203   236.06
     1441421       -810        223   259.67
     1585692       -810        256   285.64
     1744170       -810        288   314.21
     1918445       -810        318   345.64
     2110513       -810        343   380.21
     2321695       -810        364   418.24
     2553585       -810        394   460.07
     2808746       -810        434   506.08
     3090124       -810        464   556.69
     3399569       -810        510   612.36
     3739263       -810        561   673.60
     4113802       -810        622   740.96
     4525767       -810        676   815.06
     4975670       -810        749   896.57
     5470942       -810        833   986.23
     5547072       -810        843  1000.00
