N=8
Mode: 0
Seed: 86
Search strategy: 0
Target time to run: 1000s
Initialising random weight matrix with 439 working nodes
439 working nodes out of 512
States are 0,1
Weight-choosing mode: 5
           1       -772          1     0.00
           2       -792          1     0.00
           7       -796          1     0.00
           8       -802          1     0.00
          11       -806          1     0.00
          83       -808          1     0.01
         118       -812          1     0.02
         146       -814          1     0.02
         278       -820          1     0.05
         363       -822          1     0.06
        1146       -824          1     0.20
       28461       -826          1     4.89
       57507       -826          2     9.89
       86558       -826          2    14.89
      115636       -826          2    19.89
      118390       -828          1    20.36
      147402       -828          1    25.36
      176473       -828          1    30.36
      205571       -828          1    35.36
      234489       -828          1    40.36
      263449       -828          1    45.36
      292382       -828          1    50.36
      321520       -828          2    55.40
      353826       -828          2    60.95
      389237       -828          2    67.05
      428232       -828          2    73.76
      471115       -828          2    81.14
      518255       -828          2    89.26
      570064       -828          2    98.19
      627022       -828          2   108.01
      689755       -828          3   118.82
      758387       -828          3   130.71
      833866       -828          3   143.79
      917360       -828          3   158.17
     1008999       -828          3   173.99
     1109819       -828          3   191.39
     1220913       -828          3   210.53
     1342960       -828          3   231.59
     1477249       -828          5   254.75
     1625322       -828          5   280.23
     1788131       -828          6   308.26
     1966981       -828          6   339.09
     2163241       -828          6   373.00
     2379560       -828          8   410.30
     2617527       -828         10   451.34
     2878823       -828         10   496.48
     3166435       -828         10   546.13
     3482626       -828         11   600.75
     3830995       -828         13   660.83
     4214693       -828         13   726.92
     4636141       -828         14   799.62
     5099077       -828         14   879.59
     5608783       -828         15   967.55
     5796507       -828         16  1000.00
