N=8
Mode: 0
Seed: 89
Search strategy: 0
Target time to run: 1000s
Initialising random weight matrix with 439 working nodes
439 working nodes out of 512
States are 0,1
Weight-choosing mode: 5
           1       -714          1     0.00
           2       -744          1     0.00
          29       -750          1     0.00
       14804       -752          1     2.50
       16696       -754          1     2.82
       46328       -754          1     7.82
       75958       -754          1    12.82
      105598       -754          1    17.82
      135209       -754          1    22.82
      164828       -754          1    27.82
      194505       -754          1    32.82
      224135       -754          2    37.82
      253741       -754          3    42.82
      283348       -754          3    47.82
      312828       -754          3    52.82
      344119       -754          3    58.11
      378584       -754          3    63.93
      416573       -754          3    70.33
      458161       -754          3    77.37
      503842       -754          3    85.11
      554059       -754          3    93.63
      609365       -754          3   103.00
      670312       -754          4   113.31
      737320       -754          4   124.65
      811113       -754          5   137.12
      892345       -754          6   150.84
      981418       -754          6   165.93
     1078984       -754          6   182.53
     1186645       -754          7   200.79
     1305048       -754          7   220.87
     1435238       -754          8   242.96
     1578109       -754          9   267.26
     1735198       -754         11   293.99
     1908264       -754         12   323.39
     2099432       -754         13   355.73
     2309665       -754         15   391.31
     2540485       -754         17   430.45
     2794680       -754         19   473.50
     3073640       -754         19   520.85
     3379258       -754         21   572.94
     3716572       -754         24   630.24
     4086415       -754         27   693.27
     4494421       -754         29   762.60
     4945316       -754         33   838.87
     5438678       -754         38   922.76
     5891850       -754         42  1000.00
