N=8
Mode: 0
Seed: 90
Search strategy: 0
Target time to run: 1000s
Initialising random weight matrix with 439 working nodes
439 working nodes out of 512
States are 0,1
Weight-choosing mode: 5
           1       -708          1     0.00
           2       -726          1     0.00
           3       -746          1     0.00
          33       -754          1     0.00
        1222       -756          1     0.21
        2939       -758          1     0.50
        6954       -762          1     1.19
       36177       -762          1     6.19
       65497       -762          1    11.20
       94648       -762          2    16.20
      123855       -762          2    21.20
      153032       -762          2    26.20
      182268       -762          2    31.20
      211394       -762          2    36.20
      240606       -762          2    41.20
      269814       -762          3    46.20
      299061       -762          4    51.20
      328972       -762          4    56.33
      361906       -762          4    61.97
      398177       -762          4    68.17
      438018       -762          4    74.99
      481696       -762          4    82.49
      529843       -762          4    90.74
      582852       -762          4    99.82
      641059       -762          4   109.81
      704941       -762          4   120.80
      775146       -762          5   132.88
      852388       -762          5   146.17
      937646       -762          6   160.79
     1031234       -762          7   176.87
     1134508       -762          8   194.56
     1247893       -762         11   214.02
     1372632       -762         11   235.43
     1509683       -762         11   258.98
     1660265       -762         11   284.88
     1825953       -762         14   313.37
     2008537       -762         17   344.71
     2209652       -762         19   379.19
     2431141       -762         19   417.11
     2674623       -762         20   458.83
     2940385       -762         21   504.72
     3234467       -762         21   555.20
     3558303       -762         25   610.73
     3913791       -762         29   671.81
     4304874       -762         31   739.00
     4735577       -762         31   812.91
     5209284       -762         34   894.21
     5731652       -762         36   983.64
     5827189       -762         36  1000.00
