N=8
Mode: 0
Seed: 91
Search strategy: 0
Target time to run: 1000s
Initialising random weight matrix with 439 working nodes
439 working nodes out of 512
States are 0,1
Weight-choosing mode: 5
           1       -728          1     0.00
           3       -730          1     0.00
           5       -732          1     0.00
           7       -734          1     0.00
          16       -738          1     0.00
          59       -748          1     0.01
         491       -750          1     0.08
         828       -752          1     0.14
       15393       -754          1     2.68
       43849       -754          2     7.68
       72292       -754          4    12.68
      100874       -754          5    17.68
      129478       -754          6    22.68
      133707       -756          1    23.42
      162221       -756          1    28.42
      190861       -756          1    33.42
      219417       -756          1    38.42
      248023       -756          1    43.42
      276613       -756          1    48.42
      305162       -756          1    53.42
      335923       -756          1    58.77
      369688       -756          2    64.65
      406749       -756          2    71.12
      447492       -756          2    78.24
      492413       -756          3    86.07
      541649       -756          4    94.68
      595811       -756          8   104.15
      655322       -756         10   114.57
      720953       -756         11   126.03
      793670       -756         11   138.64
      873427       -756         11   152.51
      961296       -756         13   167.77
     1057786       -756         14   184.55
     1164107       -756         14   203.01
     1281141       -756         14   223.32
     1409967       -756         14   245.66
     1551396       -756         15   270.23
     1707027       -756         17   297.26
     1878145       -756         18   326.99
     2066562       -756         19   359.69
     2273568       -756         20   395.66
     2501359       -756         20   435.23
     2750539       -756         25   478.76
     3024776       -756         27   526.64
     3327355       -756         31   579.31
     3660052       -756         33   637.25
     4026467       -756         35   700.98
     4427552       -756         35   771.08
     4869285       -756         41   848.19
     5357780       -756         45   933.01
     5744281       -756         47  1000.00
