N=8
Mode: 0
Seed: 92
Search strategy: 0
Target time to run: 1000s
Initialising random weight matrix with 439 working nodes
439 working nodes out of 512
States are 0,1
Weight-choosing mode: 5
           1       -844          1     0.00
           2       -846          1     0.00
          25       -852          1     0.00
          28       -856          1     0.00
          56       -858          1     0.01
          91       -862          1     0.02
         532       -864          1     0.09
       28866       -864         12     5.09
       57211       -864         21    10.09
       85373       -866          1    15.06
      113790       -866          4    20.07
      142114       -866          4    25.07
      170422       -866          7    30.07
      198721       -866          7    35.07
      226982       -866          7    40.07
      255408       -866          7    45.07
      283857       -866          7    50.07
      312340       -866          7    55.08
      343725       -866          8    60.59
      378192       -866          9    66.65
      416060       -866         10    73.32
      457859       -866         11    80.66
      503768       -866         11    88.73
      554395       -866         13    97.61
      609906       -866         14   107.38
      670913       -866         14   118.12
      738325       -866         16   129.94
      812522       -866         16   142.94
      893530       -866         20   157.24
      983005       -866         20   172.97
     1081801       -866         21   190.27
     1190419       -866         22   209.30
     1309217       -866         25   230.24
     1439976       -866         25   253.27
     1583248       -866         28   278.60
     1740948       -866         29   306.47
     1914654       -866         30   337.12
     2105933       -866         32   370.84
     2316794       -866         35   407.93
     2548628       -866         38   448.73
     2802770       -866         42   493.61
     3082919       -866         47   542.98
     3392213       -866         52   597.28
     3731509       -866         53   657.01
     4105305       -866         59   722.72
     4515716       -866         62   795.00
     4969081       -866         70   874.51
     5466792       -866         74   961.97
     5683646       -866         78  1000.00
