N=8
Mode: 0
Seed: 93
Search strategy: 0
Target time to run: 10000s
Initialising random weight matrix with 439 working nodes
439 working nodes out of 512
States are 0,1
Weight-choosing mode: 5
           1       -742          1     0.00
           2       -744          1     0.00
           5       -758          1     0.00
           7       -760          1     0.00
          50       -764          1     0.02
          63       -766          1     0.02
         194       -768          1     0.06
        1069       -772          1     0.25
        4137       -778          1     0.79
       33058       -778          1     5.79
       61612       -778          1    10.79
       89409       -778          1    15.79
      118231       -778          1    20.79
      147146       -778          1    25.79
      176009       -778          1    30.79
      204686       -778          1    35.79
      233501       -778          1    40.79
      262210       -778          2    45.79
      291227       -778          2    50.79
      318622       -778          2    55.87
      348480       -778          2    61.46
      381905       -778          2    67.61
      418310       -778          4    74.38
      459006       -778          4    81.82
      504995       -778          4    90.01
      556282       -778          6    99.02
      611267       -778          6   108.93
      672611       -778          6   119.83
      739280       -778          6   131.82
      813697       -778          7   145.01
      893838       -778         10   159.52
      981646       -778         10   175.48
     1081706       -778         10   193.03
     1189242       -778         11   212.34
     1307805       -778         12   233.58
     1426917       -780          1   255.12
     1570951       -780          1   280.64
     1728505       -780          1   308.71
     1905116       -780          1   339.59
     2098765       -780          1   373.55
     2312903       -780          2   410.91
     2538706       -780          2   452.01
     2799064       -780          3   497.22
     3084027       -780          3   546.95
     3390801       -780          3   601.65
     3735265       -780          3   661.82
     4115747       -780          4   728.01
     4517974       -780          5   800.82
     4973311       -780          5   880.91
     5471838       -780          6   969.01
     6012617       -780          7  1065.92
     6604854       -780          7  1172.52
     7258715       -780          7  1289.78
     7985569       -780          8  1418.76
     8788624       -780          8  1560.64
     9681816       -780          8  1716.71
    10661044       -780          9  1888.39
    11730176       -780         11  2077.23
    12907964       -780         11  2284.96
    14207750       -780         14  2513.46
    15608284       -780         14  2764.81
    17170486       -780         15  3041.30
    18892869       -780         16  3345.44
    20703515       -780         17  3679.99
    22781303       -780         21  4047.99
    25038870       -780         22  4452.79
    27528244       -780         24  4898.07
    30235204       -780         25  5387.88
    33121625       -780         25  5926.67
    36376509       -780         27  6519.34
    40052438       -780         33  7171.28
    44162927       -780         35  7888.41
    48542371       -780         38  8677.26
    53314462       -780         41  9544.99
    55897962       -780         43 10000.00
