N=8
Mode: 0
Seed: 94
Search strategy: 0
Target time to run: 10000s
Initialising random weight matrix with 439 working nodes
439 working nodes out of 512
States are 0,1
Weight-choosing mode: 5
           1       -732          1     0.00
           7       -734          1     0.00
           9       -736          1     0.00
          11       -740          1     0.00
          15       -742          1     0.00
          21       -752          1     0.00
          32       -754          1     0.00
          43       -758          1     0.01
        1321       -760          1     0.23
        4353       -762          1     0.74
       33607       -762          4     5.74
       62822       -762          7    10.74
       67720       -764          1    11.57
       96942       -764          1    16.57
      126205       -764          1    21.57
      155458       -764          1    26.57
      184652       -764          2    31.57
      213889       -764          3    36.57
      243173       -764          3    41.57
      272464       -764          4    46.57
      301712       -764          4    51.57
      331825       -764          4    56.73
      365053       -764          4    62.41
      401666       -764          4    68.66
      441800       -764          5    75.53
      486034       -764          7    83.09
      534634       -764          8    91.40
      588174       -764          8   100.55
      606030       -766          1   103.59
      666560       -766          1   113.95
      733275       -766          1   125.35
      806603       -766          1   137.89
      887332       -766          1   151.68
      976155       -766          1   166.85
     1073877       -766          1   183.54
     1181275       -766          2   201.90
     1299548       -766          3   222.10
     1429561       -766          4   244.31
     1572464       -766          5   268.75
     1729709       -766          5   295.63
     1902697       -766          5   325.20
     2092991       -766          5   357.72
     2302379       -766          5   393.50
     2532586       -766          5   432.85
     2785937       -766          6   476.14
     3064564       -766          6   523.76
     3353751       -768          1   573.20
     3689147       -768          1   630.53
     4058088       -768          1   693.59
     4463923       -768          1   762.95
     4910132       -768          1   839.25
     5401043       -768          1   923.18
     5941019       -768          1  1015.50
     6535164       -768          1  1117.06
     7188364       -768          1  1228.77
     7907086       -768          1  1351.65
     8697864       -768          1  1486.82
     9567885       -768          1  1635.51
    10524686       -768          2  1799.07
    11576915       -768          2  1978.98
    12734466       -768          3  2176.88
    14006704       -768          3  2394.57
    15407829       -768          3  2634.03
    16948612       -768          3  2897.44
    18643661       -768          3  3187.19
    20508042       -768          3  3505.91
    22559211       -768          3  3856.51
    24815507       -768          3  4242.17
    27297253       -768          3  4666.39
    30026892       -768          3  5133.03
    33030326       -768          4  5646.34
    36331893       -768          4  6210.98
    39965181       -768          5  6832.08
    43961521       -768          5  7515.29
    48356823       -768          7  8266.82
    53193248       -768          8  9093.51
    58496223       -768          8 10000.00
