N=8
Mode: 0
Seed: 97
Search strategy: 0
Target time to run: 1000s
Initialising random weight matrix with 439 working nodes
439 working nodes out of 512
States are 0,1
Weight-choosing mode: 5
           1       -698          1     0.00
           2       -702          1     0.00
           4       -714          1     0.00
          15       -716          1     0.00
         228       -718          1     0.04
         287       -724          1     0.05
       19893       -726          1     3.47
       31280       -728          1     5.47
       59821       -728          1    10.47
       88431       -728          1    15.47
      116980       -728          1    20.47
      145688       -728          2    25.47
      174460       -728          3    30.47
      203190       -728          4    35.47
      231921       -728          4    40.47
      260673       -728          4    45.47
      289427       -728          6    50.47
      318422       -728          6    55.52
      350358       -728          7    61.08
      385465       -728          7    67.19
      424019       -728          8    73.91
      466711       -728          8    81.31
      513739       -728          8    89.45
      565405       -728          9    98.40
      615368       -730          1   107.05
      677113       -730          1   117.76
      745155       -730          1   129.54
      819997       -730          1   142.50
      902191       -730          1   156.75
      992225       -730          1   172.43
     1091472       -730          1   189.68
     1201034       -730          1   208.65
     1321663       -730          1   229.52
     1454376       -730          1   252.48
     1600108       -730          1   277.73
     1760224       -730          1   305.51
     1936648       -730          2   336.07
     2130696       -730          2   369.68
     2343708       -730          2   406.65
     2577238       -730          2   447.32
     2834030       -730          2   492.06
     3116338       -730          2   541.27
     3428239       -730          4   595.40
     3771993       -730          4   654.94
     4148906       -730          4   720.44
     4564593       -730          4   792.49
     5021106       -730          4   871.74
     5521941       -730          4   958.92
     5758560       -730          4  1000.00
