N=8
Mode: 0
Seed: 99
Search strategy: 0
Target time to run: 1000s
Initialising random weight matrix with 439 working nodes
439 working nodes out of 512
States are 0,1
Weight-choosing mode: 5
           1       -722          1     0.00
           2       -744          1     0.00
           5       -748          1     0.00
           8       -760          1     0.00
          15       -762          1     0.00
          55       -764          1     0.01
          69       -766          1     0.01
         148       -770          1     0.02
         855       -772          1     0.14
        1301       -778          1     0.22
       10326       -780          1     1.74
       39932       -780          2     6.74
       69550       -780          2    11.74
       99282       -780          3    16.75
      128981       -780          4    21.75
      158645       -780          4    26.75
      188348       -780          4    31.75
      217949       -780          5    36.75
      247399       -780          5    41.75
      276953       -780          6    46.75
      306679       -780          7    51.75
      337361       -780          7    56.93
      371140       -780          8    62.63
      408298       -780          9    68.90
      448962       -780          9    75.79
      493880       -780          9    83.37
      542774       -780          9    91.71
      577815       -782          1    97.70
      635383       -782          1   107.48
      698887       -782          1   118.23
      768985       -782          1   130.06
      846231       -782          2   143.07
      931178       -782          2   157.38
     1024069       -782          2   173.12
     1126286       -782          2   190.44
     1238441       -782          2   209.49
     1362269       -782          2   230.44
     1498570       -782          3   253.49
     1648575       -782          3   278.84
     1814047       -782          3   306.73
     1995455       -782          4   337.41
     2195167       -782          6   371.16
     2414158       -782          6   408.28
     2655542       -782          6   449.11
     2921453       -782          6   494.03
     3214792       -782          6   543.44
     3535535       -782          6   597.79
     3888585       -782          7   657.57
     4278016       -782          8   723.33
     4703999       -782         10   795.67
     4921382       -784          1   832.53
     5412044       -784          1   915.79
     5909328       -784          1  1000.00
