N=8
Mode: 1
Seed: 118
Search strategy: 0
Target time to run: 10s
Initialising random weight matrix with 439 working nodes
439 working nodes out of 512
States are 0,1
           1       -581          1     0.00
           2       -582          1     0.00
           5       -583          1     0.00
          10       -584          1     0.00
          38       -586          1     0.00
        6396       -587          1     1.05
       36679       -587         11     6.05
       66899       -587         20    11.05
       97288       -587         25    16.05
      127426       -587         33    21.05
      157693       -587         45    26.05
      187907       -587         55    31.05
      218201       -587         69    36.05
      248492       -587         83    41.05
      278713       -587         93    46.05
      309006       -587        101    51.05
      339792       -587        109    56.16
      373887       -587        119    61.78
      411324       -587        135    67.96
      452453       -587        149    74.76
      497925       -587        162    82.24
      547867       -587        173    90.47
      602823       -587        192    99.52
      663265       -587        211   109.48
      729712       -587        229   120.43
      802735       -587        247   132.48
      882998       -587        273   145.73
      971368       -587        299   160.31
     1068620       -587        333   176.35
     1175435       -587        371   193.99
     1292819       -587        417   213.39
     1422302       -587        449   234.73
     1564764       -587        494   258.21
     1590190       -587        500   262.40
Time to solution 0.5248s, assuming true minimum is -587
