N=8
Mode: 1
Seed: 119
Search strategy: 0
Target time to run: 10s
Initialising random weight matrix with 439 working nodes
439 working nodes out of 512
States are 0,1
           1       -621          1     0.00
           2       -622          1     0.00
          23       -623          1     0.00
         107       -625          1     0.02
       33457       -625         25     5.02
       66740       -625         40    10.02
       99959       -625         57    15.02
      133276       -625         78    20.02
      166576       -625        111    25.02
      199850       -625        130    30.02
      233012       -625        155    35.02
      266313       -625        182    40.02
      299491       -625        203    45.02
      332773       -625        228    50.02
      366002       -625        248    55.03
      402663       -625        272    60.54
      443040       -625        296    66.60
      487334       -625        331    73.26
      536182       -625        354    80.59
      589899       -625        386    88.65
      648880       -625        445    97.52
      713723       -625        490   107.28
      728019       -625        500   109.42
Time to solution 0.21884s, assuming true minimum is -625
