N=8
Mode: 1
Seed: 120
Search strategy: 0
Target time to run: 10s
Initialising random weight matrix with 439 working nodes
439 working nodes out of 512
States are 0,1
           1       -529          1     0.00
           7       -532          1     0.00
          18       -533          1     0.00
          19       -534          1     0.00
         238       -535          1     0.04
         770       -536          1     0.13
       30909       -536         23     5.13
       61003       -536         50    10.13
       91079       -536         80    15.13
      121209       -536         99    20.14
      151312       -536        110    25.14
      181370       -536        125    30.14
      211509       -536        143    35.14
      241620       -536        164    40.14
      271778       -536        178    45.14
      301845       -536        196    50.14
      332099       -536        209    55.16
      365336       -536        235    60.68
      401874       -536        257    66.75
      442123       -536        283    73.43
      486288       -536        303    80.78
      534907       -536        328    88.86
      588427       -536        362    97.75
      647149       -536        400   107.53
      711885       -536        441   118.29
      783144       -536        491   130.12
      804563       -536        500   133.67
Time to solution 0.26734s, assuming true minimum is -536
