N=8
Mode: 1
Seed: 13
Search strategy: 0
Target time to run: 10s
Initialising random weight matrix with 439 working nodes
439 working nodes out of 512
States are 0,1
           1       -614          1     0.00
           2       -621          1     0.00
         295       -622          1     0.04
        1307       -623          1     0.20
       33336       -623         31     5.20
       65462       -623         56    10.20
       97563       -623         93    15.20
      129679       -623        126    20.20
      161799       -623        151    25.20
      193848       -623        177    30.20
      225905       -623        200    35.20
      257947       -623        230    40.20
      290099       -623        251    45.20
      322194       -623        271    50.20
      354487       -623        293    55.23
      390018       -623        329    60.76
      429012       -623        359    66.84
      471996       -623        394    73.53
      519262       -623        434    80.89
      571238       -623        477    88.98
      601297       -623        500    93.64
Time to solution 0.18728s, assuming true minimum is -623
