N=8
Mode: 1
Seed: 138
Search strategy: 0
Target time to run: 10s
Initialising random weight matrix with 439 working nodes
439 working nodes out of 512
States are 0,1
           1       -580          1     0.00
           2       -583          1     0.00
           3       -586          1     0.00
           6       -588          1     0.00
          48       -589          1     0.01
         738       -590          1     0.12
       31140       -590         30     5.12
       61684       -590         49    10.13
       92036       -590         72    15.13
      122561       -590        103    20.14
      152984       -590        134    25.14
      183336       -590        152    30.14
      213762       -590        177    35.14
      244172       -590        200    40.14
      274636       -590        217    45.14
      305079       -590        241    50.14
      335589       -590        265    55.16
      369232       -590        284    60.68
      406154       -590        320    66.75
      446857       -590        351    73.43
      491615       -590        398    80.78
      540856       -590        432    88.86
      594992       -590        471    97.75
      638307       -590        500   104.85
Time to solution 0.2097s, assuming true minimum is -590
