N=8
Mode: 1
Seed: 183
Search strategy: 0
Target time to run: 10s
Initialising random weight matrix with 439 working nodes
439 working nodes out of 512
States are 0,1
           1       -555          1     0.00
          41       -556          1     0.00
         236       -557          1     0.04
       31593       -557         31     5.04
       62869       -557         57    10.04
       94203       -557         89    15.04
      125378       -557        122    20.04
      156761       -557        156    25.04
      188041       -557        190    30.04
      219325       -557        216    35.04
      250560       -557        250    40.04
      281849       -557        284    45.04
      313071       -557        306    50.04
      344552       -557        335    55.05
      379033       -557        356    60.56
      417012       -557        389    66.62
      458867       -557        422    73.29
      504802       -557        466    80.62
      553558       -557        500    88.40
Time to solution 0.1768s, assuming true minimum is -557
