N=8
Mode: 1
Seed: 218
Search strategy: 0
Target time to run: 10s
Initialising random weight matrix with 439 working nodes
439 working nodes out of 512
States are 0,1
           1       -638          1     0.00
           2       -641          1     0.00
           5       -645          1     0.00
         283       -646          1     0.04
         455       -647          1     0.08
       12052       -648          1     2.00
       41870       -648          7     7.00
       71789       -648         10    12.00
      101768       -648         14    17.00
      131682       -648         20    22.00
      161710       -648         24    27.00
      191665       -648         27    32.00
      221658       -648         35    37.00
      251613       -648         41    42.00
      281533       -648         54    47.00
      311493       -648         56    52.00
      342702       -648         58    57.20
      377014       -648         64    62.93
      414756       -648         70    69.23
      456261       -648         76    76.16
      501916       -648         81    83.78
      552068       -648         89    92.16
      607257       -648         99   101.38
      667939       -648        109   111.52
      734712       -648        118   122.68
      808220       -648        135   134.95
      889122       -648        148   148.45
      977909       -648        160   163.30
     1075628       -648        178   179.64
     1183118       -648        196   197.61
     1301539       -648        206   217.38
     1431741       -648        228   239.12
     1574918       -648        257   263.04
     1732381       -648        278   289.35
     1905725       -648        306   318.29
     2096386       -648        337   350.12
     2305866       -648        377   385.14
     2536292       -648        416   423.66
     2789971       -648        452   466.03
     3069154       -648        492   512.64
     3122116       -648        500   521.48
Time to solution 1.04296s, assuming true minimum is -648
