N=8
Mode: 1
Seed: 229
Search strategy: 0
Target time to run: 10s
Initialising random weight matrix with 439 working nodes
439 working nodes out of 512
States are 0,1
           1       -582          1     0.00
          20       -584          1     0.00
         150       -585          1     0.02
         404       -586          1     0.06
       15163       -587          1     2.48
       45655       -587          6     7.48
       76158       -587          8    12.48
      106509       -587         10    17.48
      136962       -587         14    22.48
      167458       -587         19    27.48
      198026       -587         23    32.49
      228488       -587         28    37.49
      259008       -587         39    42.49
      289464       -587         44    47.49
      319974       -587         48    52.49
      352008       -587         54    57.74
      387264       -587         62    63.52
      426065       -587         67    69.88
      468533       -587         69    76.87
      515391       -587         74    84.56
      566806       -587         85    93.02
      623616       -587         95   102.33
      686000       -587        110   112.57
      754701       -587        116   123.83
      830266       -587        131   136.22
      913445       -587        140   149.85
     1004818       -587        157   164.84
     1105320       -587        173   181.33
     1215989       -587        184   199.47
     1337558       -587        201   219.42
     1471316       -587        215   241.37
     1618605       -587        237   265.51
     1780633       -587        255   292.07
     1958677       -587        276   321.28
     2154538       -587        296   353.41
     2370199       -587        328   388.76
     2607113       -587        352   427.64
     2867911       -587        384   470.41
     3154924       -587        425   517.46
     3470456       -587        483   569.21
     3583261       -587        500   587.70
Time to solution 1.1754s, assuming true minimum is -587
