N=8
Mode: 1
Seed: 231
Search strategy: 0
Target time to run: 10s
Initialising random weight matrix with 439 working nodes
439 working nodes out of 512
States are 0,1
           1       -555          1     0.00
           3       -557          1     0.00
           5       -559          1     0.00
          28       -561          1     0.00
       11652       -562          1     1.96
       41195       -562          3     6.96
       70823       -562          4    11.96
      100386       -562          7    16.96
      129940       -562         10    21.96
      159472       -562         11    26.96
      189110       -562         12    31.96
      218635       -562         15    36.96
      248228       -562         19    41.96
      277817       -562         23    46.96
      307109       -562         25    51.96
      337906       -562         28    57.16
      371805       -562         36    62.88
      408986       -562         40    69.17
      449905       -562         43    76.09
      494949       -562         47    83.70
      544529       -562         49    92.08
      598971       -562         55   101.29
      658880       -562         57   111.42
      724880       -562         66   122.57
      797433       -562         75   134.83
      877154       -562         82   148.32
      964937       -562         87   163.16
     1061496       -562         99   179.48
     1167709       -562        108   197.43
     1284564       -562        116   217.18
     1413142       -562        129   238.90
     1554448       -562        139   262.79
     1709934       -562        147   289.07
     1881096       -562        163   317.98
     2069220       -562        181   349.78
     2276076       -562        207   384.76
     2503740       -562        225   423.24
     2754227       -562        249   465.57
     3029781       -562        283   512.13
     3332930       -562        312   563.35
     3665776       -562        350   619.69
     4032031       -562        386   681.66
     4435310       -562        419   749.83
     4877610       -562        459   824.82
     5361783       -562        500   906.69
Time to solution 1.81338s, assuming true minimum is -562
