N=8
Mode: 1
Seed: 232
Search strategy: 0
Target time to run: 10s
Initialising random weight matrix with 439 working nodes
439 working nodes out of 512
States are 0,1
           1       -549          1     0.00
           7       -550          1     0.00
          10       -552          1     0.00
          17       -553          1     0.00
          26       -554          1     0.00
         280       -555          1     0.04
       30991       -555         22     5.04
       61836       -555         41    10.04
       92631       -555         68    15.04
      123386       -555         97    20.04
      154184       -555        117    25.04
      185041       -555        139    30.04
      215817       -555        165    35.04
      246627       -555        182    40.04
      277400       -555        199    45.04
      308123       -555        220    50.04
      338927       -555        241    55.05
      372866       -555        265    60.56
      409962       -555        274    66.62
      451002       -555        300    73.29
      496081       -555        329    80.62
      545819       -555        371    88.69
      600395       -555        406    97.56
      660540       -555        448   107.32
      726662       -555        485   118.06
      742653       -555        500   120.66
Time to solution 0.24132s, assuming true minimum is -555
