N=8
Mode: 1
Seed: 243
Search strategy: 0
Target time to run: 10s
Initialising random weight matrix with 439 working nodes
439 working nodes out of 512
States are 0,1
           1       -570          1     0.00
           4       -572          1     0.00
           8       -573          1     0.00
          12       -574          1     0.00
          70       -576          1     0.02
         624       -577          1     0.18
       30664       -577         31     5.18
       60770       -577         67    10.18
       90885       -577        103    15.18
      120963       -577        131    20.18
      151093       -577        165    25.18
      181243       -577        202    30.18
      211325       -577        241    35.18
      241446       -577        273    40.18
      271570       -577        297    45.18
      301673       -577        340    50.18
      331881       -577        366    55.20
      365253       -577        416    60.73
      401848       -577        465    66.81
      437952       -577        500    72.80
Time to solution 0.1456s, assuming true minimum is -577
