N=8
Mode: 1
Seed: 265
Search strategy: 0
Target time to run: 10s
Initialising random weight matrix with 439 working nodes
439 working nodes out of 512
States are 0,1
           1       -543          1     0.00
           2       -548          1     0.00
           5       -551          1     0.00
         125       -552          1     0.02
         340       -553          1     0.05
        1847       -554          1     0.30
       32887       -554         16     5.30
       63969       -554         27    10.30
       95069       -554         33    15.30
      126200       -554         41    20.30
      157229       -554         55    25.30
      188236       -554         67    30.30
      219371       -554         82    35.30
      250501       -554         95    40.30
      281552       -554        105    45.30
      312682       -554        118    50.30
      343896       -554        136    55.33
      378264       -554        156    60.87
      416132       -554        167    66.96
      457785       -554        183    73.66
      503696       -554        198    81.03
      554086       -554        213    89.14
      609613       -554        234    98.06
      670715       -554        258   107.87
      737903       -554        284   118.66
      811719       -554        313   130.53
      892946       -554        348   143.59
      982350       -554        388   157.95
     1080690       -554        421   173.75
     1188848       -554        459   191.13
     1285971       -554        500   206.75
Time to solution 0.4135s, assuming true minimum is -554
