N=8
Mode: 1
Seed: 319
Search strategy: 0
Target time to run: 10s
Initialising random weight matrix with 439 working nodes
439 working nodes out of 512
States are 0,1
           1       -565          1     0.00
           6       -566          1     0.00
          28       -568          1     0.00
         287       -569          1     0.05
         445       -570          1     0.07
       30580       -570         15     5.07
       60886       -570         38    10.07
       91149       -570         57    15.07
      121417       -570         70    20.07
      151605       -570         85    25.07
      181766       -570         94    30.07
      212099       -570        112    35.07
      242412       -570        127    40.07
      272727       -570        150    45.07
      302978       -570        173    50.07
      333307       -570        191    55.08
      366652       -570        208    60.59
      403345       -570        231    66.65
      443792       -570        251    73.32
      488228       -570        270    80.66
      537124       -570        294    88.73
      590825       -570        310    97.61
      650000       -570        336   107.38
      715124       -570        371   118.12
      786738       -570        408   129.94
      865470       -570        438   142.94
      952169       -570        478   157.24
      987739       -570        500   163.10
Time to solution 0.3262s, assuming true minimum is -570
