N=8
Mode: 1
Seed: 326
Search strategy: 0
Target time to run: 10s
Initialising random weight matrix with 439 working nodes
439 working nodes out of 512
States are 0,1
           1       -557          1     0.00
           2       -560          1     0.00
           3       -561          1     0.00
           6       -562          1     0.00
           7       -566          1     0.00
           9       -567          1     0.00
         478       -568          1     0.08
        4298       -569          1     0.70
       34590       -569         15     5.70
       64974       -569         27    10.70
       95192       -569         46    15.70
      125551       -569         56    20.70
      155866       -569         66    25.70
      186070       -569         73    30.70
      216321       -569         92    35.70
      246681       -569        105    40.70
      277002       -569        120    45.70
      307265       -569        131    50.70
      338054       -569        142    55.78
      371856       -569        162    61.36
      409046       -569        185    67.50
      449967       -569        205    74.25
      495008       -569        231    81.68
      544499       -569        254    89.85
      598949       -569        281    98.84
      658859       -569        304   108.73
      724810       -569        335   119.61
      797272       -569        371   131.58
      877129       -569        410   144.74
      964935       -569        453   159.22
     1061546       -569        494   175.15
     1080011       -569        500   178.19
Time to solution 0.35638s, assuming true minimum is -569
