N=8
Mode: 1
Seed: 363
Search strategy: 0
Target time to run: 10s
Initialising random weight matrix with 439 working nodes
439 working nodes out of 512
States are 0,1
           1       -543          1     0.00
           2       -545          1     0.00
           4       -546          1     0.00
          12       -547          1     0.00
         133       -548          1     0.02
        3685       -549          1     0.60
       34005       -549          6     5.60
       64391       -549         11    10.60
       94789       -549         13    15.60
      125155       -549         22    20.60
      155555       -549         31    25.60
      185921       -549         38    30.60
      216188       -549         41    35.60
      246609       -549         51    40.60
      276952       -549         57    45.60
      307322       -549         63    50.60
      338058       -549         73    55.67
      371843       -549         79    61.24
      409191       -549         83    67.37
      450148       -549         87    74.11
      495222       -549         97    81.53
      544852       -549        101    89.69
      599269       -549        111    98.66
      659142       -549        127   108.53
      725179       -549        141   119.39
      797713       -549        153   131.33
      877544       -549        165   144.47
      965300       -549        181   158.92
     1061891       -549        193   174.82
     1168264       -549        218   192.31
     1285141       -549        237   211.55
     1413685       -549        265   232.71
     1555144       -549        296   255.99
     1710757       -549        324   281.59
     1881899       -549        358   309.75
     2070000       -549        388   340.73
     2277136       -549        421   374.81
     2504995       -549        477   412.30
     2655655       -549        500   437.10
Time to solution 0.8742s, assuming true minimum is -549
