N=8
Mode: 1
Seed: 415
Search strategy: 0
Target time to run: 10s
Initialising random weight matrix with 439 working nodes
439 working nodes out of 512
States are 0,1
           1       -538          1     0.00
           3       -542          1     0.00
          40       -544          1     0.00
         210       -545          1     0.04
         656       -546          1     0.12
       28429       -546          6     5.12
       56130       -546         13    10.13
       83872       -546         18    15.13
      111669       -546         22    20.14
      139394       -546         27    25.14
      167185       -546         34    30.14
      194913       -546         37    35.14
      222667       -546         41    40.14
      250395       -546         48    45.14
      278084       -546         55    50.14
      305927       -546         62    55.16
      336531       -546         68    60.68
      370206       -546         76    66.75
      407261       -546         83    73.43
      448010       -546         91    80.78
      492838       -546         99    88.86
      542165       -546        110    97.75
      596409       -546        119   107.53
      656122       -546        128   118.29
      719094       -546        140   130.12
      791154       -546        154   143.14
      870446       -546        164   157.46
      957530       -546        174   173.21
     1053484       -546        184   190.54
     1158972       -546        198   209.60
     1275145       -546        219   230.56
     1402769       -546        240   253.62
     1543499       -546        263   278.99
     1697884       -546        294   306.89
     1867970       -546        326   337.58
     2055196       -546        369   371.34
     2261169       -546        406   408.48
     2487546       -546        446   449.33
     2736537       -546        493   494.27
     2791807       -546        500   504.23
Time to solution 1.00846s, assuming true minimum is -546
