N=8
Mode: 1
Seed: 421
Search strategy: 0
Target time to run: 10s
Initialising random weight matrix with 439 working nodes
439 working nodes out of 512
States are 0,1
           1       -608          1     0.00
           2       -614          1     0.00
          66       -615          1     0.01
        3777       -616          1     0.58
       36147       -616         38     5.58
       68602       -616         71    10.58
      100989       -616        109    15.58
      133358       -616        136    20.58
      165770       -616        153    25.58
      198239       -616        179    30.58
      230638       -616        210    35.58
      263066       -616        244    40.58
      295428       -616        280    45.58
      327692       -616        303    50.58
      360543       -616        333    55.64
      396647       -616        362    61.21
      436273       -616        403    67.34
      479990       -616        443    74.08
      528003       -616        482    81.49
      546833       -616        500    84.39
Time to solution 0.16878s, assuming true minimum is -616
