N=8
Mode: 1
Seed: 456
Search strategy: 0
Target time to run: 10s
Initialising random weight matrix with 439 working nodes
439 working nodes out of 512
States are 0,1
           1       -598          1     0.00
           4       -602          1     0.00
          56       -605          1     0.01
       31295       -605          7     5.01
       62572       -605         17    10.01
       93787       -605         31    15.01
      125044       -605         39    20.01
      156367       -605         45    25.01
      187585       -605         52    30.01
      218970       -605         60    35.02
      250244       -605         70    40.02
      281489       -605         78    45.02
      312757       -605         92    50.02
      344064       -605        101    55.03
      378552       -605        112    60.54
      416429       -605        124    66.60
      458141       -605        136    73.26
      504063       -605        151    80.59
      554403       -605        164    88.65
      609799       -605        177    97.52
      670904       -605        196   107.28
      738030       -605        217   118.01
      811770       -605        245   129.82
      892849       -605        268   142.81
      982168       -605        287   157.10
     1080045       -605        307   172.81
     1187898       -605        336   190.10
     1303985       -605        370   209.11
     1434778       -605        413   230.03
     1578432       -605        447   253.04
     1736696       -605        477   278.35
     1797890       -605        500   288.12
Time to solution 0.57624s, assuming true minimum is -605
