N=8
Mode: 1
Seed: 465
Search strategy: 0
Target time to run: 10s
Initialising random weight matrix with 439 working nodes
439 working nodes out of 512
States are 0,1
           1       -551          1     0.00
           2       -556          1     0.00
           3       -557          1     0.00
          10       -558          1     0.00
          11       -560          1     0.00
          44       -561          1     0.00
         100       -562          1     0.02
         333       -563          1     0.05
       30942       -563         52     5.05
       61468       -563         89    10.05
       92064       -563        120    15.05
      122659       -563        159    20.05
      153187       -563        210    25.05
      183776       -563        256    30.05
      214333       -563        298    35.05
      244900       -563        334    40.05
      275451       -563        376    45.05
      305953       -563        411    50.05
      336603       -563        452    55.06
      370252       -563        498    60.57
      370736       -563        500    60.64
Time to solution 0.12128s, assuming true minimum is -563
