N=8
Mode: 1
Seed: 473
Search strategy: 0
Target time to run: 10s
Initialising random weight matrix with 439 working nodes
439 working nodes out of 512
States are 0,1
           1       -594          1     0.00
           2       -596          1     0.00
           5       -601          1     0.00
         103       -602          1     0.02
        6366       -603          1     1.01
       37874       -603         23     6.01
       69423       -603         42    11.01
      100880       -603         66    16.01
      132312       -603         96    21.01
      163725       -603        115    26.01
      195251       -603        139    31.01
      226883       -603        154    36.02
      258377       -603        166    41.02
      289901       -603        185    46.02
      321449       -603        204    51.02
      353662       -603        227    56.13
      389143       -603        254    61.75
      428091       -603        283    67.93
      471008       -603        308    74.73
      518212       -603        343    82.21
      569999       -603        380    90.44
      627041       -603        420    99.49
      689797       -603        457   109.44
      747419       -603        500   118.57
Time to solution 0.23714s, assuming true minimum is -603
