N=8
Mode: 1
Seed: 481
Search strategy: 0
Target time to run: 10s
Initialising random weight matrix with 439 working nodes
439 working nodes out of 512
States are 0,1
           1       -573          1     0.00
           5       -574          1     0.00
          27       -575          1     0.00
         160       -576          1     0.02
         290       -577          1     0.05
       14238       -578          1     2.36
       44522       -578          4     7.36
       74667       -578          7    12.36
      104897       -578          8    17.36
      135142       -578          9    22.36
      165356       -578         14    27.36
      195588       -578         15    32.36
      225853       -578         15    37.36
      256104       -578         15    42.36
      286283       -578         16    47.36
      316449       -578         18    52.36
      348132       -578         18    57.60
      383045       -578         20    63.37
      421310       -578         21    69.71
      463574       -578         24    76.69
      509908       -578         27    84.36
      560991       -578         30    92.80
      616916       -578         32   102.08
      678584       -578         35   112.29
      743682       -578         39   123.52
      818357       -578         44   135.88
      900470       -578         49   149.47
      990720       -578         58   164.42
     1090088       -578         66   180.87
     1199407       -578         72   198.96
     1319695       -578         76   218.86
     1451902       -578         86   240.75
     1597446       -578         93   264.83
     1757467       -578        103   291.32
     1933521       -578        112   320.46
     2127015       -578        125   352.51
     2340096       -578        133   387.77
     2574192       -578        151   426.55
     2831984       -578        160   469.21
     3115323       -578        172   516.14
     3427354       -578        192   567.76
     3770292       -578        208   624.54
     4147440       -578        240   687.00
     4562504       -578        266   755.70
     5018836       -578        290   831.28
     5521170       -578        326   914.41
     6073583       -578        365  1005.86
     6681166       -578        397  1106.45
     7349616       -578        437  1217.10
     8084739       -578        478  1338.81
     8693506       -578        500  1439.58
Time to solution 2.87916s, assuming true minimum is -578
