N=8
Mode: 1
Seed: 50
Search strategy: 0
Target time to run: 10s
Initialising random weight matrix with 439 working nodes
439 working nodes out of 512
States are 0,1
           1       -542          1     0.00
           2       -543          1     0.00
           3       -544          1     0.00
           4       -545          1     0.00
           8       -547          1     0.00
          50       -548          1     0.01
        1938       -549          1     0.32
       32274       -549         29     5.32
       62535       -549         63    10.32
       92835       -549         92    15.32
      123137       -549        137    20.32
      153417       -549        188    25.32
      183788       -549        229    30.32
      214014       -549        260    35.32
      244318       -549        288    40.32
      274551       -549        321    45.32
      304804       -549        362    50.32
      335406       -549        408    55.36
      368982       -549        446    60.90
      405885       -549        492    67.00
      414258       -549        500    68.38
Time to solution 0.13676s, assuming true minimum is -549
