N=8
Mode: 1
Seed: 510
Search strategy: 0
Target time to run: 10s
Initialising random weight matrix with 439 working nodes
439 working nodes out of 512
States are 0,1
           1       -563          1     0.00
           2       -568          1     0.00
          10       -569          1     0.00
          25       -570          1     0.00
         187       -571          1     0.03
        1223       -572          1     0.19
       32756       -572         17     5.19
       64311       -572         43    10.20
       95799       -572         65    15.20
      127379       -572         80    20.20
      158901       -572         94    25.20
      190437       -572        117    30.20
      221850       -572        138    35.20
      253331       -572        153    40.20
      284884       -572        171    45.20
      316368       -572        197    50.20
      347984       -572        216    55.23
      382818       -572        231    60.76
      421159       -572        260    66.84
      463280       -572        289    73.53
      509654       -572        305    80.89
      560570       -572        321    88.98
      616675       -572        355    97.88
      678389       -572        388   107.67
      746323       -572        437   118.44
      820914       -572        492   130.29
      838119       -572        500   133.02
Time to solution 0.26604s, assuming true minimum is -572
