N=8
Mode: 1
Seed: 515
Search strategy: 0
Target time to run: 10s
Initialising random weight matrix with 439 working nodes
439 working nodes out of 512
States are 0,1
           1       -571          1     0.00
           5       -573          1     0.00
          11       -574          1     0.00
          16       -576          1     0.00
        2518       -577          1     0.42
       32573       -577         17     5.42
       62795       -577         29    10.42
       92989       -577         41    15.42
      123110       -577         56    20.42
      153285       -577         69    25.42
      183457       -577         82    30.42
      213589       -577         97    35.42
      243779       -577        116    40.42
      273972       -577        131    45.42
      304154       -577        147    50.42
      334640       -577        166    55.47
      368141       -577        183    61.02
      404956       -577        197    67.13
      445609       -577        216    73.85
      490237       -577        233    81.24
      539315       -577        258    89.37
      593267       -577        279    98.31
      652576       -577        300   108.15
      717639       -577        331   118.97
      789448       -577        364   130.87
      868534       -577        414   143.96
      955316       -577        449   158.36
     1050879       -577        485   174.20
     1087416       -577        500   180.25
Time to solution 0.3605s, assuming true minimum is -577
