N=8
Mode: 1
Seed: 525
Search strategy: 0
Target time to run: 10s
Initialising random weight matrix with 439 working nodes
439 working nodes out of 512
States are 0,1
           1       -601          1     0.00
           2       -604          1     0.00
          40       -605          1     0.00
          58       -606          1     0.01
         210       -607          1     0.03
        2936       -608          1     0.47
       34099       -608          9     5.47
       65290       -608         15    10.47
       96496       -608         25    15.47
      127711       -608         32    20.47
      158903       -608         37    25.47
      190034       -608         52    30.47
      221165       -608         62    35.47
      252389       -608         67    40.47
      283573       -608         75    45.47
      314775       -608         78    50.47
      346221       -608         86    55.52
      380904       -608         93    61.08
      418874       -608        102    67.19
      460745       -608        116    73.91
      506923       -608        129    81.31
      557477       -608        143    89.45
      613211       -608        161    98.40
      674644       -608        165   108.25
      742204       -608        182   119.08
      816444       -608        194   130.99
      898138       -608        213   144.09
      988065       -608        236   158.50
     1086983       -608        262   174.36
     1195575       -608        282   191.80
     1315319       -608        315   210.99
     1446318       -608        336   232.09
     1590984       -608        369   255.30
     1750325       -608        401   280.84
     1925450       -608        438   308.93
     2118319       -608        484   339.83
     2184407       -608        500   350.41
Time to solution 0.70082s, assuming true minimum is -608
