N=8
Mode: 1
Seed: 53
Search strategy: 0
Target time to run: 10s
Initialising random weight matrix with 439 working nodes
439 working nodes out of 512
States are 0,1
           1       -502          1     0.00
           3       -504          1     0.00
           4       -505          1     0.00
          21       -506          1     0.00
         127       -507          1     0.02
         195       -508          1     0.02
         923       -509          1     0.14
        2784       -510          1     0.44
       33805       -510          4     5.44
       64928       -510         10    10.45
       95982       -510         18    15.45
      127034       -510         22    20.45
      158138       -510         26    25.45
      189204       -510         32    30.45
      220228       -510         37    35.45
      251335       -510         38    40.45
      282306       -510         47    45.45
      313347       -510         53    50.45
      344716       -510         56    55.50
      379248       -510         59    61.06
      417208       -510         65    67.17
      458960       -510         74    73.89
      504871       -510         79    81.28
      555426       -510         93    89.41
      610980       -510        104    98.36
      672111       -510        115   108.20
      739320       -510        121   119.03
      813320       -510        136   130.94
      894729       -510        151   144.04
      984260       -510        171   158.45
     1082706       -510        189   174.30
     1191027       -510        210   191.74
     1310098       -510        239   210.92
     1441204       -510        264   232.02
     1585345       -510        300   255.23
     1743894       -510        333   280.76
     1918172       -510        362   308.84
     2109940       -510        388   339.73
     2320973       -510        426   373.71
     2552748       -510        462   411.09
     2738493       -510        500   441.03
Time to solution 0.88206s, assuming true minimum is -510
