N=8
Mode: 1
Seed: 535
Search strategy: 0
Target time to run: 10s
Initialising random weight matrix with 439 working nodes
439 working nodes out of 512
States are 0,1
           1       -574          1     0.00
           2       -581          1     0.00
           5       -583          1     0.00
          25       -584          1     0.01
         173       -585          1     0.05
        1994       -586          1     0.41
       32649       -586         25     5.41
       63442       -586         51    10.41
       94084       -586         79    15.41
      124683       -586         93    20.41
      155466       -586        110    25.41
      186209       -586        129    30.41
      216812       -586        148    35.41
      247383       -586        170    40.41
      277934       -586        190    45.41
      308642       -586        207    50.41
      339585       -586        225    55.46
      373564       -586        241    61.01
      411081       -586        270    67.12
      452427       -586        306    73.84
      497825       -586        334    81.23
      547759       -586        361    89.36
      602605       -586        393    98.30
      662984       -586        435   108.14
      729362       -586        477   118.96
      760793       -586        500   124.08
Time to solution 0.24816s, assuming true minimum is -586
