N=8
Mode: 1
Seed: 588
Search strategy: 0
Target time to run: 10s
Initialising random weight matrix with 439 working nodes
439 working nodes out of 512
States are 0,1
           1       -621          1     0.00
           3       -622          1     0.00
           6       -623          1     0.00
           7       -626          1     0.00
         124       -627          1     0.01
        1605       -628          1     0.24
       33542       -628         23     5.24
       65546       -628         47    10.24
       97648       -628         78    15.24
      129753       -628        114    20.25
      161722       -628        140    25.25
      193826       -628        165    30.25
      225873       -628        187    35.25
      257820       -628        230    40.25
      289833       -628        248    45.25
      321801       -628        281    50.25
      354023       -628        317    55.28
      389558       -628        348    60.81
      428634       -628        380    66.90
      471504       -628        419    73.60
      518730       -628        462    80.96
      570534       -628        497    89.06
      574260       -628        500    89.64
Time to solution 0.17928s, assuming true minimum is -628
