N=8
Mode: 1
Seed: 596
Search strategy: 0
Target time to run: 10s
Initialising random weight matrix with 439 working nodes
439 working nodes out of 512
States are 0,1
           1       -544          1     0.00
           8       -547          1     0.00
          30       -549          1     0.00
        1367       -550          1     0.23
       30670       -550         36     5.23
       59928       -550         76    10.23
       89337       -550        124    15.23
      118615       -550        160    20.23
      147767       -550        184    25.23
      177035       -550        213    30.23
      206435       -550        249    35.24
      235740       -550        274    40.24
      264999       -550        303    45.24
      294298       -550        329    50.24
      323832       -550        366    55.27
      356191       -550        405    60.80
      391787       -550        431    66.88
      430842       -550        484    73.57
      441365       -550        500    75.36
Time to solution 0.15072s, assuming true minimum is -550
