N=8
Mode: 1
Seed: 628
Search strategy: 0
Target time to run: 10s
Initialising random weight matrix with 439 working nodes
439 working nodes out of 512
States are 0,1
           1       -523          1     0.00
           2       -524          1     0.00
          11       -525          1     0.00
          14       -526          1     0.00
          64       -527          1     0.01
          97       -528          1     0.02
        3876       -529          1     0.64
       34031       -529          9     5.64
       64249       -529         16    10.64
       94417       -529         24    15.64
      124673       -529         30    20.64
      154865       -529         37    25.64
      185100       -529         45    30.64
      215346       -529         53    35.64
      245668       -529         61    40.64
      275857       -529         68    45.64
      306157       -529         76    50.64
      336784       -529         79    55.71
      370536       -529         85    61.29
      407599       -529         93    67.42
      448440       -529         98    74.17
      493312       -529        103    81.59
      542573       -529        111    89.75
      596770       -529        130    98.73
      656545       -529        139   108.61
      722214       -529        148   119.48
      794443       -529        162   131.43
      873633       -529        179   144.58
      961055       -529        200   159.04
     1057176       -529        218   174.95
     1162947       -529        241   192.45
     1279327       -529        273   211.70
     1407381       -529        291   232.87
     1548180       -529        313   256.16
     1703134       -529        343   281.78
     1873562       -529        373   309.96
     2061059       -529        406   340.96
     2267179       -529        447   375.06
     2493944       -529        493   412.57
     2527268       -529        500   418.07
Time to solution 0.83614s, assuming true minimum is -529
