N=8
Mode: 1
Seed: 633
Search strategy: 0
Target time to run: 10s
Initialising random weight matrix with 439 working nodes
439 working nodes out of 512
States are 0,1
           1       -536          1     0.00
           3       -537          1     0.00
           5       -538          1     0.00
          30       -539          1     0.00
         211       -540          1     0.03
        5076       -541          1     0.86
       34083       -541         22     5.86
       63071       -541         42    10.86
       92151       -541         55    15.86
      121203       -541         73    20.86
      150265       -541         91    25.86
      179326       -541        104    30.86
      208386       -541        119    35.86
      237382       -541        137    40.86
      266365       -541        149    45.86
      295507       -541        162    50.86
      325057       -541        185    55.95
      357616       -541        200    61.55
      393412       -541        218    67.71
      432812       -541        239    74.49
      476081       -541        258    81.94
      523821       -541        283    90.14
      576244       -541        315    99.16
      633940       -541        349   109.08
      697361       -541        387   119.99
      767074       -541        435   131.99
      843859       -541        478   145.19
      902890       -541        500   155.34
Time to solution 0.31068s, assuming true minimum is -541
