N=8
Mode: 1
Seed: 662
Search strategy: 0
Target time to run: 10s
Initialising random weight matrix with 439 working nodes
439 working nodes out of 512
States are 0,1
           1       -590          1     0.00
         184       -591          1     0.03
       29692       -591         17     5.03
       59203       -591         38    10.04
       88683       -591         63    15.04
      118184       -591         88    20.04
      147564       -591        110    25.04
      177025       -591        136    30.04
      206545       -591        148    35.04
      235978       -591        178    40.04
      265440       -591        193    45.04
      294970       -591        217    50.04
      324519       -591        245    55.05
      357079       -591        267    60.56
      392783       -591        294    66.62
      432081       -591        324    73.29
      475347       -591        354    80.62
      522885       -591        391    88.69
      575238       -591        426    97.56
      632798       -591        457   107.32
      683924       -591        500   115.97
Time to solution 0.23194s, assuming true minimum is -591
