N=8
Mode: 1
Seed: 669
Search strategy: 0
Target time to run: 10s
Initialising random weight matrix with 439 working nodes
439 working nodes out of 512
States are 0,1
           1       -555          1     0.00
           2       -556          1     0.00
           3       -559          1     0.00
           4       -561          1     0.00
           9       -562          1     0.00
          99       -563          1     0.02
         764       -564          1     0.12
       30838       -564         21     5.12
       61017       -564         41    10.13
       91189       -564         62    15.13
      121344       -564         78    20.14
      151290       -564         98    25.14
      181479       -564        118    30.14
      211619       -564        139    35.14
      241746       -564        158    40.14
      271943       -564        176    45.14
      302026       -564        198    50.14
      332215       -564        219    55.16
      365494       -564        234    60.68
      402114       -564        267    66.75
      442339       -564        290    73.43
      486645       -564        316    80.78
      535396       -564        351    88.86
      589012       -564        377    97.75
      647878       -564        410   107.53
      712762       -564        438   118.29
      784105       -564        486   130.12
      807213       -564        500   133.95
Time to solution 0.2679s, assuming true minimum is -564
