N=8
Mode: 1
Seed: 717
Search strategy: 0
Target time to run: 10s
Initialising random weight matrix with 439 working nodes
439 working nodes out of 512
States are 0,1
           1       -531          1     0.00
           2       -538          1     0.00
          14       -540          1     0.00
         262       -541          1     0.04
       30532       -541         11     5.04
       60784       -541         23    10.04
       91093       -541         35    15.04
      121426       -541         48    20.04
      151746       -541         66    25.04
      182063       -541         77    30.04
      212344       -541         87    35.04
      242681       -541        101    40.04
      272951       -541        113    45.04
      303215       -541        125    50.04
      333545       -541        139    55.05
      366905       -541        154    60.56
      403639       -541        170    66.62
      444053       -541        186    73.29
      488530       -541        207    80.62
      537461       -541        234    88.69
      591145       -541        259    97.56
      650299       -541        283   107.32
      715462       -541        312   118.06
      787112       -541        340   129.87
      865932       -541        376   142.86
      952530       -541        408   157.15
     1047836       -541        435   172.87
     1152617       -541        471   190.16
     1225076       -541        500   202.11
Time to solution 0.40422s, assuming true minimum is -541
