N=8
Mode: 1
Seed: 738
Search strategy: 0
Target time to run: 10s
Initialising random weight matrix with 439 working nodes
439 working nodes out of 512
States are 0,1
           1       -605          1     0.00
           2       -608          1     0.00
          18       -609          1     0.00
          46       -610          1     0.00
        3316       -611          1     0.54
       33935       -611         30     5.54
       64506       -611         68    10.54
       95024       -611         98    15.54
      125601       -611        139    20.54
      156187       -611        162    25.54
      186711       -611        191    30.54
      217280       -611        221    35.54
      247813       -611        243    40.54
      278363       -611        275    45.54
      308911       -611        303    50.54
      339899       -611        333    55.60
      373931       -611        368    61.17
      411298       -611        412    67.29
      452430       -611        443    74.02
      497742       -611        498    81.43
      498707       -611        500    81.58
Time to solution 0.16316s, assuming true minimum is -611
