N=8
Mode: 1
Seed: 772
Search strategy: 0
Target time to run: 10s
Initialising random weight matrix with 439 working nodes
439 working nodes out of 512
States are 0,1
           1       -511          1     0.00
           6       -514          1     0.00
          46       -515          1     0.00
         437       -516          1     0.07
         907       -517          1     0.15
        1297       -518          1     0.21
       31766       -518          6     5.21
       62327       -518         15    10.21
       92745       -518         22    15.21
      123217       -518         32    20.21
      153721       -518         41    25.21
      184226       -518         47    30.21
      214640       -518         55    35.21
      245215       -518         62    40.21
      275686       -518         66    45.21
      306155       -518         74    50.21
      336703       -518         81    55.24
      370421       -518         95    60.77
      407464       -518        101    66.85
      448253       -518        113    73.54
      493146       -518        118    80.90
      542557       -518        132    89.00
      596571       -518        137    97.90
      656203       -518        153   107.70
      721875       -518        162   118.48
      794094       -518        178   130.33
      873540       -518        189   143.37
      960926       -518        200   157.71
     1057184       -518        216   173.49
     1162855       -518        235   190.84
     1279321       -518        252   209.93
     1407329       -518        271   230.93
     1548285       -518        295   254.03
     1702940       -518        317   279.44
     1873284       -518        344   307.39
     2060556       -518        374   338.13
     2266601       -518        415   371.95
     2493330       -518        457   409.15
     2691594       -518        500   442.36
Time to solution 0.88472s, assuming true minimum is -518
