N=8
Mode: 1
Seed: 816
Search strategy: 0
Target time to run: 10s
Initialising random weight matrix with 439 working nodes
439 working nodes out of 512
States are 0,1
           1       -555          1     0.00
           2       -559          1     0.00
          34       -561          1     0.00
         104       -562          1     0.02
         111       -563          1     0.02
         512       -564          1     0.08
       30170       -564         25     5.08
       59886       -564         56    10.08
       89584       -564         82    15.08
      119302       -564        109    20.08
      149040       -564        138    25.08
      178686       -564        169    30.08
      208364       -564        201    35.08
      238060       -564        234    40.08
      267751       -564        266    45.08
      297396       -564        294    50.08
      327147       -564        330    55.09
      359787       -564        371    60.60
      395836       -564        405    66.67
      435425       -564        446    73.34
      478985       -564        492    80.68
      488077       -564        500    82.21
Time to solution 0.16442s, assuming true minimum is -564
