N=8
Mode: 1
Seed: 817
Search strategy: 0
Target time to run: 10s
Initialising random weight matrix with 439 working nodes
439 working nodes out of 512
States are 0,1
           1       -616          1     0.00
           5       -617          1     0.00
           7       -618          1     0.00
          16       -619          1     0.00
          31       -620          1     0.00
          39       -622          1     0.00
        1712       -623          1     0.26
       33624       -623         22     5.26
       65531       -623         43    10.26
       97458       -623         64    15.26
      129403       -623         87    20.26
      161337       -623        106    25.26
      193331       -623        118    30.26
      225158       -623        143    35.27
      257009       -623        159    40.27
      288954       -623        180    45.27
      320871       -623        197    50.27
      353033       -623        220    55.30
      388403       -623        241    60.83
      427335       -623        272    66.92
      470231       -623        298    73.62
      517374       -623        325    80.99
      569246       -623        355    89.09
      626328       -623        400    98.00
      689120       -623        436   107.81
      758188       -623        478   118.60
      788821       -623        500   123.38
Time to solution 0.24676s, assuming true minimum is -623
