N=8
Mode: 1
Seed: 825
Search strategy: 0
Target time to run: 10s
Initialising random weight matrix with 439 working nodes
439 working nodes out of 512
States are 0,1
           1       -609          1     0.00
           3       -613          1     0.00
           5       -614          1     0.00
          15       -615          1     0.00
          33       -616          1     0.00
          55       -617          1     0.01
          66       -618          1     0.01
         140       -619          1     0.02
        3111       -620          1     0.50
       33668       -620         20     5.50
       64271       -620         43    10.50
       94862       -620         63    15.50
      125457       -620         73    20.50
      156044       -620         93    25.50
      186583       -620        112    30.50
      217166       -620        121    35.50
      247811       -620        138    40.50
      278254       -620        159    45.50
      308794       -620        176    50.50
      339673       -620        202    55.56
      373657       -620        221    61.12
      410924       -620        244    67.24
      452067       -620        286    73.97
      497175       -620        307    81.37
      547080       -620        344    89.51
      601829       -620        370    98.47
      662041       -620        413   108.32
      728413       -620        459   119.16
      786364       -620        500   128.64
Time to solution 0.25728s, assuming true minimum is -620
