N=8
Mode: 1
Seed: 836
Search strategy: 0
Target time to run: 10s
Initialising random weight matrix with 439 working nodes
439 working nodes out of 512
States are 0,1
           1       -642          1     0.00
           2       -645          1     0.00
           5       -646          1     0.00
          51       -647          1     0.01
          83       -648          1     0.01
         879       -649          1     0.14
       31953       -649         25     5.14
       63071       -649         49    10.14
       94165       -649         71    15.14
      125284       -649         81    20.14
      156469       -649         98    25.14
      187617       -649        120    30.14
      218711       -649        143    35.14
      249830       -649        168    40.14
      281008       -649        188    45.14
      312098       -649        203    50.14
      343371       -649        233    55.16
      377737       -649        248    60.68
      415487       -649        273    66.75
      457067       -649        302    73.43
      502823       -649        332    80.78
      553167       -649        360    88.86
      608466       -649        408    97.75
      669363       -649        445   107.53
      736201       -649        477   118.29
      769278       -649        500   123.61
Time to solution 0.24722s, assuming true minimum is -649
