N=8
Mode: 1
Seed: 876
Search strategy: 0
Target time to run: 10s
Initialising random weight matrix with 439 working nodes
439 working nodes out of 512
States are 0,1
           1       -537          1     0.00
           3       -538          1     0.00
           4       -540          1     0.00
          12       -542          1     0.00
         147       -543          1     0.02
       29989       -543         20     5.02
       59931       -543         40    10.02
       89813       -543         63    15.02
      119797       -543         86    20.02
      149678       -543        108    25.02
      179589       -543        135    30.02
      209416       -543        160    35.02
      239373       -543        176    40.02
      269406       -543        194    45.02
      299367       -543        217    50.02
      329388       -543        234    55.03
      362379       -543        253    60.54
      398626       -543        271    66.60
      438552       -543        294    73.26
      482372       -543        327    80.59
      530662       -543        368    88.65
      583671       -543        416    97.52
      641875       -543        455   107.28
      699334       -543        500   116.88
Time to solution 0.23376s, assuming true minimum is -543
