N=8
Mode: 1
Seed: 913
Search strategy: 0
Target time to run: 10s
Initialising random weight matrix with 439 working nodes
439 working nodes out of 512
States are 0,1
           1       -553          1     0.00
           2       -561          1     0.00
           5       -562          1     0.00
         135       -563          1     0.02
         223       -564          1     0.03
         233       -565          1     0.04
       32383       -565         39     5.04
       64501       -565         70    10.04
       96646       -565        101    15.04
      128782       -565        145    20.04
      160952       -565        177    25.04
      193082       -565        201    30.04
      225217       -565        242    35.04
      257403       -565        269    40.04
      289482       -565        304    45.04
      321533       -565        333    50.04
      353774       -565        370    55.05
      389235       -565        407    60.56
      428177       -565        449    66.62
      471037       -565        490    73.29
      479901       -565        500    74.66
Time to solution 0.14932s, assuming true minimum is -565
