N=8
Mode: 1
Seed: 916
Search strategy: 0
Target time to run: 10s
Initialising random weight matrix with 439 working nodes
439 working nodes out of 512
States are 0,1
           1       -564          1     0.00
           2       -565          1     0.00
           8       -566          1     0.00
         138       -567          1     0.02
        3419       -568          1     0.57
       33187       -568          7     5.57
       63002       -568          8    10.57
       92711       -568         16    15.57
      122523       -568         22    20.57
      152224       -568         28    25.57
      181987       -568         38    30.57
      211591       -568         44    35.57
      241265       -568         50    40.57
      271027       -568         56    45.57
      300767       -568         62    50.57
      330812       -568         67    55.63
      363906       -568         75    61.20
      400331       -568         85    67.33
      440374       -568         93    74.07
      484388       -568        105    81.48
      532945       -568        115    89.63
      586205       -568        131    98.60
      644981       -568        150   108.47
      709579       -568        164   119.32
      780633       -568        181   131.26
      858807       -568        202   144.39
      944762       -568        225   158.83
     1039203       -568        241   174.72
     1142731       -568        266   192.20
     1257187       -568        303   211.43
     1382988       -568        327   232.58
     1521325       -568        355   255.84
     1673629       -568        387   281.43
     1837344       -568        423   309.58
     2021540       -568        464   340.54
     2184502       -568        500   367.94
Time to solution 0.73588s, assuming true minimum is -568
