N=8
Mode: 1
Seed: 93
Search strategy: 0
Target time to run: 10s
Initialising random weight matrix with 439 working nodes
439 working nodes out of 512
States are 0,1
           1       -554          1     0.00
           2       -556          1     0.00
           5       -557          1     0.00
           7       -559          1     0.00
          11       -563          1     0.00
       12952       -564          1     2.09
       43903       -564          5     7.09
       74801       -564          7    12.09
      105742       -564         11    17.09
      136652       -564         14    22.09
      167621       -564         18    27.09
      198510       -564         19    32.09
      229417       -564         19    37.09
      260375       -564         21    42.09
      291321       -564         22    47.09
      322206       -564         22    52.09
      354355       -564         27    57.30
      389771       -564         28    63.03
      428756       -564         29    69.34
      471700       -564         31    76.28
      518860       -564         34    83.91
      570769       -564         36    92.31
      627621       -564         37   101.55
      690368       -564         40   111.71
      758919       -564         42   122.89
      834868       -564         44   135.18
      918476       -564         52   148.70
     1010367       -564         57   163.57
     1111434       -564         58   179.93
     1222671       -564         60   197.93
     1344998       -564         64   217.73
     1479429       -564         71   239.51
     1627608       -564         76   263.47
     1790436       -564         85   289.82
     1969707       -564         99   318.81
     2166880       -564        111   350.70
     2383809       -564        117   385.78
     2622386       -564        129   424.36
     2884846       -564        146   466.80
     3173433       -564        157   513.48
     3490911       -564        179   564.83
     3840243       -564        193   621.32
     4224409       -564        214   683.46
     4646791       -564        234   751.81
     5111369       -564        256   827.00
     5622764       -564        281   909.70
     6184704       -564        314  1000.68
     6803256       -564        343  1100.75
     7483637       -564        368  1210.83
     8232254       -564        394  1331.92
     9055558       -564        437  1465.12
     9960982       -564        480  1611.64
    10272460       -564        500  1662.03
Time to solution 3.32406s, assuming true minimum is -564
