N=8
Mode: 1
Seed: 951
Search strategy: 0
Target time to run: 10s
Initialising random weight matrix with 439 working nodes
439 working nodes out of 512
States are 0,1
           1       -571          1     0.00
           2       -573          1     0.00
          56       -574          1     0.01
         105       -575          1     0.02
        1783       -576          1     0.28
       33182       -576         23     5.28
       64667       -576         33    10.29
       96139       -576         49    15.29
      127591       -576         69    20.29
      159010       -576         87    25.29
      190460       -576        103    30.29
      221862       -576        126    35.29
      253281       -576        145    40.29
      284717       -576        170    45.29
      316141       -576        183    50.29
      347764       -576        204    55.32
      382470       -576        223    60.86
      420721       -576        240    66.95
      462800       -576        263    73.65
      509136       -576        289    81.02
      560139       -576        304    89.13
      615922       -576        335    98.05
      677573       -576        368   107.86
      745482       -576        399   118.65
      820073       -576        434   130.52
      902098       -576        494   143.58
      916910       -576        500   145.93
Time to solution 0.29186s, assuming true minimum is -576
