N=8
Mode: 1
Seed: 984
Search strategy: 0
Target time to run: 10s
Initialising random weight matrix with 439 working nodes
439 working nodes out of 512
States are 0,1
           1       -531          1     0.00
           2       -532          1     0.00
           6       -534          1     0.00
           9       -537          1     0.00
          33       -538          1     0.00
          92       -540          1     0.01
       30333       -540         27     5.01
       60569       -540         50    10.01
       90767       -540         76    15.01
      120989       -540        111    20.01
      151116       -540        130    25.01
      181365       -540        157    30.01
      211640       -540        181    35.02
      241899       -540        211    40.02
      272177       -540        240    45.02
      302420       -540        267    50.02
      332745       -540        293    55.03
      366127       -540        327    60.54
      402734       -540        353    66.60
      443049       -540        382    73.26
      487414       -540        413    80.59
      535811       -540        458    88.65
      569815       -540        500    94.26
Time to solution 0.18852s, assuming true minimum is -540
