# Problem number  Optimum          TTS
               1     -531     0.028380
               2     -667     0.000876
               3     -608     0.019080
               4     -591     0.027200
               5     -586     0.009880
               6     -649     0.000907
               7     -597     0.046940
               8     -597     0.008880
               9     -585     0.024700
              10     -609     0.016680
              11     -623     0.012380
              12     -602     0.015280
              13     -623     0.187280
              14     -586     0.002640
              15     -575     0.003560
              16     -567    12.591600
              17     -682     0.061920
              18     -612     0.010840
              19     -651     0.401800
              20     -568     0.483980
              21     -505     0.039720
              22     -626     0.028240
              23     -558     0.100560
              24     -594     0.006900
              25     -583     0.100140
              26     -582     0.047140
              27     -591     0.015940
              28     -674     0.004120
              29     -603     0.039520
              30     -618     0.003460
              31     -613     0.001120
              32     -648     0.050620
              33     -602     0.002360
              34     -605     0.002980
              35     -638     0.012620
              36     -603     0.005060
              37     -585     0.002680
              38     -605     0.036080
              39     -611     0.006780
              40     -630     0.003980
              41     -669     0.006600
              42     -612     0.005680
              43     -632     0.019660
              44     -595     0.003300
              45     -586     0.004320
              46     -548     0.013920
              47     -659     0.001760
              48     -609     0.011680
              49     -618     0.002540
              50     -549     0.136760
              51     -606     0.004360
              52     -616     0.117220
              53     -510     0.882060
              54     -680     0.012480
              55     -617     0.000670
              56     -588     0.029600
              57     -574     0.001660
              58     -591     0.001700
              59     -583     0.015300
              60     -639     0.136880
              61     -650     0.016220
              62     -620     0.015640
              63     -637     0.080220
              64     -618     0.015520
              65     -581     0.021660
              66     -613     0.005260
              67     -603     0.001680
              68     -556     0.063900
              69     -613     0.071420
              70     -601     0.125480
              71     -572     0.001120
              72     -609     0.004320
              73     -585     0.038740
              74     -609     0.004700
              75     -607     0.003860
              76     -590     0.002360
              77     -607     0.008040
              78     -591     0.001300
              79     -644     0.012440
              80     -582     0.018020
              81     -574     0.051660
              82     -623     0.003600
              83     -589     0.003040
              84     -552     0.014600
              85     -583     0.053020
              86     -599     0.008900
              87     -581     0.002740
              88     -636     0.030940
              89     -622     0.003060
              90     -592     0.025920
              91     -584     0.008300
              92     -515     0.132480
              93     -564     3.324060
              94     -626     0.003720
              95     -569     0.022080
              96     -575     0.645880
              97     -606     0.000870
              98     -605     0.003240
              99     -570     0.163980
             100     -556     0.015920
             101     -615     0.006000
             102     -650     0.000346
             103     -604     0.003960
             104     -591     0.038520
             105     -548     0.134340
             106     -646     0.017620
             107     -630     0.003760
             108     -625     0.002180
             109     -597     0.032060
             110     -691     0.004880
             111     -566     0.039300
             112     -563     0.015560
             113     -571     0.452860
             114     -620     0.011620
             115     -613     0.007140
             116     -641     0.016900
             117     -565     0.009380
             118     -587     0.524800
             119     -625     0.218840
             120     -536     0.267340
             121     -672     0.001420
             122     -648     0.004680
             123     -596     0.017640
             124     -580     0.001520
             125     -625     0.067000
             126     -573     0.011080
             127     -626     0.005800
             128     -615     0.037200
             129     -598     0.036200
             130     -571     0.007620
             131     -647     0.004200
             132     -618     0.002220
             133     -546     0.010680
             134     -668     0.000906
             135     -629     0.006640
             136     -546     0.028300
             137     -559     0.019880
             138     -590     0.209700
             139     -601     0.001540
             140     -640     0.002300
             141     -577     0.003900
             142     -502     0.019660
             143     -614     0.018040
             144     -604     0.146180
             145     -626     0.025080
             146     -531     0.025020
             147     -599     0.000712
             148     -682     0.001480
             149     -568     0.007780
             150     -635     0.004280
             151     -540     0.189640
             152     -573     0.027860
             153     -593     0.009540
             154     -568     0.123640
             155     -574     0.001120
             156     -607     0.002840
             157     -608     0.010220
             158     -568     0.024860
             159     -598     0.000978
             160     -587     0.012560
             161     -604     0.377140
             162     -614     0.012760
             163     -591     0.755840
             164     -657     0.001520
             165     -596     0.015920
             166     -639     0.012380
             167     -623     0.011200
             168     -649     0.002460
             169     -560     0.008660
             170     -543     0.009700
             171     -574     0.009200
             172     -630     0.015480
             173     -631     0.012500
             174     -561     0.026300
             175     -576     0.003480
             176     -586     0.018420
             177     -616     0.046580
             178     -575     0.004520
             179     -610     0.110160
             180     -580     0.061080
             181     -603     0.067140
             182     -640     0.011520
             183     -557     0.176800
             184     -600     0.061300
             185     -634     0.003400
             186     -589     0.052660
             187     -600     0.014280
             188     -549     0.059380
             189     -592     0.027560
             190     -585     0.008040
             191     -634     0.004260
             192     -654     0.004240
             193     -608     0.016860
             194     -578     0.029080
             195     -555     0.026140
             196     -575     0.010540
             197     -623     0.010460
             198     -570     0.029260
             199     -577     0.030240
             200     -609     0.011780
             201     -610     0.004040
             202     -597     0.004640
             203     -639     0.003260
             204     -638     0.007020
             205     -626     0.001080
             206     -581     0.003960
             207     -595     0.003660
             208     -598     0.003200
             209     -617     0.005900
             210     -585     0.087300
             211     -630     0.003860
             212     -598     0.107400
             213     -618     0.002400
             214     -571     0.051220
             215     -588     0.061660
             216     -540     0.034380
             217     -577     0.043400
             218     -648     1.042960
             219     -558     0.003800
             220     -584     0.043020
             221     -550     0.013360
             222     -669     0.005380
             223     -616     0.032260
             224     -634     0.313220
             225     -655     0.003700
             226     -628     0.004760
             227     -649     0.006980
             228     -644     0.002420
             229     -587     1.175400
             230     -602     0.011000
             231     -562     1.813380
             232     -555     0.241320
             233     -590     0.007780
             234     -632     0.004180
             235     -614     0.004120
             236     -565     0.029860
             237     -577     0.020500
             238     -604     0.053560
             239     -600     0.061000
             240     -573     0.004880
             241     -574     0.009960
             242     -629     0.016380
             243     -577     0.145600
             244     -559     0.003100
             245     -575     0.003560
             246     -569     0.001760
             247     -647     0.002020
             248     -581     0.002920
             249     -535     0.033880
             250     -575     0.020240
             251     -572     0.044940
             252     -571     0.032620
             253     -607     0.130440
             254     -600     0.019380
             255     -606     0.003760
             256     -567     0.023240
             257     -659     0.010820
             258     -628     0.008200
             259     -620     0.082020
             260     -645     0.007700
             261     -492     0.016540
             262     -549     0.010880
             263     -587     0.033780
             264     -691     0.001180
             265     -554     0.413500
             266     -552     0.061320
             267     -662     0.003820
             268     -597     0.034260
             269     -598     0.026500
             270     -593     0.001080
             271     -644     0.031920
             272     -667     0.002240
             273     -580     0.007020
             274     -536     0.015420
             275     -584     0.016460
             276     -668     0.012240
             277     -577     0.006120
             278     -615     0.017740
             279     -585     0.044140
             280     -609     0.024940
             281     -622     0.009200
             282     -605     0.222680
             283     -575     0.004040
             284     -589     0.005280
             285     -620     0.026160
             286     -654     0.004460
             287     -564     0.016980
             288     -562     0.036960
             289     -581     0.002920
             290     -556     0.030100
             291     -586     0.008280
             292     -621     0.007760
             293     -574     0.005200
             294     -550     0.010240
             295     -581     0.041160
             296     -611     0.009040
             297     -605     0.032940
             298     -587     0.053060
             299     -596     0.015460
             300     -563     0.025120
             301     -640     0.046320
             302     -623     0.002360
             303     -589     0.008600
             304     -555     0.020020
             305     -586     0.037980
             306     -638     0.030580
             307     -632     0.000611
             308     -598     0.027120
             309     -535     0.007240
             310     -584     0.002040
             311     -536     0.065760
             312     -570     0.047540
             313     -584     0.009060
             314     -601     0.014400
             315     -649     0.002040
             316     -608     0.004320
             317     -623     0.027500
             318     -599     0.022120
             319     -570     0.326200
             320     -607     0.009740
             321     -562     0.360960
             322     -565     0.273560
             323     -557     0.077240
             324     -577     0.008700
             325     -599     0.002880
             326     -569     0.356380
             327     -634     0.020400
             328     -707     0.017940
             329     -593     0.001040
             330     -582     0.015860
             331     -641     0.002320
             332     -627     0.003640
             333     -606     0.003240
             334     -592     0.011640
             335     -605     0.012140
             336     -596     0.001840
             337     -603     0.011100
             338     -604     0.001280
             339     -625     0.013380
             340     -583     0.003480
             341     -594     0.001580
             342     -579     0.015800
             343     -590     0.036420
             344     -562     0.018400
             345     -588     0.028560
             346     -602     0.005480
             347     -579     0.007820
             348     -562     0.060980
             349     -691     0.008620
             350     -543     0.063560
             351     -633     0.131900
             352     -563     0.035740
             353     -599     0.009740
             354     -532     0.110540
             355     -584     0.014000
             356     -584     0.028260
             357     -558     0.014720
             358     -562     0.010980
             359     -571     0.072520
             360     -553     0.434020
             361     -652     0.023040
             362     -586     0.077300
             363     -549     0.874200
             364     -611     0.001700
             365     -608     0.053500
             366     -550     0.050500
             367     -597     0.006080
             368     -602     0.060420
             369     -570     0.003040
             370     -589     0.070540
             371     -554     0.060980
             372     -696     0.003520
             373     -597     0.004240
             374     -591     0.015900
             375     -617     0.065760
             376     -514     0.025920
             377     -549     0.016900
             378     -603     0.104040
             379     -623     0.077340
             380     -626     0.015800
             381     -565     0.001380
             382     -604     0.002280
             383     -543     0.001580
             384     -583     0.121560
             385     -584     0.067660
             386     -597     0.003600
             387     -614     0.009900
             388     -559     0.051360
             389     -608     0.108080
             390     -660     0.031440
             391     -546     0.013020
             392     -593     0.002400
             393     -613     0.002340
             394     -571     0.009940
             395     -651     0.005600
             396     -622     0.006600
             397     -561     0.003020
             398     -619     0.004100
             399     -592     0.039740
             400     -566     0.032480
             401     -599     0.041340
             402     -588     0.015540
             403     -630     0.010440
             404     -615     0.056780
             405     -603     0.047820
             406     -637     0.004100
             407     -628     0.011240
             408     -614     0.004720
             409     -622     0.036320
             410     -598     1.297440
             411     -640     0.031580
             412     -616     0.003500
             413     -569     0.006680
             414     -590     0.658000
             415     -546     1.008460
             416     -590     0.002640
             417     -560     0.052120
             418     -593     0.006620
             419     -604     0.015260
             420     -584     0.021840
             421     -616     0.168780
             422     -601     0.009680
             423     -603     0.002400
             424     -603     0.106040
             425     -558     0.022880
             426     -561     0.008980
             427     -607     0.002200
             428     -627     0.004560
             429     -549     0.009860
             430     -565     0.001520
             431     -546     0.002800
             432     -610     0.111800
             433     -625     0.000570
             434     -679     0.024300
             435     -599     0.017480
             436     -595     0.018960
             437     -595     0.007460
             438     -584     0.014020
             439     -593     0.003760
             440     -572     0.089180
             441     -574     0.003920
             442     -585     0.132260
             443     -588     0.040640
             444     -599     0.023760
             445     -601     0.008540
             446     -589     0.007220
             447     -609     0.002060
             448     -653     0.009160
             449     -563     0.005940
             450     -626     0.004220
             451     -622     0.035160
             452     -625     0.010480
             453     -569     0.001760
             454     -618     0.052360
             455     -614     0.002640
             456     -605     0.576240
             457     -614     0.006320
             458     -637     0.023540
             459     -651     0.126420
             460     -580     0.015060
             461     -652     0.002020
             462     -598     0.002940
             463     -587     0.002600
             464     -623     0.025940
             465     -563     0.121280
             466     -619     0.008200
             467     -622     0.019780
             468     -626     0.001320
             469     -573     0.100360
             470     -575     0.082200
             471     -625     0.017620
             472     -600     0.017260
             473     -603     0.237140
             474     -620     0.001960
             475     -573     0.021780
             476     -603     0.058300
             477     -576     0.002900
             478     -654     0.002800
             479     -621     0.005940
             480     -592     0.011140
             481     -578     2.879160
             482     -629     0.005700
             483     -671     0.004760
             484     -628     0.005520
             485     -533     0.105520
             486     -611     0.030660
             487     -599     0.000978
             488     -603     0.059960
             489     -586     0.019160
             490     -638     0.055960
             491     -648     0.012300
             492     -598     0.088420
             493     -597     0.020620
             494     -607     0.002760
             495     -598     0.014500
             496     -606     0.014740
             497     -593     0.006240
             498     -616     0.009660
             499     -641     0.007480
             500     -621     0.001600
             501     -601     0.009440
             502     -624     0.077520
             503     -637     0.016520
             504     -625     0.026740
             505     -525     0.005700
             506     -606     0.088740
             507     -559     0.020460
             508     -604     0.003620
             509     -606     0.007960
             510     -572     0.266040
             511     -588     0.035960
             512     -587     0.045700
             513     -672     0.015300
             514     -625     0.010160
             515     -577     0.360500
             516     -578     0.008180
             517     -633     0.062700
             518     -638     0.007560
             519     -559     0.034160
             520     -554     0.008280
             521     -610     0.004360
             522     -573     0.015520
             523     -561     0.003760
             524     -575     0.519080
             525     -608     0.700820
             526     -612     0.018120
             527     -585     0.064480
             528     -600     0.006280
             529     -555     0.023760
             530     -611     0.069100
             531     -596     0.284240
             532     -599     0.004800
             533     -582     0.008660
             534     -600     0.018280
             535     -586     0.248160
             536     -536     0.011120
             537     -555     0.004480
             538     -615     0.008700
             539     -563     0.021240
             540     -632     0.011460
             541     -604     0.023640
             542     -656     0.001280
             543     -595     0.004940
             544     -591     0.003600
             545     -605     0.021300
             546     -618     0.116620
             547     -683     0.010340
             548     -647     0.008820
             549     -557     0.016400
             550     -628     0.003680
             551     -625     0.003280
             552     -577     0.027980
             553     -619     0.001720
             554     -670     0.001460
             555     -612     0.012840
             556     -603     0.062480
             557     -565     0.066400
             558     -579     0.041100
             559     -643     0.000845
             560     -558     0.017940
             561     -582     0.004000
             562     -594     0.025640
             563     -581     0.001320
             564     -691     0.001660
             565     -560     0.001280
             566     -545     0.023140
             567     -605     0.079100
             568     -608     0.740720
             569     -635     0.009360
             570     -622     0.007480
             571     -591     0.011980
             572     -623     0.128920
             573     -600     0.062680
             574     -667     0.013540
             575     -691     0.063560
             576     -637     0.003240
             577     -589     0.007520
             578     -560     0.076080
             579     -650     0.002140
             580     -609     0.000998
             581     -551     0.003080
             582     -628     0.004240
             583     -614     0.121120
             584     -627     0.016720
             585     -611     0.021700
             586     -612     0.008760
             587     -527     0.329480
             588     -628     0.179280
             589     -662     0.033500
             590     -596     0.001820
             591     -628     0.008660
             592     -663     0.011860
             593     -588     0.053660
             594     -682     0.005400
             595     -590     0.032320
             596     -550     0.150720
             597     -651     0.008480
             598     -589     0.024760
             599     -565     0.013380
             600     -613     0.010400
             601     -610     0.000734
             602     -612     0.011980
             603     -588     0.025320
             604     -616     0.012040
             605     -569     0.049100
             606     -600     0.001000
             607     -623     0.006480
             608     -611     0.007980
             609     -575     0.377560
             610     -594     0.007300
             611     -619     0.027180
             612     -567     0.032540
             613     -648     0.000552
             614     -584     0.058660
             615     -610     0.025460
             616     -596     0.005160
             617     -614     0.035880
             618     -602     0.023940
             619     -621     0.014100
             620     -607     0.027880
             621     -617     0.011060
             622     -624     0.019000
             623     -637     0.017300
             624     -586     0.014180
             625     -608     0.019920
             626     -571     0.015080
             627     -555     0.019940
             628     -529     0.836140
             629     -575     0.166160
             630     -600     0.001920
             631     -565     0.060700
             632     -595     0.035820
             633     -541     0.310680
             634     -564     0.013620
             635     -578     0.024980
             636     -627     0.032280
             637     -593     0.012380
             638     -584     0.009860
             639     -640     0.004120
             640     -575     0.043480
             641     -619     0.005040
             642     -604     0.020740
             643     -617     0.007960
             644     -541     0.016840
             645     -622     0.191000
             646     -574     0.062760
             647     -601     0.012200
             648     -538     0.003100
             649     -665     0.046540
             650     -602     0.011280
             651     -599     0.040540
             652     -599     0.000434
             653     -654     0.003160
             654     -615     0.022600
             655     -594     0.036720
             656     -515     0.057760
             657     -582     0.004420
             658     -673     0.012740
             659     -605     0.002140
             660     -544     0.012620
             661     -596     0.128540
             662     -591     0.231940
             663     -646     0.000853
             664     -581     0.024080
             665     -613     0.002020
             666     -617     0.009560
             667     -614     0.003580
             668     -648     0.011240
             669     -564     0.267900
             670     -621     0.001200
             671     -630     0.001920
             672     -558     0.006360
             673     -590     0.005000
             674     -630     0.006980
             675     -571     0.014580
             676     -690     0.001920
             677     -526     0.021960
             678     -611     0.000504
             679     -642     0.044600
             680     -684     0.021780
             681     -587     0.105820
             682     -567     0.007460
             683     -625     0.001560
             684     -628     0.001020
             685     -607     0.004240
             686     -672     0.021820
             687     -564     0.033800
             688     -664     0.006720
             689     -573     0.021860
             690     -577     0.028320
             691     -552     0.002840
             692     -657     0.040240
             693     -624     0.030320
             694     -644     0.004520
             695     -597     0.042900
             696     -572     0.004860
             697     -592     0.008000
             698     -658     0.001520
             699     -554     0.016920
             700     -625     0.001280
             701     -605     0.007620
             702     -582     0.028300
             703     -573     0.027780
             704     -628     0.020280
             705     -581     0.021020
             706     -596     0.032200
             707     -629     0.005680
             708     -554     0.033380
             709     -563     0.025260
             710     -583     0.004280
             711     -594     0.019800
             712     -565     0.063180
             713     -610     0.047020
             714     -647     0.000483
             715     -584     0.011420
             716     -622     0.017120
             717     -541     0.404220
             718     -565     0.053680
             719     -570     0.026300
             720     -616     0.029840
             721     -590     0.050000
             722     -633     0.015540
             723     -575     0.003760
             724     -577     0.015640
             725     -558     0.028860
             726     -532     0.054860
             727     -610     0.011480
             728     -597     0.001220
             729     -601     0.020760
             730     -552     0.021260
             731     -565     0.041120
             732     -615     0.004040
             733     -656     0.003840
             734     -617     0.006080
             735     -620     0.071200
             736     -639     0.004480
             737     -650     0.032760
             738     -611     0.163160
             739     -665     0.014920
             740     -596     0.089460
             741     -637     0.022320
             742     -589     0.036600
             743     -549     0.001100
             744     -587     0.042380
             745     -596     0.003440
             746     -632     0.003040
             747     -600     0.008560
             748     -553     0.001920
             749     -641     0.005420
             750     -632     0.002880
             751     -593     0.018920
             752     -673     0.026420
             753     -577     0.002760
             754     -600     0.176420
             755     -504     0.013120
             756     -613     0.062280
             757     -633     0.058960
             758     -577     0.118200
             759     -545     0.056600
             760     -564     0.298520
             761     -557     0.301720
             762     -568     0.011040
             763     -586     0.052400
             764     -641     0.005300
             765     -618     0.004940
             766     -639     0.002720
             767     -554     0.462340
             768     -641     0.010920
             769     -574     0.140700
             770     -533     0.010300
             771     -612     0.004180
             772     -518     0.884720
             773     -592     0.034580
             774     -633     0.002700
             775     -640     0.007240
             776     -578     0.011140
             777     -684     0.009340
             778     -665     0.003180
             779     -632     0.012740
             780     -626     0.002720
             781     -597     0.003120
             782     -614     0.001520
             783     -556     0.003740
             784     -579     0.003620
             785     -644     0.006280
             786     -597     0.070240
             787     -593     0.044120
             788     -572     0.030740
             789     -594     0.002000
             790     -569     0.006300
             791     -605     0.003520
             792     -608     0.033720
             793     -615     0.007640
             794     -548     0.255980
             795     -685     0.022380
             796     -634     0.036740
             797     -606     0.109280
             798     -652     0.020700
             799     -660     0.006680
             800     -648     0.021400
             801     -600     0.286600
             802     -608     0.016340
             803     -571     0.010520
             804     -624     0.022040
             805     -601     0.000637
             806     -585     0.011180
             807     -595     0.308760
             808     -631     0.001760
             809     -585     0.041100
             810     -663     0.068400
             811     -608     0.001340
             812     -602     0.002720
             813     -607     0.002480
             814     -562     0.023920
             815     -575     0.010660
             816     -564     0.164420
             817     -623     0.246760
             818     -613     0.011440
             819     -611     0.069600
             820     -576     0.007120
             821     -579     0.005420
             822     -557     0.002040
             823     -585     0.177120
             824     -647     0.007800
             825     -620     0.257280
             826     -592     0.012320
             827     -625     0.017040
             828     -622     0.018060
             829     -555     0.001880
             830     -595     0.019460
             831     -572     0.052280
             832     -537     0.015360
             833     -562     0.007340
             834     -598     0.022780
             835     -603     0.022560
             836     -649     0.247220
             837     -663     0.000880
             838     -652     0.005300
             839     -563     0.032460
             840     -639     0.007120
             841     -588     0.013220
             842     -626     0.038180
             843     -603     0.002300
             844     -611     0.003880
             845     -606     0.004320
             846     -624     0.027740
             847     -655     0.013220
             848     -642     0.001520
             849     -660     0.007040
             850     -622     0.001980
             851     -580     0.001940
             852     -575     0.005280
             853     -605     0.006000
             854     -583     0.028140
             855     -603     0.002540
             856     -596     0.028520
             857     -607     0.052040
             858     -605     0.004520
             859     -555     0.021280
             860     -554     0.074540
             861     -573     0.022480
             862     -610     0.034620
             863     -595     0.251080
             864     -582     0.004420
             865     -596     0.049680
             866     -613     0.021240
             867     -591     0.013100
             868     -643     0.007140
             869     -605     0.112000
             870     -591     0.013200
             871     -624     0.007700
             872     -580     0.006640
             873     -637     0.001480
             874     -603     0.074660
             875     -577     0.012760
             876     -543     0.233760
             877     -576     0.004720
             878     -611     0.004080
             879     -555     0.114360
             880     -625     0.046180
             881     -575     0.005900
             882     -599     0.004420
             883     -663     0.001240
             884     -580     0.024620
             885     -612     0.259960
             886     -628     0.035700
             887     -627     0.001200
             888     -623     0.046620
             889     -582     0.003840
             890     -615     0.018160
             891     -532     0.008560
             892     -564     0.040320
             893     -625     0.037980
             894     -586     0.024240
             895     -627     0.001000
             896     -588     0.097800
             897     -536     0.013340
             898     -618     0.015340
             899     -653     0.013960
             900     -582     0.006440
             901     -596     0.006740
             902     -542     0.005780
             903     -569     0.007900
             904     -615     0.017280
             905     -600     0.101680
             906     -640     0.103960
             907     -588     0.019560
             908     -573     0.098700
             909     -624     0.010400
             910     -576     0.034000
             911     -628     0.000998
             912     -653     0.011140
             913     -565     0.149320
             914     -588     0.024060
             915     -591     0.120500
             916     -568     0.735880
             917     -614     0.080080
             918     -533     0.051440
             919     -609     0.028840
             920     -555     0.020220
             921     -590     0.089460
             922     -617     0.083680
             923     -562     0.030800
             924     -629     0.088820
             925     -609     0.002460
             926     -580     0.009360
             927     -601     0.062880
             928     -664     0.004360
             929     -625     0.051000
             930     -698     0.002560
             931     -651     0.007760
             932     -646     0.001560
             933     -614     0.002880
             934     -614     0.107220
             935     -573     0.023800
             936     -547     0.002440
             937     -578     0.041720
             938     -636     0.002160
             939     -646     0.009400
             940     -600     0.009440
             941     -608     0.002180
             942     -621     0.032160
             943     -559     0.006080
             944     -545     0.008040
             945     -599     0.006240
             946     -615     0.267560
             947     -633     0.048140
             948     -595     0.005060
             949     -666     0.000893
             950     -618     0.054520
             951     -576     0.291860
             952     -628     0.001880
             953     -594     0.003720
             954     -657     0.002860
             955     -597     0.375220
             956     -549     0.021580
             957     -588     0.018520
             958     -608     0.069400
             959     -590     0.003660
             960     -640     0.002040
             961     -627     0.000933
             962     -570     0.001080
             963     -619     0.081340
             964     -581     0.005680
             965     -630     0.004380
             966     -616     0.026540
             967     -557     0.010620
             968     -662     0.004080
             969     -551     0.005700
             970     -566     0.016640
             971     -643     0.005920
             972     -577     4.040180
             973     -595     0.003040
             974     -581     0.002760
             975     -574     0.033920
             976     -604     0.007760
             977     -587     0.003820
             978     -614     0.044380
             979     -607     0.037560
             980     -596     0.007080
             981     -691     0.001600
             982     -621     0.028820
             983     -616     0.011200
             984     -540     0.188520
             985     -607     0.017260
             986     -603     0.027540
             987     -606     0.004680
             988     -570     0.012820
             989     -566     0.018300
             990     -603     0.046800
             991     -593     0.038380
             992     -620     0.008420
             993     -609     0.001600
             994     -644     0.056940
             995     -562     0.008440
             996     -596     0.012220
             997     -582     0.001980
             998     -646     0.001820
             999     -599     0.003880
            1000     -609     0.027160
