N=8
Mode: 1
Seed: 1
Search strategy: 0
Initialising random weight matrix with 502 working nodes
502 working nodes out of 512
States are 0,1
Weight-choosing mode: 5
Min time to run: 1000s
Max time to run: 50000s
Groundtruth: -1050
           1       -974          1     0.00
           2       -982          1     0.00
           3      -1004          1     0.00
           5      -1006          1     0.00
           7      -1010          1     0.00
          10      -1016          1     0.00
          13      -1038          1     0.00
         508      -1040          1     0.11
        3969      -1042          1     0.86
       20673      -1044          1     4.53
       43520      -1044          1     9.54
       66381      -1044          2    14.54
       89129      -1044          3    19.54
      111866      -1044          3    24.54
      134705      -1044          3    29.54
      157631      -1044          4    34.54
      180337      -1044          4    39.54
      203225      -1044          5    44.54
      225894      -1044          5    49.54
      248797      -1044          6    54.54
      273802      -1044          6    60.00
      301236      -1044          6    66.00
      331551      -1044          7    72.61
      364799      -1044          8    79.88
      401444      -1044          8    87.87
      441416      -1044         10    96.66
      485455      -1044         11   106.33
      534059      -1044         11   116.97
      587599      -1044         13   128.67
      646643      -1044         14   141.54
      696262      -1046          1   152.40
      766097      -1046          1   167.65
      842822      -1046          1   184.42
      927267      -1046          1   202.87
     1020101      -1046          1   223.16
     1122391      -1046          1   245.48
     1234890      -1046          1   270.03
     1358495      -1046          2   297.04
     1494605      -1046          2   326.75
     1642859      -1046          4   359.43
     1806293      -1046          4   395.38
     1857842      -1048          1   406.72
     2041877      -1048          1   447.40
     2244600      -1048          1   492.14
     2468906      -1048          1   541.36
     2716758      -1048          1   595.50
     2989047      -1048          1   655.06
     3288264      -1048          1   720.57
     3618050      -1048          1   792.63
     3980992      -1048          1   871.90
     4380259      -1048          1   959.09
     4819280      -1048          1  1055.00
     5301011      -1048          1  1160.50
     5829576      -1048          2  1276.56
     6411923      -1048          2  1404.22
     7053437      -1048          2  1544.65
     7758628      -1048          2  1699.12
     8536460      -1048          3  1869.04
     9387977      -1048          3  2055.95
    10326743      -1048          3  2261.55
    11360329      -1048          4  2487.71
    12493897      -1048          4  2736.49
    13742601      -1048          4  3010.14
    15115153      -1048          4  3311.16
    16623822      -1048          4  3642.28
    18284035      -1048          4  4006.51
    20108013      -1048          5  4407.17
    22116143      -1048          5  4847.89
    24324792      -1048          5  5332.68
    26754391      -1048          5  5865.95
    29429747      -1048          6  6452.55
    32372167      -1048          7  7097.81
    35613360      -1048          7  7807.60
    39174174      -1048          8  8588.36
    43102373      -1048         12  9447.20
    47423625      -1048         14 10391.93
    51497953      -1050          1 11283.14
    56662378      -1050          1 12411.46
    62332983      -1050          1 13652.61
    68578470      -1050          1 15017.88
    75452817      -1050          1 16519.67
    83002821      -1050          1 18171.64
    91317201      -1050          1 19988.81
   100462316      -1050          1 21987.70
   110519083      -1050          3 24186.47
   121570418      -1050          3 26605.12
   133740456      -1050          3 29265.64
   147110776      -1050          3 32192.21
   161834931      -1050          3 35411.44
   178024049      -1050          3 38952.59
   195841626      -1050          3 42847.85
   215444286      -1050          4 47132.64
   228559377      -1050          4 50000.00
Time to solution 12500s, assuming true minimum is -1050
