N=8
Mode: 1
Seed: 1000
Search strategy: 0
Initialising random weight matrix with 502 working nodes
502 working nodes out of 512
States are 0,1
Weight-choosing mode: 5
Min time to run: 0.5s
Max time to run: 1e+10s
Solutions are independent
           1       -952          0     0.00     0.00       -nan
           2       -954          0     0.00     0.00       -nan
          13       -956          0     0.00     0.00       -nan
          41       -958          0     0.00     0.01       -nan
          43       -966          0     0.00     0.01       -nan
         288       -968          0     0.00     0.03       -nan
         713       -970          0     0.00     0.06       -nan
        3952       -972          0     0.00     0.35       -nan
       17110       -974          0     0.00     1.48       -nan
       76264       -974          6     5.00     6.48        1.2
      136129       -974         13    10.00    11.48        1.3
      194346       -974         23    15.00    16.48       1.53
      251408       -974         31    20.00    21.48       1.55
      311081       -974         36    25.00    26.48       1.44
      368836       -974         42    30.00    31.48        1.4
      426849       -974         50    35.01    36.49       1.43
      485439       -974         59    40.01    41.49       1.47
      545124       -974         67    45.01    46.49       1.49
      603998       -974         74    50.01    51.49       1.48
      664120       -974         78    55.16    56.64       1.41
      731808       -974         85    60.83    62.31        1.4
      804751       -974         98    67.07    68.55       1.46
      886725       -974        109    73.93    75.41       1.47
      977044       -974        120    81.48    82.96       1.47
     1074970       -974        136    89.78    91.26       1.51
     1181517       -974        147    98.91   100.39       1.49
     1299450       -974        159   108.95   110.43       1.46
     1430872       -974        172   120.00   121.48       1.43
     1571957       -974        183   132.15   133.63       1.38
     1731714       -974        198   145.52   147.00       1.36
     1914501       -974        213   160.23   161.71       1.33
     2118534       -974        235   176.41   177.89       1.33
     2344847       -974        261   194.20   195.68       1.34
     2590591       -974        282   213.77   215.25       1.32
     2860257       -974        305   235.30   236.78        1.3
     3159437       -974        339   258.98   260.46       1.31
     3487752       -974        378   285.03   286.51       1.33
     3847817       -974        428   313.69   315.17       1.36
     4242754       -974        472   345.21   346.69       1.37
     4487023       -974        500   364.50   365.98       1.37
Time to solution 0.729s, assuming true minimum is -974
