N=8
Mode: 1
Seed: 101
Search strategy: 0
Initialising random weight matrix with 502 working nodes
502 working nodes out of 512
States are 0,1
Weight-choosing mode: 5
Min time to run: 0.5s
Max time to run: 1e+10s
Solutions are independent
           1       -966          0     0.00     0.00       -nan
           2       -968          0     0.00     0.00       -nan
           3       -970          0     0.00     0.00       -nan
           4       -984          0     0.00     0.00       -nan
          93       -986          0     0.00     0.02       -nan
          97       -990          0     0.00     0.02       -nan
         554       -992          0     0.00     0.06       -nan
         799       -994          0     0.00     0.08       -nan
         900       -996          0     0.00     0.09       -nan
       63412       -996          1     5.00     5.09        0.2
      124783       -996          4    10.00    10.09        0.4
      184257       -996          4    15.00    15.09      0.267
      245933       -996          5    20.00    20.09       0.25
      306636       -996          6    25.00    25.09       0.24
      364296       -996          6    30.00    30.09        0.2
      424943       -996          8    35.00    35.09      0.229
      485479       -996          9    40.00    40.09      0.225
      543861       -996         10    45.00    45.09      0.222
      600818       -996         11    50.00    50.09       0.22
      661008       -996         13    55.01    55.10      0.236
      726282       -996         14    60.53    60.62      0.231
      799763       -996         15    66.60    66.69      0.225
      880348       -996         16    73.27    73.36      0.218
      966553       -996         21    80.61    80.70      0.261
     1062179       -996         24    88.69    88.78      0.271
     1169524       -996         25    97.57    97.66      0.256
     1287948       -996         28   107.34   107.43      0.261
     1417837       -996         35   118.09   118.18      0.296
     1562796       -996         37   129.91   130.00      0.285
     1718553       -996         40   142.91   143.00       0.28
     1893322       -996         45   157.21   157.30      0.286
     2080836       -996         48   172.95   173.04      0.278
     2285364       -996         53   190.26   190.35      0.279
     2511620       -996         57   209.30   209.39      0.272
     2759476       -996         62   230.24   230.33      0.269
     3040344       -996         66   253.28   253.37      0.261
     3343667       -996         72   278.62   278.71      0.258
     3676032       -996         84   306.50   306.59      0.274
     4039867       -996         93   337.16   337.25      0.276
     4443572       -996        107   370.89   370.98      0.288
     4885095       -996        119   407.99   408.08      0.292
     5370328       -996        133   448.80   448.89      0.296
     5913848       -996        151   493.69   493.78      0.306
     6510182       -996        171   543.07   543.16      0.315
     7167726       -996        188   597.39   597.48      0.315
     7887881       -996        212   657.14   657.23      0.323
     8672405       -996        232   722.87   722.96      0.321
     9546324       -996        260   795.17   795.26      0.327
    10497810       -996        287   874.70   874.79      0.328
    11544590       -996        327   962.18   962.27       0.34
    12702499       -996        356  1058.41  1058.50      0.336
    13973692       -996        385  1164.27  1164.36      0.331
    15374833       -996        417  1280.71  1280.80      0.326
    16913469       -996        447  1408.79  1408.88      0.317
    18604901       -996        493  1549.68  1549.77      0.318
    18927126       -996        500  1577.02  1577.11      0.317
Time to solution 3.15404s, assuming true minimum is -996
