N=8
Mode: 1
Seed: 102
Search strategy: 0
Initialising random weight matrix with 502 working nodes
502 working nodes out of 512
States are 0,1
Weight-choosing mode: 5
Min time to run: 0.5s
Max time to run: 1e+10s
Solutions are independent
           1       -982          0     0.00     0.00       -nan
           2       -986          0     0.00     0.00       -nan
          25       -990          0     0.00     0.01       -nan
          33       -992          0     0.00     0.01       -nan
        1072       -994          0     0.00     0.12       -nan
       18341       -996          0     0.00     1.79       -nan
       68960       -996         31     5.00     6.79        6.2
      119766       -996         61    10.00    11.79        6.1
      168987       -996         87    15.00    16.79        5.8
      219733       -996        116    20.00    21.79        5.8
      269276       -996        138    25.00    26.79       5.52
      319252       -996        167    30.00    31.79       5.57
      367782       -996        196    35.00    36.79        5.6
      416503       -996        230    40.00    41.79       5.75
      465613       -996        256    45.00    46.79       5.69
      515143       -996        284    50.00    51.79       5.68
      566842       -996        310    55.18    56.97       5.62
      621850       -996        339    60.88    62.67       5.57
      683982       -996        368    67.15    68.94       5.48
      751833       -996        406    74.05    75.84       5.48
      827088       -996        450    81.64    83.43       5.51
      902869       -996        500    89.36    91.15        5.6
Time to solution 0.17872s, assuming true minimum is -996
