N=8
Mode: 1
Seed: 106
Search strategy: 0
Initialising random weight matrix with 502 working nodes
502 working nodes out of 512
States are 0,1
Weight-choosing mode: 5
Min time to run: 0.5s
Max time to run: 1e+10s
Solutions are independent
           1       -912          0     0.00     0.00       -nan
           3       -924          0     0.00     0.00       -nan
          14       -926          0     0.00     0.00       -nan
          24       -928          0     0.00     0.01       -nan
          92       -932          0     0.00     0.02       -nan
         425       -934          0     0.00     0.05       -nan
        2675       -936          0     0.00     0.24       -nan
        4920       -938          0     0.00     0.42       -nan
        7107       -940          0     0.00     0.60       -nan
       64451       -942          0     0.00     5.57       -nan
      123578       -942          0     5.00    10.57          0
      181242       -942          0    10.00    15.57          0
      235608       -942          0    15.00    20.57          0
      293780       -942          0    20.00    25.57          0
      353289       -942          1    25.00    30.57       0.04
      408540       -942          1    30.00    35.57     0.0333
      465145       -942          1    35.00    40.57     0.0286
      522617       -942          1    40.00    45.57      0.025
      580980       -942          1    45.00    50.57     0.0222
      637636       -942          1    50.06    55.63       0.02
      699163       -942          1    55.63    61.20      0.018
      772792       -942          1    61.76    67.33     0.0162
      852514       -942          3    68.50    74.07     0.0438
      940492       -942          4    75.91    81.48     0.0527
     1036805       -942          5    84.06    89.63     0.0595
     1138350       -942          6    93.03    98.60     0.0645
     1252011       -942          6   102.90   108.47     0.0583
     1376513       -942          8   113.75   119.32     0.0703
     1514586       -942          9   125.69   131.26     0.0716
     1667416       -942         10   138.82   144.39      0.072
     1834532       -942         11   153.26   158.83     0.0718
     2016013       -942         13   169.15   174.72     0.0769
     2218217       -942         15   186.63   192.20     0.0804
     2437381       -942         19   205.86   211.43     0.0923
     2678266       -942         20   227.01   232.58     0.0881
     2945386       -942         22   250.27   255.84     0.0879
     3235184       -942         25   275.86   281.43     0.0906
     3558449       -942         27   304.01   309.58     0.0888
     3920667       -942         30   334.97   340.54     0.0896
     4315774       -942         34   369.03   374.60     0.0921
     4754228       -942         42   406.50   412.07      0.103
     5229635       -942         46   447.71   453.28      0.103
     5749869       -942         49   493.04   498.61     0.0994
     6335437       -942         56   542.91   548.48      0.103
     6970546       -942         57   597.76   603.33     0.0954
     7671222       -942         66   658.10   663.67        0.1
     8446158       -942         70   724.47   730.04     0.0966
     9289106       -942         74   797.48   803.05     0.0928
    10221629       -942         79   877.79   883.36       0.09
    11250271       -942         89   966.13   971.70     0.0921
    12385115       -942         96  1063.31  1068.88     0.0903
    13621875       -942         98  1170.20  1175.77     0.0837
    14981818       -942        110  1287.78  1293.35     0.0854
    16479703       -942        129  1417.12  1422.69      0.091
    18117846       -942        138  1559.39  1564.96     0.0885
    19944155       -942        154  1715.89  1721.46     0.0897
    21923469       -942        170  1888.04  1893.61       0.09
    24114185       -942        192  2077.41  2082.98     0.0924
    26517808       -942        216  2285.71  2291.28     0.0945
    29186590       -942        243  2514.84  2520.41     0.0966
    32110482       -942        269  2766.89  2772.46     0.0972
    35326647       -942        289  3044.14  3049.71     0.0949
    38872505       -942        317  3349.12  3354.69     0.0947
    42771205       -942        360  3684.59  3690.16     0.0977
    47069431       -942        412  4053.61  4059.18      0.102
    51768111       -942        453  4459.53  4465.10      0.102
    56945442       -942        499  4906.05  4911.62      0.102
    56993480       -942        500  4910.06  4915.63      0.102
Time to solution 9.82012s, assuming true minimum is -942
