N=8
Mode: 1
Seed: 107
Search strategy: 0
Initialising random weight matrix with 502 working nodes
502 working nodes out of 512
States are 0,1
Weight-choosing mode: 5
Min time to run: 0.5s
Max time to run: 1e+10s
Solutions are independent
           1       -922          0     0.00     0.00       -nan
           4       -928          0     0.00     0.00       -nan
          10       -936          0     0.00     0.00       -nan
         143       -938          0     0.00     0.02       -nan
         160       -940          0     0.00     0.02       -nan
         286       -942          0     0.00     0.03       -nan
        1332       -944          0     0.00     0.13       -nan
        2498       -946          0     0.00     0.24       -nan
       11822       -948          0     0.00     1.12       -nan
       31051       -950          0     0.00     2.91       -nan
       82578       -950          6     5.00     7.91        1.2
      135526       -950         15    10.00    12.91        1.5
      187427       -950         17    15.00    17.91       1.13
      240393       -950         23    20.00    22.91       1.15
      293667       -950         26    25.00    27.91       1.04
      343941       -950         34    30.00    32.91       1.13
      397350       -950         39    35.00    37.91       1.11
      449337       -950         45    40.00    42.91       1.12
      502576       -950         53    45.00    47.91       1.18
      555114       -950         58    50.00    52.91       1.16
      608980       -950         60    55.30    58.21       1.08
      669126       -950         63    61.13    64.04       1.03
      737892       -950         73    67.54    70.45       1.08
      811781       -950         77    74.59    77.50       1.03
      892350       -950         79    82.34    85.25      0.959
      980744       -950         83    90.87    93.78      0.913
     1080527       -950         94   100.25   103.16      0.938
     1188479       -950        101   110.57   113.48      0.913
     1308278       -950        106   121.92   124.83      0.869
     1440327       -950        113   134.41   137.32      0.841
     1587402       -950        122   148.15   151.06      0.823
     1746013       -950        129   163.26   166.17       0.79
     1920522       -950        139   179.88   182.79      0.773
     2116958       -950        160   198.16   201.07      0.807
     2330577       -950        182   218.27   221.18      0.834
     2562455       -950        201   240.39   243.30      0.836
     2818346       -950        222   264.73   267.64      0.839
     3100537       -950        247   291.50   294.41      0.847
     3410811       -950        270   320.95   323.86      0.841
     3752364       -950        299   353.34   356.25      0.846
     4130317       -950        328   388.97   391.88      0.843
     4539155       -950        366   428.16   431.07      0.855
     4992430       -950        408   471.27   474.18      0.866
     5485367       -950        461   518.69   521.60      0.889
     5910010       -950        500   558.81   561.72      0.895
Time to solution 1.11762s, assuming true minimum is -950
