N=8
Mode: 1
Seed: 11
Search strategy: 0
Initialising random weight matrix with 502 working nodes
502 working nodes out of 512
States are 0,1
Weight-choosing mode: 5
Min time to run: 1000s
Max time to run: 10000s
Groundtruth: -1030
           1       -990          1     0.00
           4       -992          1     0.00
           5      -1010          1     0.00
          18      -1014          1     0.00
          33      -1016          1     0.00
         196      -1018          1     0.04
         280      -1020          1     0.05
         393      -1022          1     0.07
         417      -1024          1     0.08
        2338      -1026          1     0.43
        5827      -1028          1     1.07
        9741      -1030          1     1.78
       36994      -1030          1     6.78
       64396      -1030          1    11.79
       91702      -1030          1    16.79
      119050      -1030          1    21.79
      146239      -1030          1    26.79
      173497      -1030          2    31.79
      200736      -1030          5    36.79
      228099      -1030          6    41.79
      254933      -1030         10    46.79
      282157      -1030         11    51.79
      310419      -1030         11    56.97
      341562      -1030         12    62.67
      375798      -1030         13    68.94
      413577      -1030         15    75.84
      455037      -1030         16    83.43
      500657      -1030         19    91.78
      550830      -1030         20   100.96
      605987      -1030         22   111.06
      666720      -1030         25   122.17
      731061      -1030         27   134.39
      804377      -1030         28   147.83
      885111      -1030         29   162.62
      973664      -1030         33   178.89
     1071348      -1030         35   196.78
     1176572      -1030         40   216.46
     1294960      -1030         43   238.11
     1425302      -1030         48   261.93
     1568270      -1030         55   288.13
     1725688      -1030         62   316.95
     1898787      -1030         70   348.65
     2089185      -1030         80   383.52
     2298774      -1030         88   421.88
     2529075      -1030         95   464.07
     2782342      -1030        101   510.48
     3051178      -1030        109   561.53
     3358351      -1030        118   617.69
     3695529      -1030        126   679.46
     4066966      -1030        136   747.41
     4475448      -1030        149   822.16
     4924680      -1030        163   904.38
     5418310      -1030        177   994.82
     5446723      -1030        177  1000.00
Time to solution 5.64972s, assuming true minimum is -1030
