N=8
Mode: 1
Seed: 110
Search strategy: 0
Initialising random weight matrix with 502 working nodes
502 working nodes out of 512
States are 0,1
Weight-choosing mode: 5
Min time to run: 0.5s
Max time to run: 1e+10s
Solutions are independent
           1       -846          0     0.00     0.00       -nan
           2       -848          0     0.00     0.00       -nan
          13       -856          0     0.00     0.00       -nan
          20       -862          0     0.00     0.00       -nan
          42       -868          0     0.00     0.01       -nan
        1272       -870          0     0.00     0.12       -nan
        1366       -874          0     0.00     0.13       -nan
       47281       -876          0     0.00     4.25       -nan
      100663       -876          0     5.00     9.25          0
      156456       -876          1    10.00    14.25        0.1
      212655       -876          7    15.00    19.25      0.467
      267816       -876          7    20.00    24.25       0.35
      320671       -876          8    25.00    29.25       0.32
      375286       -876         10    30.00    34.25      0.333
      430138       -876         12    35.00    39.25      0.343
      485347       -876         15    40.00    44.25      0.375
      541567       -876         19    45.00    49.25      0.422
      597612       -876         21    50.00    54.25       0.42
      658519       -876         22    55.43    59.68      0.397
      726275       -876         23    61.40    65.65      0.375
      796675       -876         24    67.97    72.22      0.353
      880888       -876         26    75.20    79.45      0.346
      969586       -876         31    83.15    87.40      0.373
     1067076       -876         34    91.90    96.15       0.37
     1173745       -876         37   101.52   105.77      0.364
     1290456       -876         40   112.10   116.35      0.357
     1421688       -876         45   123.74   127.99      0.364
     1561631       -876         46   136.54   140.79      0.337
     1718308       -876         53   150.62   154.87      0.352
     1892427       -876         59   166.11   170.36      0.355
     2082146       -876         66   183.15   187.40       0.36
     2286552       -876         75   201.90   206.15      0.371
     2516291       -876         85   222.52   226.77      0.382
     2773775       -876         94   245.20   249.45      0.383
     3047006       -876        104   270.15   274.40      0.385
     3348937       -876        108   297.59   301.84      0.363
     3683804       -876        118   327.78   332.03       0.36
     4050371       -876        134   360.99   365.24      0.371
     4453401       -876        155   397.52   401.77       0.39
     4899692       -876        178   437.70   441.95      0.407
     5393424       -876        204   481.90   486.15      0.423
     5928294       -876        228   530.52   534.77       0.43
     6523588       -876        251   584.00   588.25       0.43
     7179831       -876        278   642.83   647.08      0.432
     7903146       -876        300   707.54   711.79      0.424
     8691722       -876        342   778.72   782.97      0.439
     9557414       -876        376   857.02   861.27      0.439
    10512101       -876        414   943.15   947.40      0.439
    11566505       -876        447  1037.89  1042.14      0.431
    12723319       -876        497  1142.11  1146.36      0.435
    12771019       -876        500  1146.29  1150.54      0.436
Time to solution 2.29258s, assuming true minimum is -876
