N=8
Mode: 1
Seed: 119
Search strategy: 0
Initialising random weight matrix with 502 working nodes
502 working nodes out of 512
States are 0,1
Weight-choosing mode: 5
Min time to run: 0.5s
Max time to run: 1e+10s
Solutions are independent
           1       -884          0     0.00     0.00       -nan
           3       -898          0     0.00     0.00       -nan
           4       -912          0     0.00     0.00       -nan
          97       -918          0     0.00     0.01       -nan
        1065       -922          0     0.00     0.09       -nan
       60227       -922         31     5.00     5.09        6.2
      117575       -922         55    10.00    10.09        5.5
      175505       -922         84    15.00    15.09        5.6
      232838       -922        116    20.00    20.09        5.8
      290707       -922        146    25.00    25.09       5.84
      347802       -922        175    30.00    30.09       5.83
      405152       -922        201    35.00    35.09       5.74
      463227       -922        226    40.00    40.09       5.65
      521750       -922        261    45.00    45.09        5.8
      579701       -922        288    50.00    50.09       5.76
      637042       -922        327    55.01    55.10       5.94
      701190       -922        355    60.53    60.62       5.86
      771752       -922        388    66.60    66.69       5.83
      848558       -922        422    73.27    73.36       5.76
      933291       -922        465    80.61    80.70       5.77
      988549       -922        500    85.42    85.51       5.85
Time to solution 0.17084s, assuming true minimum is -922
