N=8
Mode: 1
Seed: 12
Search strategy: 0
Initialising random weight matrix with 502 working nodes
502 working nodes out of 512
States are 0,1
Weight-choosing mode: 5
Min time to run: 1000s
Max time to run: 10000s
Groundtruth: -890
           1       -856          1     0.00
           4       -862          1     0.00
           8       -864          1     0.00
          10       -868          1     0.00
          23       -872          1     0.00
          69       -874          1     0.01
         244       -878          1     0.04
         560       -880          1     0.10
        1404       -882          1     0.26
        9217       -884          1     1.67
       18610       -888          1     3.40
       46012       -888          1     8.40
       73315       -888          1    13.40
      100661       -888          1    18.40
      128149       -888          1    23.40
      155497       -888          1    28.40
      182820       -888          1    33.40
      210223       -888          1    38.40
      237509       -888          1    43.40
      237717       -890          1    43.43
      265121       -890          1    48.43
      292463       -890          1    53.43
      321820       -890          1    58.78
      352994       -890          1    64.66
      388402       -890          1    71.13
      427407       -890          1    78.25
      470266       -890          1    86.08
      517415       -890          1    94.69
      569267       -890          1   104.16
      626283       -890          1   114.58
      688905       -890          1   126.04
      757802       -890          2   138.65
      833887       -890          3   152.52
      917597       -890          3   167.78
     1009416       -890          3   184.56
     1110217       -890          3   203.02
     1221464       -890          3   223.33
     1343691       -890          3   245.67
     1473556       -890          3   270.24
     1621397       -890          3   297.27
     1782587       -890          3   327.00
     1961356       -890          3   359.71
     2158615       -890          4   395.69
     2374810       -890          4   435.26
     2613044       -890          4   478.79
     2875104       -890          4   526.67
     3163874       -890          4   579.34
     3481405       -890          4   637.28
     3830451       -890          4   701.01
     4214120       -890          4   771.12
     4636665       -890          5   848.24
     5102242       -890          5   933.07
     5613114       -890          5  1026.38
     6179616       -890          5  1129.02
     6801746       -890          5  1241.93
     7486023       -890          5  1366.13
     8231960       -890          5  1502.75
     9060133       -890          5  1653.03
     9971353       -890          7  1818.34
    10972106       -890          7  2000.18
    12073699       -890          7  2200.20
    13287910       -890          7  2420.22
    14622247       -890          8  2662.25
    16089154       -890          8  2928.48
    17692952       -890          9  3221.33
    17778758       -890         10  3236.96
Time to solution 323.696s, assuming true minimum is -890
