N=8
Mode: 1
Seed: 121
Search strategy: 0
Initialising random weight matrix with 502 working nodes
502 working nodes out of 512
States are 0,1
Weight-choosing mode: 5
Min time to run: 0.5s
Max time to run: 1e+10s
Solutions are independent
           1       -924          0     0.00     0.00       -nan
          34       -926          0     0.00     0.00       -nan
          35       -930          0     0.00     0.00       -nan
          36       -940          0     0.00     0.00       -nan
          38       -944          0     0.00     0.00       -nan
         727       -948          0     0.00     0.06       -nan
        5506       -950          0     0.00     0.48       -nan
       17465       -952          0     0.00     1.50       -nan
       72876       -952          8     5.00     6.50        1.6
      128989       -952         18    10.00    11.50        1.8
      186055       -952         32    15.00    16.50       2.13
      241948       -952         43    20.00    21.50       2.15
      296763       -952         52    25.00    26.50       2.08
      353314       -952         64    30.00    31.50       2.13
      411398       -952         77    35.00    36.50        2.2
      466783       -952         91    40.00    41.50       2.27
      523665       -952        100    45.00    46.50       2.22
      580429       -952        114    50.00    51.50       2.28
      637425       -952        125    55.16    56.66       2.27
      701724       -952        137    60.83    62.33       2.25
      769098       -952        143    67.07    68.57       2.13
      846931       -952        159    73.93    75.43       2.15
      930252       -952        172    81.48    82.98       2.11
     1023764       -952        187    89.78    91.28       2.08
     1128435       -952        205    98.91   100.41       2.07
     1240594       -952        217   108.96   110.46       1.99
     1368065       -952        240   120.01   121.51          2
     1504539       -952        263   132.17   133.67       1.99
     1655339       -952        295   145.54   147.04       2.03
     1824613       -952        329   160.25   161.75       2.05
     2006468       -952        363   176.43   177.93       2.06
     2207546       -952        399   194.23   195.73       2.05
     2433292       -952        448   213.81   215.31        2.1
     2651441       -952        500   232.65   234.15       2.15
Time to solution 0.4653s, assuming true minimum is -952
