N=8
Mode: 1
Seed: 123
Search strategy: 0
Initialising random weight matrix with 502 working nodes
502 working nodes out of 512
States are 0,1
Weight-choosing mode: 5
Min time to run: 0.5s
Max time to run: 1e+10s
Solutions are independent
           1       -956          0     0.00     0.00       -nan
           6       -964          0     0.00     0.00       -nan
         181       -966          0     0.00     0.02       -nan
         531       -968          0     0.00     0.05       -nan
        1783       -970          0     0.00     0.16       -nan
       10904       -972          0     0.00     1.04       -nan
       60934       -972         12     5.00     6.04        2.4
      112193       -972         22    10.00    11.04        2.2
      163655       -972         38    15.00    16.04       2.53
      217539       -972         55    20.00    21.04       2.75
      268222       -972         64    25.00    26.04       2.56
      318092       -972         69    30.00    31.04        2.3
      370019       -972         81    35.00    36.04       2.31
      421294       -972         87    40.00    41.04       2.17
      471462       -972         96    45.00    46.04       2.13
      523838       -972        110    50.00    51.04        2.2
      576490       -972        126    55.11    56.15       2.29
      634781       -972        135    60.73    61.77       2.22
      698417       -972        151    66.91    67.95       2.26
      767591       -972        174    73.71    74.75       2.36
      845297       -972        191    81.19    82.23       2.35
      927960       -972        206    89.42    90.46        2.3
     1020776       -972        228    98.47    99.51       2.32
     1120723       -972        248   108.43   109.47       2.29
     1232391       -972        273   119.38   120.42       2.29
     1354153       -972        302   131.43   132.47        2.3
     1489454       -972        342   144.68   145.72       2.36
     1639772       -972        381   159.26   160.30       2.39
     1802303       -972        406   175.30   176.34       2.32
     1984014       -972        445   192.94   193.98       2.31
     2180840       -972        479   212.34   213.38       2.26
     2245135       -972        500   218.61   219.65       2.29
Time to solution 0.43722s, assuming true minimum is -972
