N=8
Mode: 1
Seed: 126
Search strategy: 0
Initialising random weight matrix with 502 working nodes
502 working nodes out of 512
States are 0,1
Weight-choosing mode: 5
Min time to run: 0.5s
Max time to run: 1e+10s
Solutions are independent
           1      -1022          0     0.00     0.00       -nan
           2      -1040          0     0.00     0.00       -nan
         102      -1044          0     0.00     0.01       -nan
         462      -1050          0     0.00     0.04       -nan
        3026      -1052          0     0.00     0.26       -nan
       60474      -1052         13     5.00     5.26        2.6
      117736      -1052         35    10.00    10.26        3.5
      175023      -1052         54    15.00    15.26        3.6
      230665      -1052         70    20.00    20.26        3.5
      287478      -1052         84    25.00    25.26       3.36
      345880      -1052        100    30.00    30.26       3.33
      402716      -1052        116    35.01    35.27       3.31
      460114      -1052        137    40.01    40.27       3.42
      517441      -1052        158    45.01    45.27       3.51
      574392      -1052        175    50.01    50.27        3.5
      632755      -1052        190    55.04    55.30       3.45
      695413      -1052        204    60.57    60.83       3.37
      765555      -1052        227    66.66    66.92       3.41
      843361      -1052        246    73.36    73.62       3.35
      926872      -1052        267    80.73    80.99       3.31
     1019190      -1052        297    88.83    89.09       3.34
     1121781      -1052        328    97.74    98.00       3.36
     1235100      -1052        365   107.55   107.81       3.39
     1357955      -1052        407   118.34   118.60       3.44
     1494074      -1052        433   130.20   130.46       3.33
     1646699      -1052        475   143.25   143.51       3.32
     1716770      -1052        500   149.42   149.68       3.35
Time to solution 0.29884s, assuming true minimum is -1052
