N=8
Mode: 1
Seed: 127
Search strategy: 0
Initialising random weight matrix with 502 working nodes
502 working nodes out of 512
States are 0,1
Weight-choosing mode: 5
Min time to run: 0.5s
Max time to run: 1e+10s
Solutions are independent
           1       -980          0     0.00     0.00       -nan
          10       -984          0     0.00     0.00       -nan
          40       -990          0     0.00     0.00       -nan
         201       -992          0     0.00     0.02       -nan
         857       -994          0     0.00     0.10       -nan
        3547       -996          0     0.00     0.35       -nan
       17716       -998          0     0.00     1.72       -nan
       69996       -998         10     5.00     6.72          2
      123288       -998         17    10.00    11.72        1.7
      176497       -998         23    15.00    16.72       1.53
      228563       -998         30    20.00    21.72        1.5
      278642       -998         35    25.00    26.72        1.4
      331322       -998         41    30.00    31.72       1.37
      384033       -998         47    35.00    36.72       1.34
      435458       -998         53    40.00    41.72       1.32
      486268       -998         61    45.00    46.72       1.36
      539279       -998         70    50.00    51.72        1.4
      592843       -998         78    55.18    56.90       1.41
      650907       -998         85    60.87    62.59        1.4
      712605       -998         88    67.13    68.85       1.31
      784864       -998         97    74.02    75.74       1.31
      863797       -998        110    81.60    83.32       1.35
      948697       -998        121    89.94    91.66       1.35
     1041532       -998        134    99.11   100.83       1.35
     1148068       -998        155   109.20   110.92       1.42
     1264045       -998        173   120.30   122.02       1.44
     1390760       -998        194   132.51   134.23       1.46
     1529797       -998        219   145.94   147.66        1.5
     1683454       -998        240   160.71   162.43       1.49
     1851216       -998        261   176.96   178.68       1.47
     2035670       -998        290   194.83   196.55       1.49
     2241877       -998        314   214.49   216.21       1.46
     2467008       -998        347   236.12   237.84       1.47
     2713685       -998        387   259.91   261.63       1.49
     2981649       -998        414   286.08   287.80       1.45
     3285383       -998        445   314.87   316.59       1.41
     3611708       -998        487   346.53   348.25       1.41
     3725787       -998        500   357.65   359.37        1.4
Time to solution 0.7153s, assuming true minimum is -998
