N=8
Mode: 1
Seed: 130
Search strategy: 0
Initialising random weight matrix with 502 working nodes
502 working nodes out of 512
States are 0,1
Weight-choosing mode: 5
Min time to run: 0.5s
Max time to run: 1e+10s
Solutions are independent
           1       -964          0     0.00     0.00       -nan
           2       -966          0     0.00     0.00       -nan
           5       -980          0     0.00     0.00       -nan
          21       -984          0     0.00     0.00       -nan
          30       -986          0     0.00     0.00       -nan
          31       -988          0     0.00     0.00       -nan
          52       -992          0     0.00     0.01       -nan
         207      -1000          0     0.00     0.02       -nan
        3309      -1002          0     0.00     0.28       -nan
       60277      -1002         23     5.00     5.28        4.6
      117274      -1002         56    10.01    10.29       5.59
      172909      -1002         84    15.01    15.29        5.6
      230456      -1002        119    20.01    20.29       5.95
      287615      -1002        139    25.01    25.29       5.56
      344471      -1002        166    30.01    30.29       5.53
      401802      -1002        195    35.01    35.29       5.57
      458805      -1002        222    40.01    40.29       5.55
      516491      -1002        243    45.01    45.29        5.4
      573669      -1002        272    50.01    50.29       5.44
      630328      -1002        303    55.04    55.32       5.51
      693108      -1002        330    60.58    60.86       5.45
      763536      -1002        367    66.67    66.95        5.5
      837597      -1002        406    73.37    73.65       5.53
      919693      -1002        432    80.74    81.02       5.35
     1012418      -1002        476    88.85    89.13       5.36
     1049103      -1002        500    92.08    92.36       5.43
Time to solution 0.18416s, assuming true minimum is -1002
