N=8
Mode: 1
Seed: 131
Search strategy: 0
Initialising random weight matrix with 502 working nodes
502 working nodes out of 512
States are 0,1
Weight-choosing mode: 5
Min time to run: 0.5s
Max time to run: 1e+10s
Solutions are independent
           1       -950          0     0.00     0.00       -nan
          11       -952          0     0.00     0.00       -nan
          15       -958          0     0.00     0.00       -nan
         199       -966          0     0.00     0.02       -nan
        1384       -968          0     0.00     0.12       -nan
       54825       -968          9     5.00     5.12        1.8
      111147       -968         26    10.01    10.13        2.6
      166649       -968         36    15.01    15.13        2.4
      222639       -968         49    20.02    20.14       2.45
      277797       -968         59    25.02    25.14       2.36
      333502       -968         70    30.02    30.14       2.33
      388509       -968         77    35.02    35.14        2.2
      442440       -968         89    40.02    40.14       2.22
      498284       -968        102    45.02    45.14       2.27
      552278       -968        107    50.02    50.14       2.14
      609437       -968        121    55.04    55.16        2.2
      668115       -968        127    60.56    60.68        2.1
      735142       -968        145    66.63    66.75       2.18
      808783       -968        159    73.31    73.43       2.17
      889642       -968        176    80.66    80.78       2.18
      979521       -968        194    88.74    88.86       2.19
     1081328       -968        227    97.63    97.75       2.33
     1188758       -968        248   107.41   107.53       2.31
     1308596       -968        279   118.17   118.29       2.36
     1439564       -968        310   130.00   130.12       2.38
     1583390       -968        339   143.02   143.14       2.37
     1741668       -968        378   157.34   157.46        2.4
     1917313       -968        415   173.09   173.21        2.4
     2106427       -968        452   190.42   190.54       2.37
     2312797       -968        490   209.48   209.60       2.34
     2366589       -968        500   214.28   214.40       2.33
Time to solution 0.42856s, assuming true minimum is -968
