N=8
Mode: 1
Seed: 133
Search strategy: 0
Initialising random weight matrix with 502 working nodes
502 working nodes out of 512
States are 0,1
Weight-choosing mode: 5
Min time to run: 0.5s
Max time to run: 1e+10s
Solutions are independent
           1      -1008          0     0.00     0.00       -nan
           4      -1014          0     0.00     0.00       -nan
           6      -1022          0     0.00     0.00       -nan
        2337      -1024          0     0.00     0.24       -nan
        2823      -1026          0     0.00     0.29       -nan
        8171      -1028          0     0.00     0.73       -nan
       64380      -1028          4     5.00     5.73        0.8
      121016      -1028         11    10.00    10.73        1.1
      178088      -1028         17    15.00    15.73       1.13
      233780      -1028         25    20.00    20.73       1.25
      290346      -1028         32    25.00    25.73       1.28
      345988      -1028         44    30.00    30.73       1.47
      400198      -1028         50    35.01    35.74       1.43
      456517      -1028         57    40.01    40.74       1.42
      513576      -1028         66    45.01    45.74       1.47
      569108      -1028         74    50.01    50.74       1.48
      624502      -1028         78    55.09    55.82       1.42
      686192      -1028         86    60.68    61.41       1.42
      753390      -1028         96    66.83    67.56       1.44
      828887      -1028        104    73.59    74.32       1.41
      912900      -1028        120    81.03    81.76       1.48
     1003231      -1028        131    89.21    89.94       1.47
     1105192      -1028        145    98.21    98.94       1.48
     1218015      -1028        163   108.11   108.84       1.51
     1341848      -1028        179   119.00   119.73        1.5
     1476352      -1028        195   130.98   131.71       1.49
     1624578      -1028        208   144.16   144.89       1.44
     1786769      -1028        231   158.65   159.38       1.46
     1964224      -1028        249   174.59   175.32       1.43
     2161120      -1028        280   192.13   192.86       1.46
     2379320      -1028        306   211.42   212.15       1.45
     2615025      -1028        355   232.64   233.37       1.53
     2877419      -1028        383   255.98   256.71        1.5
     3161253      -1028        412   281.66   282.39       1.46
     3478060      -1028        452   309.90   310.63       1.46
     3829404      -1028        499   340.97   341.70       1.46
     3833606      -1028        500   341.34   342.07       1.46
Time to solution 0.68268s, assuming true minimum is -1028
