N=8
Mode: 1
Seed: 135
Search strategy: 0
Initialising random weight matrix with 502 working nodes
502 working nodes out of 512
States are 0,1
Weight-choosing mode: 5
Min time to run: 0.5s
Max time to run: 1e+10s
Solutions are independent
           1      -1036          0     0.00     0.00       -nan
           4      -1048          0     0.00     0.00       -nan
          13      -1050          0     0.00     0.01       -nan
          22      -1052          0     0.00     0.01       -nan
          27      -1056          0     0.00     0.01       -nan
         295      -1060          0     0.00     0.06       -nan
        1240      -1062          0     0.00     0.21       -nan
       54275      -1062         27     5.00     5.21        5.4
      109954      -1062         65    10.00    10.21        6.5
      162753      -1062         90    15.00    15.21          6
      216557      -1062        124    20.00    20.21        6.2
      270298      -1062        150    25.00    25.21          6
      323833      -1062        180    30.00    30.21          6
      378796      -1062        211    35.00    35.21       6.03
      432648      -1062        237    40.00    40.21       5.92
      485143      -1062        258    45.00    45.21       5.73
      539636      -1062        281    50.00    50.21       5.62
      594264      -1062        311    55.03    55.24       5.65
      653551      -1062        346    60.56    60.77       5.71
      720509      -1062        385    66.64    66.85       5.78
      793843      -1062        430    73.33    73.54       5.86
      874118      -1062        486    80.69    80.90       6.02
      895383      -1062        500    82.69    82.90       6.05
Time to solution 0.16538s, assuming true minimum is -1062
