N=8
Mode: 1
Seed: 141
Search strategy: 0
Initialising random weight matrix with 502 working nodes
502 working nodes out of 512
States are 0,1
Weight-choosing mode: 5
Min time to run: 0.5s
Max time to run: 1e+10s
Solutions are independent
           1      -1018          0     0.00     0.00       -nan
           5      -1034          0     0.00     0.00       -nan
          17      -1040          0     0.00     0.00       -nan
         167      -1042          0     0.00     0.02       -nan
       16672      -1044          0     0.00     1.50       -nan
       74221      -1044         24     5.00     6.50        4.8
      132545      -1044         45    10.00    11.50        4.5
      190346      -1044         67    15.00    16.50       4.47
      248073      -1044         91    20.00    21.50       4.55
      304355      -1044        108    25.00    26.50       4.32
      362852      -1044        127    30.00    31.50       4.23
      421224      -1044        147    35.00    36.50        4.2
      479212      -1044        161    40.00    41.50       4.03
      536946      -1044        184    45.00    46.50       4.09
      595246      -1044        205    50.00    51.50        4.1
      654287      -1044        217    55.16    56.66       3.93
      720567      -1044        234    60.83    62.33       3.85
      792900      -1044        259    67.07    68.57       3.86
      872549      -1044        292    73.93    75.43       3.95
      959459      -1044        316    81.48    82.98       3.88
     1052941      -1044        355    89.78    91.28       3.95
     1156942      -1044        386    98.91   100.41        3.9
     1273010      -1044        425   108.96   110.46        3.9
     1397461      -1044        468   120.01   121.51        3.9
     1483260      -1044        500   127.37   128.87       3.93
Time to solution 0.25474s, assuming true minimum is -1044
