N=8
Mode: 1
Seed: 148
Search strategy: 0
Initialising random weight matrix with 502 working nodes
502 working nodes out of 512
States are 0,1
Weight-choosing mode: 5
Min time to run: 0.5s
Max time to run: 1e+10s
Solutions are independent
           1       -944          0     0.00     0.00       -nan
           4       -948          0     0.00     0.00       -nan
           5       -952          0     0.00     0.00       -nan
          10       -956          0     0.00     0.00       -nan
         141       -958          0     0.00     0.01       -nan
         498       -962          0     0.00     0.05       -nan
        2061       -964          0     0.00     0.20       -nan
       53268       -964         30     5.00     5.20          6
      103970       -964         54    10.00    10.20        5.4
      153957       -964         94    15.00    15.20       6.27
      201963       -964        119    20.00    20.20       5.95
      252634       -964        150    25.00    25.20          6
      303949       -964        183    30.00    30.20        6.1
      353161       -964        208    35.00    35.20       5.94
      403262       -964        236    40.00    40.20        5.9
      453914       -964        269    45.00    45.20       5.98
      504883       -964        304    50.00    50.20       6.08
      555540       -964        336    55.03    55.23       6.11
      611597       -964        366    60.56    60.76       6.04
      672124       -964        397    66.64    66.84       5.96
      739780       -964        445    73.33    73.53       6.07
      814121       -964        497    80.69    80.89       6.16
      823709       -964        500    81.65    81.85       6.12
Time to solution 0.1633s, assuming true minimum is -964
