N=8
Mode: 1
Seed: 149
Search strategy: 0
Initialising random weight matrix with 502 working nodes
502 working nodes out of 512
States are 0,1
Weight-choosing mode: 5
Min time to run: 0.5s
Max time to run: 1e+10s
Solutions are independent
           1       -898          0     0.00     0.00       -nan
           2       -902          0     0.00     0.00       -nan
           5       -924          0     0.00     0.00       -nan
           7       -928          0     0.00     0.00       -nan
          78       -930          0     0.00     0.00       -nan
          96       -934          0     0.00     0.01       -nan
         956       -936          0     0.00     0.10       -nan
        4814       -938          0     0.00     0.42       -nan
       13545       -940          0     0.00     1.18       -nan
       13562       -942          0     0.00     1.18       -nan
       72915       -942          3     5.00     6.18        0.6
      131621       -942          6    10.00    11.18        0.6
      189284       -942         12    15.00    16.18        0.8
      247850       -942         18    20.00    21.18        0.9
      305378       -942         22    25.00    26.18       0.88
      356214       -944          0     0.00    30.33       -nan
      417872       -944          0     5.00    35.33          0
      477314       -944          0    10.00    40.33          0
      536270       -944          0    15.00    45.33          0
      597311       -944          0    20.00    50.33          0
      656871       -944          1    25.04    55.37     0.0399
      725673       -944          1    30.58    60.91     0.0327
      798807       -944          1    36.68    67.01     0.0273
      877202       -944          1    43.39    73.72      0.023
      965564       -944          1    50.77    81.10     0.0197
     1061497       -944          2    58.89    89.22      0.034
     1170458       -944          2    67.82    98.15     0.0295
     1287296       -944          2    77.64   107.97     0.0258
     1416166       -944          4    88.44   118.77     0.0452
     1556705       -944          4   100.32   130.65     0.0399
     1710032       -944          5   113.39   143.72     0.0441
     1888401       -944          5   127.77   158.10     0.0391
     2084099       -944          6   143.58   173.91     0.0418
     2293676       -944          6   160.98   191.31     0.0373
     2523614       -944          6   180.12   210.45     0.0333
     2774791       -944          6   201.17   231.50     0.0298
     3049793       -944          8   224.33   254.66     0.0357
     3355999       -944          8   249.80   280.13      0.032
     3686454       -944          8   277.82   308.15     0.0288
     4056783       -944          9   308.64   338.97     0.0292
     4467454       -944         11   342.54   372.87     0.0321
     4908382       -944         12   379.83   410.16     0.0316
     5397728       -944         13   420.85   451.18     0.0309
     5931484       -944         14   465.97   496.30       0.03
     6515831       -944         15   515.61   545.94     0.0291
     7164042       -944         17   570.21   600.54     0.0298
     7885142       -944         17   630.27   660.60      0.027
     8677221       -944         18   696.34   726.67     0.0258
     9547577       -944         20   769.01   799.34      0.026
    10498942       -944         23   848.95   879.28     0.0271
    11550204       -944         26   936.88   967.21     0.0278
    12705902       -944         27  1033.61  1063.94     0.0261
    13970650       -944         30  1140.01  1170.34     0.0263
    15383372       -944         32  1257.05  1287.38     0.0255
    16911681       -944         36  1385.79  1416.12      0.026
    18624758       -944         38  1527.41  1557.74     0.0249
    20492497       -944         43  1683.19  1713.52     0.0255
    22544328       -944         49  1854.55  1884.88     0.0264
    24784787       -944         57  2043.04  2073.37     0.0279
    27244996       -944         62  2250.38  2280.71     0.0276
    29952041       -944         68  2478.46  2508.79     0.0274
    32934934       -944         80  2729.34  2759.67     0.0293
    36222852       -944         88  3005.31  3035.64     0.0293
    39864026       -944         99  3308.88  3339.21     0.0299
    43817757       -944        112  3642.81  3673.14     0.0307
    48197570       -944        125  4010.13  4040.46     0.0312
    53034448       -944        140  4414.18  4444.51     0.0317
    58354580       -944        156  4858.64  4888.97     0.0321
    64170480       -944        168  5347.54  5377.87     0.0314
    70570234       -944        192  5885.33  5915.66     0.0326
    77647780       -944        216  6476.90  6507.23     0.0333
    85425091       -944        238  7127.63  7157.96     0.0334
    93968327       -944        261  7843.43  7873.76     0.0333
   103334703       -944        286  8630.81  8661.14     0.0331
   113636550       -944        324  9496.93  9527.26     0.0341
   124971701       -944        347 10449.66 10479.99     0.0332
   137452165       -944        372 11497.66 11527.99     0.0324
   151156785       -944        406 12650.46 12680.79     0.0321
   166261370       -944        444 13918.54 13948.87     0.0319
   182377382       -944        500 15276.02 15306.35     0.0327
Time to solution 30.552s, assuming true minimum is -944
