N=8
Mode: 1
Seed: 150
Search strategy: 0
Initialising random weight matrix with 502 working nodes
502 working nodes out of 512
States are 0,1
Weight-choosing mode: 5
Min time to run: 0.5s
Max time to run: 1e+10s
Solutions are independent
           1       -872          0     0.00     0.00       -nan
          18       -876          0     0.00     0.00       -nan
          88       -878          0     0.00     0.01       -nan
         845       -880          0     0.00     0.08       -nan
        1058       -882          0     0.00     0.10       -nan
        6907       -884          0     0.00     0.68       -nan
       61427       -884         11     5.00     5.68        2.2
      117693       -884         21    10.00    10.68        2.1
      170307       -886          0     0.00    15.53       -nan
      224118       -886          0     5.00    20.53          0
      278259       -886          0    10.00    25.53          0
      331928       -886          1    15.00    30.53     0.0667
      389488       -886          2    20.00    35.53        0.1
      443182       -886          2    25.00    40.53       0.08
      496501       -886          4    30.00    45.53      0.133
      551462       -886          5    35.00    50.53      0.143
      609985       -886          6    40.06    55.59       0.15
      669984       -886          6    45.62    61.15      0.132
      738374       -886          6    51.74    67.27      0.116
      813502       -886          7    58.47    74.00       0.12
      896653       -886          7    65.87    81.40      0.106
      986512       -886         10    74.02    89.55      0.135
     1084901       -886         10    82.98    98.51      0.121
     1190003       -886         11    92.84   108.37      0.118
     1308569       -886         13   103.68   119.21      0.125
     1442032       -886         16   115.61   131.14      0.138
     1583697       -886         17   128.73   144.26      0.132
     1743165       -886         19   143.16   158.69      0.133
     1918432       -886         20   159.03   174.56      0.126
     2112908       -886         22   176.49   192.02      0.125
     2323613       -886         25   195.70   211.23      0.128
     2558730       -886         31   216.83   232.36      0.143
     2814732       -886         33   240.07   255.60      0.137
     3096196       -886         37   265.63   281.16      0.139
     3409040       -886         40   293.75   309.28      0.136
     3750841       -886         42   324.68   340.21      0.129
     4121803       -886         50   358.71   374.24      0.139
     4533082       -886         54   396.14   411.67      0.136
     4990934       -886         58   437.31   452.84      0.133
     5485543       -886         63   482.60   498.13      0.131
     6032117       -886         69   532.42   547.95       0.13
     6637084       -886         76   587.22   602.75      0.129
     7293222       -886         81   647.50   663.03      0.125
     8018439       -886         89   713.81   729.34      0.125
     8815425       -886        102   786.75   802.28       0.13
     9702522       -886        111   866.98   882.51      0.128
    10678484       -886        123   955.24   970.77      0.129
    11731918       -886        136  1052.32  1067.85      0.129
    12908715       -886        150  1159.11  1174.64      0.129
    14191153       -886        157  1276.58  1292.11      0.123
    15600653       -886        168  1405.80  1421.33       0.12
    17152773       -886        176  1547.94  1563.47      0.114
    18867033       -886        193  1704.29  1719.82      0.113
    20762456       -886        214  1876.28  1891.81      0.114
    22827997       -886        228  2065.47  2081.00       0.11
    25103181       -886        249  2273.58  2289.11       0.11
    27613244       -886        270  2502.50  2518.03      0.108
    30363294       -886        298  2754.31  2769.84      0.108
    33412215       -886        335  3031.30  3046.83      0.111
    36745838       -886        363  3335.99  3351.52      0.109
    40416188       -886        399  3671.15  3686.68      0.109
    44451374       -886        430  4039.82  4055.35      0.106
    48926393       -886        468  4445.36  4460.89      0.105
    51497761       -886        500  4677.81  4693.34      0.107
Time to solution 9.35562s, assuming true minimum is -886
