N=8
Mode: 1
Seed: 151
Search strategy: 0
Initialising random weight matrix with 502 working nodes
502 working nodes out of 512
States are 0,1
Weight-choosing mode: 5
Min time to run: 0.5s
Max time to run: 1e+10s
Solutions are independent
           1       -972          0     0.00     0.00       -nan
           2       -974          0     0.00     0.00       -nan
           3       -980          0     0.00     0.00       -nan
           6       -986          0     0.00     0.00       -nan
          20       -992          0     0.00     0.00       -nan
         859       -994          0     0.00     0.08       -nan
       17703       -996          0     0.00     1.72       -nan
       68527       -996         35     5.00     6.72          7
      120684       -996         69    10.00    11.72        6.9
      172256       -996        106    15.00    16.72       7.07
      224284       -996        133    20.00    21.72       6.65
      275905       -996        164    25.00    26.72       6.56
      326741       -996        201    30.00    31.72        6.7
      374730       -996        233    35.00    36.72       6.66
      425757       -996        275    40.00    41.72       6.88
      475600       -996        299    45.00    46.72       6.64
      525963       -996        337    50.00    51.72       6.74
      578755       -996        367    55.18    56.90       6.65
      635305       -996        399    60.87    62.59       6.55
      699257       -996        447    67.13    68.85       6.66
      769079       -996        491    74.02    75.74       6.63
      787587       -996        500    75.90    77.62       6.59
Time to solution 0.1518s, assuming true minimum is -996
