N=8
Mode: 1
Seed: 153
Search strategy: 0
Initialising random weight matrix with 502 working nodes
502 working nodes out of 512
States are 0,1
Weight-choosing mode: 5
Min time to run: 0.5s
Max time to run: 1e+10s
Solutions are independent
           1       -960          0     0.00     0.00       -nan
           8       -964          0     0.00     0.00       -nan
         449       -966          0     0.00     0.05       -nan
         762       -970          0     0.00     0.08       -nan
        4356       -972          0     0.00     0.41       -nan
       62252       -972         13     5.00     5.41        2.6
      119367       -972         29    10.00    10.41        2.9
      176172       -972         40    15.00    15.41       2.67
      233605       -972         57    20.00    20.41       2.85
      290487       -972         65    25.00    25.41        2.6
      346060       -972         73    30.00    30.41       2.43
      402121       -972         82    35.00    35.41       2.34
      459436       -972         95    40.00    40.41       2.38
      516232       -972        110    45.00    45.41       2.44
      571492       -972        122    50.00    50.41       2.44
      627956       -972        134    55.05    55.46       2.43
      689738       -972        144    60.60    61.01       2.38
      759624       -972        160    66.71    67.12        2.4
      836016       -972        180    73.43    73.84       2.45
      919188       -972        202    80.82    81.23        2.5
     1010556       -972        215    88.95    89.36       2.42
     1111809       -972        238    97.89    98.30       2.43
     1222420       -972        262   107.73   108.14       2.43
     1346512       -972        293   118.55   118.96       2.47
     1480836       -972        321   130.45   130.86       2.46
     1629343       -972        354   143.54   143.95       2.47
     1792735       -972        389   157.94   158.35       2.46
     1971520       -972        432   173.78   174.19       2.49
     2165895       -972        483   191.20   191.61       2.53
     2246411       -972        500   198.36   198.77       2.52
Time to solution 0.39672s, assuming true minimum is -972
