N=8
Mode: 1
Seed: 154
Search strategy: 0
Initialising random weight matrix with 502 working nodes
502 working nodes out of 512
States are 0,1
Weight-choosing mode: 5
Min time to run: 0.5s
Max time to run: 1e+10s
Solutions are independent
           1       -972          0     0.00     0.00       -nan
           5       -988          0     0.00     0.00       -nan
          72       -990          0     0.00     0.01       -nan
          92       -994          0     0.00     0.01       -nan
         202      -1002          0     0.00     0.02       -nan
        7092      -1004          0     0.00     0.61       -nan
       65827      -1004         22     5.00     5.61        4.4
      124395      -1004         43    10.00    10.61        4.3
      183926      -1004         68    15.00    15.61       4.53
      243650      -1004         92    20.00    20.61        4.6
      302497      -1004        122    25.00    25.61       4.88
      360887      -1004        145    30.00    30.61       4.83
      418490      -1004        167    35.00    35.61       4.77
      478088      -1004        187    40.00    40.61       4.67
      536813      -1004        208    45.00    45.61       4.62
      595312      -1004        230    50.00    50.61        4.6
      654928      -1004        256    55.07    55.68       4.65
      720775      -1004        283    60.64    61.25       4.67
      792484      -1004        318    66.77    67.38       4.76
      872524      -1004        345    73.51    74.12       4.69
      959562      -1004        378    80.93    81.54       4.67
     1055709      -1004        409    89.09    89.70       4.59
     1161677      -1004        441    98.07    98.68        4.5
     1277488      -1004        477   107.94   108.55       4.42
     1341290      -1004        500   113.35   113.96       4.41
Time to solution 0.2267s, assuming true minimum is -1004
