N=8
Mode: 1
Seed: 156
Search strategy: 0
Initialising random weight matrix with 502 working nodes
502 working nodes out of 512
States are 0,1
Weight-choosing mode: 5
Min time to run: 0.5s
Max time to run: 1e+10s
Solutions are independent
           1       -966          0     0.00     0.00       -nan
           2       -972          0     0.00     0.00       -nan
          67       -976          0     0.00     0.01       -nan
          90       -978          0     0.00     0.01       -nan
         209       -980          0     0.00     0.02       -nan
         221       -984          0     0.00     0.02       -nan
        7202       -986          0     0.00     0.63       -nan
       58943       -986          1     5.00     5.63        0.2
      113008       -986         10    10.00    10.63          1
      166524       -986         16    15.00    15.63       1.07
      219925       -986         23    20.01    20.64       1.15
      274740       -986         28    25.01    25.64       1.12
      327133       -986         31    30.01    30.64       1.03
      382015       -986         36    35.01    35.64       1.03
      438123       -986         42    40.01    40.64       1.05
      491737       -986         50    45.01    45.64       1.11
      546534       -986         54    50.01    50.64       1.08
      600092       -986         59    55.08    55.71       1.07
      659364       -986         64    60.66    61.29       1.06
      726387       -986         72    66.79    67.42       1.08
      799317       -986         81    73.54    74.17        1.1
      880045       -986         97    80.96    81.59        1.2
      968409       -986        106    89.12    89.75       1.19
     1068239       -986        123    98.10    98.73       1.25
     1174476       -986        133   107.98   108.61       1.23
     1294049       -986        147   118.85   119.48       1.24
     1423749       -986        159   130.80   131.43       1.22
     1568636       -986        182   143.95   144.58       1.26
     1723679       -986        196   158.41   159.04       1.24
     1896583       -986        210   174.32   174.95        1.2
     2084820       -986        239   191.82   192.45       1.25
     2294802       -986        264   211.07   211.70       1.25
     2523497       -986        294   232.24   232.87       1.27
     2775108       -986        321   255.53   256.16       1.26
     3055824       -986        352   281.15   281.78       1.25
     3364027       -986        399   309.33   309.96       1.29
     3699424       -986        442   340.33   340.96        1.3
     4066472       -986        475   374.43   375.06       1.27
     4253035       -986        500   391.64   392.27       1.28
Time to solution 0.78328s, assuming true minimum is -986
