N=8
Mode: 1
Seed: 158
Search strategy: 0
Initialising random weight matrix with 502 working nodes
502 working nodes out of 512
States are 0,1
Weight-choosing mode: 5
Min time to run: 0.5s
Max time to run: 1e+10s
Solutions are independent
           1       -954          0     0.00     0.00       -nan
          50       -956          0     0.00     0.01       -nan
         111       -960          0     0.00     0.02       -nan
         351       -962          0     0.00     0.04       -nan
        2257       -964          0     0.00     0.24       -nan
       24672       -966          0     0.00     2.16       -nan
       81036       -966         11     5.00     7.16        2.2
      137354       -966         19    10.00    12.16        1.9
      192804       -966         32    15.00    17.16       2.13
      250413       -966         37    20.00    22.16       1.85
      307279       -966         43    25.00    27.16       1.72
      363108       -966         48    30.00    32.16        1.6
      417918       -966         52    35.00    37.16       1.49
      474699       -966         56    40.00    42.16        1.4
      530213       -966         70    45.00    47.16       1.56
      588461       -966         75    50.00    52.16        1.5
      646275       -966         83    55.22    57.38        1.5
      712302       -966         90    60.96    63.12       1.48
      783274       -966         99    67.28    69.44       1.47
      861715       -966        111    74.23    76.39        1.5
      947572       -966        123    81.87    84.03        1.5
     1045009       -966        137    90.28    92.44       1.52
     1149674       -966        156    99.53   101.69       1.57
     1264981       -966        167   109.70   111.86       1.52
     1391788       -966        184   120.89   123.05       1.52
     1532637       -966        205   133.20   135.36       1.54
     1684759       -966        219   146.74   148.90       1.49
     1853162       -966        243   161.64   163.80        1.5
     2036498       -966        274   178.03   180.19       1.54
     2239254       -966        299   196.05   198.21       1.53
     2462132       -966        329   215.88   218.04       1.52
     2710450       -966        366   237.69   239.85       1.54
     2981823       -966        407   261.68   263.84       1.56
     3278087       -966        457   288.07   290.23       1.59
     3604832       -966        489   317.10   319.26       1.54
     3657858       -966        500   321.88   324.04       1.55
Time to solution 0.64376s, assuming true minimum is -966
