N=8
Mode: 1
Seed: 167
Search strategy: 0
Initialising random weight matrix with 502 working nodes
502 working nodes out of 512
States are 0,1
Weight-choosing mode: 5
Min time to run: 0.5s
Max time to run: 1e+10s
Solutions are independent
           1      -1008          0     0.00     0.00       -nan
           2      -1018          0     0.00     0.00       -nan
           3      -1024          0     0.00     0.00       -nan
          11      -1026          0     0.00     0.00       -nan
          16      -1030          0     0.00     0.00       -nan
          40      -1038          0     0.00     0.00       -nan
         360      -1040          0     0.00     0.04       -nan
         380      -1042          0     0.00     0.04       -nan
         532      -1044          0     0.00     0.05       -nan
        3499      -1046          0     0.00     0.31       -nan
       60620      -1046         19     5.00     5.31        3.8
      117960      -1046         46    10.00    10.31        4.6
      175637      -1046         63    15.00    15.31        4.2
      231962      -1046         81    20.01    20.32       4.05
      288547      -1046         96    25.01    25.32       3.84
      345243      -1046        117    30.01    30.32        3.9
      401588      -1046        134    35.01    35.32       3.83
      458364      -1046        150    40.01    40.32       3.75
      514906      -1046        166    45.01    45.32       3.69
      572226      -1046        184    50.01    50.32       3.68
      630632      -1046        204    55.05    55.36       3.71
      695922      -1046        220    60.59    60.90       3.63
      768169      -1046        244    66.69    67.00       3.66
      844116      -1046        265    73.39    73.70       3.61
      927069      -1046        282    80.77    81.08       3.49
     1020477      -1046        313    88.88    89.19       3.52
     1122317      -1046        335    97.80    98.11       3.43
     1233957      -1046        367   107.62   107.93       3.41
     1357034      -1046        396   118.42   118.73       3.34
     1492055      -1046        453   130.30   130.61       3.48
     1641023      -1046        492   143.37   143.68       3.43
     1671368      -1046        500   146.07   146.38       3.42
Time to solution 0.29214s, assuming true minimum is -1046
