N=8
Mode: 1
Seed: 17
Search strategy: 0
Initialising random weight matrix with 502 working nodes
502 working nodes out of 512
States are 0,1
Weight-choosing mode: 5
Min time to run: 1000s
Max time to run: 10000s
Groundtruth: -932
           1       -880          1     0.00
           4       -894          1     0.00
           7       -896          1     0.00
          15       -904          1     0.00
          17       -906          1     0.00
          48       -908          1     0.01
          51       -912          1     0.01
         163       -918          1     0.03
         854       -920          1     0.16
        1946       -924          1     0.39
        8791       -926          1     1.72
       34473       -926          4     6.72
       54659       -928          1    10.57
       80703       -928          1    15.57
      106544       -928          1    20.57
      132483       -928          1    25.57
      136063       -930          1    26.25
      162149       -930          1    31.25
      188172       -930          1    36.25
      214309       -930          1    41.25
      240338       -930          1    46.25
      266175       -930          1    51.25
      292938       -930          1    56.38
      322533       -930          1    62.02
      354906       -930          1    68.23
      390331       -930          1    75.06
      429445       -930          1    82.57
      438689       -932          1    84.34
      481603       -932          1    92.78
      529992       -932          1   102.06
      583152       -932          1   112.27
      639164       -932          1   123.50
      704050       -932          1   135.86
      774018       -932          1   149.45
      852461       -932          1   164.40
      938652       -932          1   180.85
     1033850       -932          1   198.94
     1137941       -932          1   218.84
     1252456       -932          1   240.73
     1378668       -932          1   264.81
     1517169       -932          1   291.30
     1669484       -932          1   320.44
     1837237       -932          1   352.49
     2022183       -932          1   387.74
     2225775       -932          1   426.52
     2449538       -932          1   469.18
     2695809       -932          1   516.10
     2965950       -932          1   567.71
     3263898       -932          1   624.49
     3592182       -932          1   686.94
     3953357       -932          1   755.64
     4350650       -932          1   831.21
     4786897       -932          1   914.34
     5267257       -932          1  1005.78
     5785977       -932          2  1106.36
     6363880       -932          2  1217.00
     6988943       -932          2  1338.70
     7677729       -932          2  1472.58
     8445765       -932          2  1619.84
     9289354       -932          2  1781.83
    10220364       -932          2  1960.02
    11244825       -932          2  2156.03
    12366975       -932          2  2371.64
    13598953       -932          2  2608.81
    14954046       -932          2  2869.70
    16458731       -932          3  3156.67
    18110466       -932          4  3472.34
    19917432       -932          4  3819.58
    21908365       -932          4  4201.54
    24093964       -932          6  4621.70
    26502833       -932          6  5083.87
    29148007       -932          6  5592.26
    32069167       -932          6  6151.49
    35276452       -932          6  6766.64
    38804578       -932          8  7443.31
    42686743       -932          8  8187.65
    46969664       -932          8  9006.42
    51664673       -932          9  9907.07
    52149693       -932          9 10000.00
Time to solution 1111.11s, assuming true minimum is -932
