N=8
Mode: 1
Seed: 170
Search strategy: 0
Initialising random weight matrix with 502 working nodes
502 working nodes out of 512
States are 0,1
Weight-choosing mode: 5
Min time to run: 0.5s
Max time to run: 1e+10s
Solutions are independent
           1       -932          0     0.00     0.00       -nan
           3       -946          0     0.00     0.00       -nan
           6       -950          0     0.00     0.00       -nan
          54       -960          0     0.00     0.00       -nan
          65       -966          0     0.00     0.01       -nan
          74       -968          0     0.00     0.01       -nan
         965       -970          0     0.00     0.10       -nan
        1229       -972          0     0.00     0.13       -nan
        2019       -974          0     0.00     0.19       -nan
        2462       -976          0     0.00     0.23       -nan
       60377       -976         17     5.00     5.23        3.4
      118631       -976         37    10.00    10.23        3.7
      175933       -976         48    15.00    15.23        3.2
      234934       -976         67    20.00    20.23       3.35
      293560       -976         87    25.00    25.23       3.48
      351809       -976        103    30.00    30.23       3.43
      411135       -976        126    35.01    35.24        3.6
      470607       -976        146    40.01    40.24       3.65
      529302       -976        159    45.01    45.24       3.53
      586098       -976        169    50.01    50.24       3.38
      644485       -976        188    55.04    55.27       3.42
      709321       -976        208    60.57    60.80       3.43
      781012       -976        224    66.65    66.88       3.36
      858353       -976        245    73.34    73.57       3.34
      945686       -976        284    80.70    80.93       3.52
     1038198       -976        311    88.80    89.03        3.5
     1141098       -976        338    97.71    97.94       3.46
     1255214       -976        370   107.51   107.74       3.44
     1379569       -976        401   118.29   118.52       3.39
     1516209       -976        441   130.15   130.38       3.39
     1667720       -976        486   143.19   143.42       3.39
     1696133       -976        500   145.67   145.90       3.43
Time to solution 0.29134s, assuming true minimum is -976
