N=8
Mode: 1
Seed: 175
Search strategy: 0
Initialising random weight matrix with 502 working nodes
502 working nodes out of 512
States are 0,1
Weight-choosing mode: 5
Min time to run: 0.5s
Max time to run: 1e+10s
Solutions are independent
           1       -952          0     0.00     0.00       -nan
           2       -980          0     0.00     0.00       -nan
           5       -990          0     0.00     0.00       -nan
          54       -994          0     0.00     0.01       -nan
         295       -996          0     0.00     0.03       -nan
         360       -998          0     0.00     0.04       -nan
         373      -1000          0     0.00     0.04       -nan
        4437      -1002          0     0.00     0.38       -nan
       14246      -1004          0     0.00     1.20       -nan
       73035      -1004         23     5.00     6.20        4.6
      131624      -1004         47    10.00    11.20        4.7
      189702      -1004         73    15.00    16.20       4.87
      249722      -1004         97    20.00    21.20       4.85
      309408      -1004        121    25.00    26.20       4.84
      368485      -1004        149    30.00    31.20       4.97
      427990      -1004        172    35.00    36.20       4.91
      486695      -1004        198    40.00    41.20       4.95
      546838      -1004        227    45.00    46.20       5.04
      607578      -1004        259    50.00    51.20       5.18
      667889      -1004        292    55.13    56.33        5.3
      734761      -1004        320    60.77    61.97       5.27
      805835      -1004        350    66.97    68.17       5.23
      886797      -1004        383    73.79    74.99       5.19
      976042      -1004        436    81.29    82.49       5.36
     1073058      -1004        487    89.54    90.74       5.44
     1096844      -1004        500    91.53    92.73       5.46
Time to solution 0.18306s, assuming true minimum is -1004
