N=8
Mode: 1
Seed: 176
Search strategy: 0
Initialising random weight matrix with 502 working nodes
502 working nodes out of 512
States are 0,1
Weight-choosing mode: 5
Min time to run: 0.5s
Max time to run: 1e+10s
Solutions are independent
           1      -1010          0     0.00     0.00       -nan
          27      -1012          0     0.00     0.00       -nan
         119      -1014          0     0.00     0.02       -nan
         349      -1016          0     0.00     0.04       -nan
         475      -1020          0     0.00     0.06       -nan
        1916      -1024          0     0.00     0.19       -nan
       57208      -1024         13     5.00     5.19        2.6
      112492      -1024         29    10.01    10.20        2.9
      166127      -1024         41    15.01    15.20       2.73
      222454      -1024         57    20.01    20.20       2.85
      277541      -1024         71    25.01    25.20       2.84
      332291      -1024         88    30.01    30.20       2.93
      388759      -1024        103    35.01    35.20       2.94
      443783      -1024        116    40.01    40.20        2.9
      498553      -1024        135    45.01    45.20          3
      553954      -1024        149    50.01    50.20       2.98
      609841      -1024        167    55.04    55.23       3.03
      670315      -1024        182    60.57    60.76          3
      738398      -1024        199    66.65    66.84       2.99
      811338      -1024        216    73.34    73.53       2.95
      893266      -1024        232    80.70    80.89       2.87
      980200      -1024        249    88.79    88.98        2.8
     1077937      -1024        267    97.69    97.88       2.73
     1187250      -1024        297   107.48   107.67       2.76
     1309299      -1024        319   118.25   118.44        2.7
     1440141      -1024        362   130.10   130.29       2.78
     1585318      -1024        395   143.13   143.32       2.76
     1743179      -1024        433   157.47   157.66       2.75
     1917655      -1024        467   173.24   173.43        2.7
     2027122      -1024        500   183.03   183.22       2.73
Time to solution 0.36606s, assuming true minimum is -1024
