N=8
Mode: 1
Seed: 18
Search strategy: 0
Initialising random weight matrix with 502 working nodes
502 working nodes out of 512
States are 0,1
Weight-choosing mode: 5
Min time to run: 1000s
Max time to run: 50000s
Groundtruth: -928
           1       -874          1     0.00
           4       -894          1     0.00
          32       -896          1     0.01
          61       -898          1     0.01
          67       -906          1     0.02
         528       -912          1     0.12
        3904       -914          1     0.85
        6440       -916          1     1.41
       21304       -918          1     4.67
       44054       -918          1     9.67
       66833       -918          1    14.67
       89586       -918          2    19.67
      112376       -918          2    24.67
      135192       -918          3    29.67
      157924       -918          7    34.67
      180608       -918          8    39.67
      203259       -918         10    44.67
      225964       -918         12    49.67
      248788       -918         12    54.67
      260663       -920          1    57.26
      286756       -920          1    62.99
      315439       -920          1    69.29
      347101       -920          1    76.22
      381912       -920          2    83.85
      420300       -920          3    92.24
      440260       -922          1    96.61
      484426       -922          1   106.28
      533048       -922          1   116.91
      586540       -922          1   128.61
      645353       -922          1   141.48
      710012       -922          1   155.63
      780857       -922          2   171.20
      858488       -922          2   188.32
      944327       -922          2   207.16
     1039171       -922          3   227.88
     1143435       -922          3   250.67
     1258005       -922          3   275.74
     1384245       -922          3   303.32
     1523044       -922          3   333.66
     1675761       -922          4   367.03
     1843788       -922          4   403.74
     2028526       -922          5   444.12
     2125082       -924          1   465.24
     2337971       -924          1   511.77
     2571977       -924          1   562.95
     2828455       -924          1   619.25
     3110937       -924          1   681.18
     3422284       -924          1   749.30
     3702313       -926          1   810.82
     4073224       -926          1   891.91
     4481067       -926          1   981.11
     4929428       -926          1  1079.23
     5421748       -926          2  1187.16
     5963613       -926          2  1305.88
     6559567       -926          2  1436.47
     7216126       -926          2  1580.12
     7938880       -926          2  1738.14
     8733371       -926          2  1911.96
     9605741       -926          2  2103.16
    10565991       -926          2  2313.48
    11623586       -926          3  2544.83
    12785087       -926          4  2799.32
    14061436       -926          4  3079.26
    15466738       -926          4  3387.19
    17011924       -926          4  3725.91
    18714016       -926          4  4098.51
    20585342       -926          4  4508.37
    22644866       -926          4  4959.21
    24908179       -926          4  5455.14
    27399987       -926          4  6000.66
    30141450       -926          4  6600.73
    33158070       -926          4  7260.81
    36472512       -926          4  7986.90
    38344700       -928          1  8396.99
    42176972       -928          1  9236.69
    46393619       -928          1 10160.36
    51025072       -928          1 11176.40
    56132391       -928          1 12294.04
    61742942       -928          1 13523.45
    67914981       -928          1 14875.80
    74702921       -928          1 16363.39
    82172753       -928          1 17999.73
    90396099       -928          1 19799.71
    99437831       -928          1 21779.69
   109365910       -928          1 23957.66
   120303803       -928          1 26353.43
   132341275       -928          1 28988.78
   145588277       -928          1 31887.66
   160151501       -928          2 35076.43
   176169014       -928          2 38584.08
   193790796       -928          2 42442.49
   213169972       -928          2 46686.74
   228284708       -928          2 50000.00
Time to solution 25000s, assuming true minimum is -928
