N=8
Mode: 1
Seed: 182
Search strategy: 0
Initialising random weight matrix with 502 working nodes
502 working nodes out of 512
States are 0,1
Weight-choosing mode: 5
Min time to run: 0.5s
Max time to run: 1e+10s
Solutions are independent
           1       -894          0     0.00     0.00       -nan
           7       -896          0     0.00     0.00       -nan
          30       -898          0     0.00     0.00       -nan
          83       -900          0     0.00     0.00       -nan
        3032       -902          0     0.00     0.32       -nan
       44999       -902         25     5.00     5.32          5
       86726       -902         58    10.00    10.32        5.8
      129535       -902         80    15.00    15.32       5.33
      171628       -902        102    20.00    20.32        5.1
      214132       -902        133    25.00    25.32       5.32
      256701       -902        157    30.00    30.32       5.23
      299503       -902        182    35.00    35.32        5.2
      340046       -902        205    40.00    40.32       5.12
      383010       -902        228    45.00    45.32       5.07
      425290       -902        247    50.00    50.32       4.94
      468518       -902        274    55.04    55.36       4.98
      515548       -902        303    60.58    60.90          5
      566842       -902        328    66.68    67.00       4.92
      622092       -902        357    73.38    73.70       4.87
      682720       -902        382    80.76    81.08       4.73
      749797       -902        414    88.87    89.19       4.66
      824196       -902        460    97.79    98.11        4.7
      889681       -902        500   105.52   105.84       4.74
Time to solution 0.21104s, assuming true minimum is -902
