N=8
Mode: 1
Seed: 185
Search strategy: 0
Initialising random weight matrix with 502 working nodes
502 working nodes out of 512
States are 0,1
Weight-choosing mode: 5
Min time to run: 0.5s
Max time to run: 1e+10s
Solutions are independent
           1       -970          0     0.00     0.00       -nan
           4       -982          0     0.00     0.00       -nan
          10       -990          0     0.00     0.00       -nan
          69       -994          0     0.00     0.01       -nan
        2082       -996          0     0.00     0.19       -nan
        7662      -1000          0     0.00     0.75       -nan
       59309      -1000         18     5.00     5.75        3.6
      110870      -1000         40    10.00    10.75          4
      161577      -1000         51    15.00    15.75        3.4
      213766      -1000         74    20.00    20.75        3.7
      267652      -1000        100    25.00    25.75          4
      318065      -1000        117    30.00    30.75        3.9
      369964      -1000        131    35.00    35.75       3.74
      421034      -1000        150    40.00    40.75       3.75
      473673      -1000        166    45.00    45.75       3.69
      524795      -1000        182    50.00    50.75       3.64
      576470      -1000        195    55.08    55.83       3.54
      633509      -1000        210    60.67    61.42       3.46
      697324      -1000        232    66.82    67.57       3.47
      765525      -1000        256    73.58    74.33       3.48
      842899      -1000        276    81.02    81.77       3.41
      927224      -1000        307    89.20    89.95       3.44
     1019819      -1000        340    98.20    98.95       3.46
     1119783      -1000        372   108.10   108.85       3.44
     1232136      -1000        404   118.99   119.74        3.4
     1353544      -1000        444   130.97   131.72       3.39
     1488980      -1000        493   144.15   144.90       3.42
     1502389      -1000        500   145.49   146.24       3.44
Time to solution 0.29098s, assuming true minimum is -1000
