N=8
Mode: 1
Seed: 19
Search strategy: 0
Initialising random weight matrix with 502 working nodes
502 working nodes out of 512
States are 0,1
Weight-choosing mode: 5
Min time to run: 0.5s
Max time to run: 1e+10s
Solutions are independent
           1       -922          0     0.00     0.00       -nan
           2       -930          0     0.00     0.00       -nan
           3       -934          0     0.00     0.00       -nan
          55       -936          0     0.00     0.01       -nan
         193       -938          0     0.00     0.02       -nan
         195       -940          0     0.00     0.02       -nan
         207       -944          0     0.00     0.02       -nan
        1613       -946          0     0.00     0.15       -nan
        3005       -950          0     0.00     0.27       -nan
       57194       -950          3     5.00     5.27        0.6
      109286       -950          3    10.00    10.27        0.3
      161566       -950          6    15.00    15.27        0.4
      214095       -950          7    20.00    20.27       0.35
      267185       -950          8    25.00    25.27       0.32
      320925       -950         11    30.00    30.27      0.367
      375214       -950         15    35.00    35.27      0.429
      428692       -950         19    40.00    40.27      0.475
      482481       -950         21    45.00    45.27      0.467
      535107       -950         21    50.00    50.27       0.42
      588797       -950         24    55.03    55.30      0.436
      647900       -950         26    60.56    60.83      0.429
      714463       -950         30    66.65    66.92       0.45
      786393       -950         36    73.35    73.62      0.491
      864439       -950         40    80.72    80.99      0.496
      951170       -950         44    88.82    89.09      0.495
     1042173       -950         44    97.73    98.00       0.45
     1145297       -950         49   107.54   107.81      0.456
     1260926       -950         54   118.33   118.60      0.456
     1386439       -950         57   130.19   130.46      0.438
     1528400       -950         64   143.24   143.51      0.447
     1685363       -950         72   157.60   157.87      0.457
     1851382       -950         80   173.39   173.66      0.461
     2034467       -950         91   190.76   191.03      0.477
     2240698       -950        101   209.87   210.14      0.481
     2463923       -950        111   230.89   231.16      0.481
     2713909       -950        124   254.01   254.28      0.488
     2982453       -950        133   279.44   279.71      0.476
     3280159       -950        144   307.42   307.69      0.468
     3609094       -950        161   338.19   338.46      0.476
     3967570       -950        173   372.04   372.31      0.465
     4363748       -950        195   409.28   409.55      0.476
     4802940       -950        221   450.24   450.51      0.491
     5281294       -950        249   495.30   495.57      0.503
     5804883       -950        274   544.86   545.13      0.503
     6382046       -950        304   599.38   599.65      0.507
     7017744       -950        337   659.35   659.62      0.511
     7710997       -950        365   725.32   725.59      0.503
     8478611       -950        401   797.88   798.15      0.503
     9324536       -950        442   877.70   877.97      0.504
    10261499       -950        488   965.50   965.77      0.505
    10470839       -950        500   985.22   985.49      0.508
Time to solution 1.97044s, assuming true minimum is -950
