N=8
Mode: 1
Seed: 193
Search strategy: 0
Initialising random weight matrix with 502 working nodes
502 working nodes out of 512
States are 0,1
Weight-choosing mode: 5
Min time to run: 0.5s
Max time to run: 1e+10s
Solutions are independent
           1       -906          0     0.00     0.00       -nan
           2       -922          0     0.00     0.00       -nan
           9       -932          0     0.00     0.00       -nan
        3794       -934          0     0.00     0.40       -nan
        5174       -936          0     0.00     0.53       -nan
       58934       -936         19     5.00     5.53        3.8
      111754       -936         34    10.01    10.54        3.4
      165510       -936         53    15.01    15.54       3.53
      219180       -936         69    20.01    20.54       3.45
      273162       -936         85    25.01    25.54        3.4
      327359       -936        105    30.01    30.54        3.5
      380376       -936        125    35.01    35.54       3.57
      431809       -936        135    40.01    40.54       3.37
      484324       -936        148    45.01    45.54       3.29
      538785       -936        171    50.01    50.54       3.42
      593296       -936        190    55.07    55.60       3.45
      652375       -936        200    60.64    61.17        3.3
      718560       -936        218    66.76    67.29       3.27
      790862       -936        249    73.49    74.02       3.39
      867431       -936        269    80.90    81.43       3.33
      956611       -936        307    89.05    89.58       3.45
     1053118       -936        334    98.01    98.54       3.41
     1157816       -936        356   107.87   108.40        3.3
     1274056       -936        400   118.72   119.25       3.37
     1402946       -936        442   130.65   131.18       3.38
     1541138       -936        479   143.77   144.30       3.33
     1616036       -936        500   150.78   151.31       3.32
Time to solution 0.30156s, assuming true minimum is -936
