N=8
Mode: 1
Seed: 196
Search strategy: 0
Initialising random weight matrix with 502 working nodes
502 working nodes out of 512
States are 0,1
Weight-choosing mode: 5
Min time to run: 0.5s
Max time to run: 1e+10s
Solutions are independent
           1       -902          0     0.00     0.00       -nan
           2       -908          0     0.00     0.00       -nan
          32       -920          0     0.00     0.00       -nan
          46       -926          0     0.00     0.00       -nan
          58       -934          0     0.00     0.01       -nan
         342       -936          0     0.00     0.03       -nan
        8948       -938          0     0.00     0.83       -nan
       61716       -938         32     5.00     5.83        6.4
      115021       -938         64    10.00    10.83        6.4
      168990       -938         98    15.00    15.83       6.53
      222005       -938        121    20.00    20.83       6.05
      275154       -938        150    25.00    25.83          6
      327462       -938        176    30.00    30.83       5.87
      379666       -938        205    35.00    35.83       5.86
      431806       -938        227    40.00    40.83       5.67
      484726       -938        253    45.00    45.83       5.62
      537445       -938        284    50.00    50.83       5.68
      591336       -938        315    55.09    55.92       5.72
      650778       -938        348    60.69    61.52       5.73
      716246       -938        383    66.85    67.68       5.73
      788547       -938        420    73.62    74.45        5.7
      866666       -938        478    81.07    81.90        5.9
      899243       -938        500    84.12    84.95       5.94
Time to solution 0.16824s, assuming true minimum is -938
