N=8
Mode: 1
Seed: 2
Search strategy: 0
Initialising random weight matrix with 502 working nodes
502 working nodes out of 512
States are 0,1
Weight-choosing mode: 5
Min time to run: 0.5s
Max time to run: 1e+10s
Solutions are independent
           1       -878          0     0.00     0.00       -nan
           2       -888          0     0.00     0.00       -nan
           9       -890          0     0.00     0.01       -nan
          14       -892          0     0.00     0.01       -nan
          82       -896          0     0.00     0.01       -nan
         544       -898          0     0.00     0.05       -nan
        2982       -900          0     0.00     0.27       -nan
       58579       -900         35     5.00     5.27          7
      114107       -900         69    10.00    10.27        6.9
      171449       -900        107    15.00    15.27       7.13
      227079       -900        141    20.00    20.27       7.05
      282864       -900        177    25.00    25.27       7.08
      339501       -900        214    30.00    30.27       7.13
      393897       -900        250    35.00    35.27       7.14
      449329       -900        288    40.00    40.27        7.2
      504456       -900        324    45.00    45.27        7.2
      558815       -900        362    50.00    50.27       7.24
      614306       -900        393    55.03    55.30       7.14
      674956       -900        431    60.57    60.84       7.12
      741590       -900        475    66.66    66.93       7.13
      777493       -900        500    69.90    70.17       7.15
Time to solution 0.1398s, assuming true minimum is -900
