N=8
Mode: 1
Seed: 20
Search strategy: 0
Initialising random weight matrix with 502 working nodes
502 working nodes out of 512
States are 0,1
Weight-choosing mode: 5
Min time to run: 1000s
Max time to run: 10000s
Groundtruth: -952
           1       -898          1     0.00
           2       -906          1     0.00
           3       -910          1     0.00
           6       -936          1     0.00
          43       -938          1     0.01
        1426       -940          1     0.26
        2194       -942          1     0.40
       14518       -944          1     2.66
       25434       -946          1     4.66
       29071       -948          1     5.32
       56261       -948          1    10.32
       83459       -948          1    15.32
      110741       -948          2    20.32
      137983       -948          2    25.32
      165114       -948          2    30.32
      192154       -948          2    35.32
      219263       -948          3    40.32
      246307       -948          3    45.32
      273401       -948          3    50.32
      287433       -950          1    52.89
      316275       -950          1    58.18
      347832       -950          1    64.00
      382657       -950          1    70.40
      420983       -950          1    77.45
      462980       -950          1    85.20
      480782       -952          1    88.48
      528814       -952          1    97.33
      581794       -952          1   107.07
      640166       -952          1   117.78
      704287       -952          1   129.56
      772747       -952          1   142.52
      850097       -952          1   156.78
      935291       -952          1   172.46
     1028979       -952          1   189.71
     1131518       -952          1   208.69
     1244995       -952          1   229.56
     1369589       -952          1   252.52
     1506947       -952          1   277.78
     1657871       -952          1   305.56
     1824191       -952          1   336.12
     2007066       -952          1   369.74
     2207934       -952          1   406.72
     2429397       -952          1   447.40
     2672609       -952          1   492.14
     2939841       -952          1   541.36
     3233774       -952          1   595.50
     3557110       -952          1   655.06
     3912469       -952          1   720.57
     4304796       -952          1   792.63
     4731628       -952          1   871.90
     5205596       -952          1   959.09
     5727024       -952          1  1055.00
     6300207       -952          1  1160.50
     6930440       -952          1  1276.56
     7624264       -952          1  1404.22
     8387191       -952          2  1544.65
     9225218       -952          2  1699.12
    10149377       -952          2  1869.04
    11163900       -952          2  2055.95
    12282443       -952          2  2261.55
    13514882       -952          2  2487.71
    14863153       -952          2  2736.49
    16348412       -952          2  3010.14
    17976955       -952          2  3311.16
    19775723       -952          2  3642.28
    21762239       -952          3  4006.51
    23917338       -952          3  4407.17
    26314431       -952          5  4847.89
    28943575       -952          5  5332.68
    31834121       -952          5  5865.95
    35023779       -952          5  6452.55
    38441251       -952          5  7097.81
    42288139       -952          6  7807.60
    46547977       -952          7  8588.36
    51210248       -952          7  9447.20
    54219604       -952          8 10000.00
Time to solution 1250s, assuming true minimum is -952
