N=8
Mode: 1
Seed: 203
Search strategy: 0
Initialising random weight matrix with 502 working nodes
502 working nodes out of 512
States are 0,1
Weight-choosing mode: 5
Min time to run: 0.5s
Max time to run: 1e+10s
Solutions are independent
           1       -918          0     0.00     0.00       -nan
           6       -920          0     0.00     0.00       -nan
          33       -926          0     0.00     0.00       -nan
          72       -928          0     0.00     0.01       -nan
         164       -930          0     0.00     0.02       -nan
         436       -932          0     0.00     0.05       -nan
         681       -934          0     0.00     0.08       -nan
        9777       -936          0     0.00     0.90       -nan
       61920       -936         38     5.00     5.90        7.6
      112843       -936         72    10.00    10.90        7.2
      165619       -936        109    15.00    15.90       7.27
      218147       -936        157    20.00    20.90       7.85
      270480       -936        191    25.00    25.90       7.64
      321011       -936        222    30.00    30.90        7.4
      371248       -936        254    35.00    35.90       7.26
      422561       -936        290    40.00    40.90       7.25
      475148       -936        321    45.00    45.90       7.13
      527347       -936        362    50.00    50.90       7.24
      580148       -936        400    55.09    55.99       7.26
      639391       -936        433    60.69    61.59       7.13
      703568       -936        481    66.85    67.75        7.2
      737412       -936        500    70.12    71.02       7.13
Time to solution 0.14024s, assuming true minimum is -936
