N=8
Mode: 1
Seed: 206
Search strategy: 0
Initialising random weight matrix with 502 working nodes
502 working nodes out of 512
States are 0,1
Weight-choosing mode: 5
Min time to run: 0.5s
Max time to run: 1e+10s
Solutions are independent
           1      -1032          0     0.00     0.00       -nan
           2      -1044          0     0.00     0.00       -nan
           3      -1056          0     0.00     0.00       -nan
         915      -1058          0     0.00     0.09       -nan
        1057      -1062          0     0.00     0.10       -nan
       56993      -1064          0     0.00     4.75       -nan
      115759      -1064          5     5.00     9.75          1
      176063      -1064         12    10.00    14.75        1.2
      229232      -1066          0     0.00    19.24       -nan
      289001      -1066          1     5.00    24.24        0.2
      349898      -1066          4    10.00    29.24        0.4
      408629      -1066          4    15.00    34.24      0.267
      472810      -1066          4    20.00    39.24        0.2
      533881      -1066          4    25.00    44.24       0.16
      595282      -1066          4    30.00    49.24      0.133
      655284      -1066          6    35.00    54.24      0.171
      722763      -1066          7    40.43    59.67      0.173
      797061      -1066          8    46.40    65.64      0.172
      875140      -1066          9    52.97    72.21       0.17
      962915      -1066         12    60.20    79.44      0.199
     1058501      -1066         14    68.15    87.39      0.205
     1163795      -1066         19    76.89    96.13      0.247
     1280489      -1066         24    86.51   105.75      0.277
     1406959      -1066         27    97.09   116.33      0.278
     1548624      -1066         27   108.73   127.97      0.248
     1704701      -1066         32   121.53   140.77      0.263
     1875381      -1066         34   135.61   154.85      0.251
     2069257      -1066         37   151.10   170.34      0.245
     2278989      -1066         38   168.14   187.38      0.226
     2501916      -1066         41   186.88   206.12      0.219
     2747378      -1066         45   207.50   226.74      0.217
     3025432      -1066         51   230.18   249.42      0.222
     3328127      -1066         53   255.13   274.37      0.208
     3664257      -1066         59   282.57   301.81      0.209
     4041695      -1066         62   312.76   332.00      0.198
     4444100      -1066         73   345.97   365.21      0.211
     4887764      -1066         81   382.50   401.74      0.212
     5374357      -1066         90   422.68   441.92      0.213
     5913229      -1066        100   466.88   486.12      0.214
     6507616      -1066        114   515.50   534.74      0.221
     7157468      -1066        127   568.98   588.22      0.223
     7869089      -1066        137   627.81   647.05      0.218
     8656537      -1066        153   692.52   711.76      0.221
     9526284      -1066        168   763.70   782.94       0.22
    10465522      -1066        181   842.00   861.24      0.215
    11505002      -1066        195   928.13   947.37       0.21
    12651386      -1066        209  1022.87  1042.11      0.204
    13914585      -1066        238  1127.09  1146.33      0.211
    15300792      -1066        258  1241.73  1260.97      0.208
    16837694      -1066        280  1367.83  1387.07      0.205
    18513326      -1066        308  1506.54  1525.78      0.204
    20361667      -1066        340  1659.12  1678.36      0.205
    22403620      -1066        375  1826.96  1846.20      0.205
    24634872      -1066        424  2011.59  2030.83      0.211
    27088561      -1066        474  2214.68  2233.92      0.214
    28162583      -1066        500  2303.22  2322.46      0.217
Time to solution 4.60644s, assuming true minimum is -1066
