N=8
Mode: 1
Seed: 207
Search strategy: 0
Initialising random weight matrix with 502 working nodes
502 working nodes out of 512
States are 0,1
Weight-choosing mode: 5
Min time to run: 0.5s
Max time to run: 1e+10s
Solutions are independent
           1       -946          0     0.00     0.00       -nan
           2       -964          0     0.00     0.00       -nan
           5       -970          0     0.00     0.00       -nan
         268       -972          0     0.00     0.03       -nan
         489       -974          0     0.00     0.04       -nan
         740       -976          0     0.00     0.06       -nan
        2907       -980          0     0.00     0.26       -nan
       59040       -980         27     5.00     5.26        5.4
      116285       -980         51    10.00    10.26        5.1
      171939       -980         86    15.00    15.26       5.73
      228961       -980        119    20.00    20.26       5.95
      287003       -980        147    25.00    25.26       5.88
      344410       -980        179    30.00    30.26       5.97
      400052       -980        203    35.01    35.27        5.8
      456548       -980        228    40.01    40.27        5.7
      512732       -980        259    45.01    45.27       5.75
      569883       -980        285    50.01    50.27        5.7
      626055       -980        311    55.04    55.30       5.65
      688298       -980        343    60.57    60.83       5.66
      756845       -980        375    66.66    66.92       5.63
      834332       -980        419    73.36    73.62       5.71
      917110       -980        464    80.73    80.99       5.75
      980620       -980        500    86.30    86.56       5.79
Time to solution 0.1726s, assuming true minimum is -980
