N=8
Mode: 1
Seed: 210
Search strategy: 0
Initialising random weight matrix with 502 working nodes
502 working nodes out of 512
States are 0,1
Weight-choosing mode: 5
Min time to run: 0.5s
Max time to run: 1e+10s
Solutions are independent
           1      -1004          0     0.00     0.00       -nan
          16      -1006          0     0.00     0.00       -nan
          19      -1008          0     0.00     0.00       -nan
          31      -1014          0     0.00     0.00       -nan
          92      -1018          0     0.00     0.00       -nan
         121      -1020          0     0.00     0.01       -nan
         221      -1022          0     0.00     0.02       -nan
        1944      -1026          0     0.00     0.19       -nan
       55597      -1026         14     5.00     5.19        2.8
      108990      -1026         24    10.01    10.20        2.4
      163143      -1026         35    15.01    15.20       2.33
      216636      -1026         41    20.01    20.20       2.05
      269558      -1026         51    25.01    25.20       2.04
      322490      -1026         60    30.01    30.20          2
      376115      -1026         67    35.01    35.20       1.91
      428960      -1026         76    40.01    40.20        1.9
      482264      -1026         83    45.01    45.20       1.84
      535637      -1026         95    50.01    50.20        1.9
      589012      -1026        105    55.04    55.23       1.91
      647937      -1026        111    60.57    60.76       1.83
      711571      -1026        120    66.65    66.84        1.8
      783239      -1026        136    73.34    73.53       1.85
      862282      -1026        151    80.70    80.89       1.87
      948253      -1026        164    88.79    88.98       1.85
     1043767      -1026        182    97.69    97.88       1.86
     1149812      -1026        197   107.48   107.67       1.83
     1264704      -1026        215   118.25   118.44       1.82
     1391600      -1026        237   130.10   130.29       1.82
     1533043      -1026        263   143.13   143.32       1.84
     1686567      -1026        294   157.47   157.66       1.87
     1855913      -1026        321   173.24   173.43       1.85
     2039740      -1026        350   190.59   190.78       1.84
     2242033      -1026        380   209.67   209.86       1.81
     2466723      -1026        422   230.66   230.85       1.83
     2708754      -1026        466   253.75   253.94       1.84
     2916585      -1026        500   273.31   273.50       1.83
Time to solution 0.54662s, assuming true minimum is -1026
