N=8
Mode: 1
Seed: 217
Search strategy: 0
Initialising random weight matrix with 502 working nodes
502 working nodes out of 512
States are 0,1
Weight-choosing mode: 5
Min time to run: 0.5s
Max time to run: 1e+10s
Solutions are independent
           1       -864          0     0.00     0.00       -nan
           3       -866          0     0.00     0.00       -nan
           4       -876          0     0.00     0.00       -nan
          20       -882          0     0.00     0.00       -nan
         305       -888          0     0.00     0.04       -nan
         351       -890          0     0.00     0.04       -nan
        1404       -892          0     0.00     0.14       -nan
        2408       -894          0     0.00     0.24       -nan
       31418       -896          0     0.00     2.66       -nan
       89110       -896         22     5.00     7.66        4.4
      147707       -896         43    10.00    12.66        4.3
      204738       -896         57    15.00    17.66        3.8
      263473       -896         86    20.00    22.66        4.3
      322711       -896        108    25.00    27.66       4.32
      381216       -896        131    30.00    32.66       4.37
      440511       -896        153    35.00    37.66       4.37
      498134       -896        178    40.00    42.66       4.45
      556918       -896        194    45.00    47.66       4.31
      615465       -896        215    50.00    52.66        4.3
      675696       -896        226    55.27    57.93       4.09
      743880       -896        248    61.07    63.73       4.06
      817800       -896        276    67.45    70.11       4.09
      899922       -896        309    74.47    77.13       4.15
      989936       -896        346    82.19    84.85       4.21
     1090994       -896        393    90.68    93.34       4.33
     1200022       -896        440   100.02   102.68        4.4
     1321080       -896        481   110.29   112.95       4.36
     1369769       -896        500   114.42   117.08       4.37
Time to solution 0.22884s, assuming true minimum is -896
