N=8
Mode: 1
Seed: 220
Search strategy: 0
Initialising random weight matrix with 502 working nodes
502 working nodes out of 512
States are 0,1
Weight-choosing mode: 5
Min time to run: 0.5s
Max time to run: 1e+10s
Solutions are independent
           1       -944          0     0.00     0.00       -nan
           3       -956          0     0.00     0.00       -nan
          18       -960          0     0.00     0.00       -nan
          23       -970          0     0.00     0.00       -nan
         321       -972          0     0.00     0.03       -nan
         596       -974          0     0.00     0.06       -nan
        1527       -978          0     0.00     0.14       -nan
       59867       -978         10     5.00     5.14          2
      116682       -978         30    10.00    10.14          3
      172339       -978         43    15.00    15.14       2.87
      230867       -978         56    20.00    20.14        2.8
      289052       -978         70    25.00    25.14        2.8
      346365       -978         81    30.00    30.14        2.7
      404364       -978         94    35.00    35.14       2.69
      461403       -978        106    40.00    40.14       2.65
      520368       -978        127    45.00    45.14       2.82
      578429       -978        141    50.00    50.14       2.82
      636498       -978        155    55.02    55.16       2.82
      700472       -978        170    60.54    60.68       2.81
      770920       -978        185    66.61    66.75       2.78
      849088       -978        209    73.29    73.43       2.85
      933093       -978        230    80.64    80.78       2.85
     1026874       -978        254    88.72    88.86       2.86
     1130978       -978        281    97.61    97.75       2.88
     1245150       -978        313   107.39   107.53       2.91
     1372211       -978        341   118.15   118.29       2.89
     1510013       -978        372   129.98   130.12       2.86
     1659662       -978        407   143.00   143.14       2.85
     1827672       -978        451   157.32   157.46       2.87
     2010629       -978        498   173.07   173.21       2.88
     2022084       -978        500   174.05   174.19       2.87
Time to solution 0.3481s, assuming true minimum is -978
