N=8
Mode: 1
Seed: 223
Search strategy: 0
Initialising random weight matrix with 502 working nodes
502 working nodes out of 512
States are 0,1
Weight-choosing mode: 5
Min time to run: 0.5s
Max time to run: 1e+10s
Solutions are independent
           1       -956          0     0.00     0.00       -nan
           4       -958          0     0.00     0.00       -nan
           5       -962          0     0.00     0.00       -nan
          14       -966          0     0.00     0.00       -nan
          16       -970          0     0.00     0.00       -nan
         178       -972          0     0.00     0.02       -nan
         197       -974          0     0.00     0.03       -nan
         871       -976          0     0.00     0.09       -nan
        1479       -978          0     0.00     0.15       -nan
        6781       -980          0     0.00     0.61       -nan
       62582       -980         21     5.00     5.61        4.2
      119545       -980         36    10.00    10.61        3.6
      177722       -980         52    15.00    15.61       3.47
      234740       -980         71    20.00    20.61       3.55
      292029       -980         86    25.00    25.61       3.44
      348913       -980        105    30.00    30.61        3.5
      405709       -980        122    35.00    35.61       3.49
      461992       -980        139    40.00    40.61       3.48
      518877       -980        162    45.00    45.61        3.6
      575859       -980        182    50.00    50.61       3.64
      633688       -980        203    55.07    55.68       3.69
      697218       -980        226    60.64    61.25       3.73
      766596       -980        253    66.77    67.38       3.79
      843713       -980        282    73.51    74.12       3.84
      927005       -980        306    80.93    81.54       3.78
     1019454       -980        335    89.09    89.70       3.76
     1120687       -980        370    98.07    98.68       3.77
     1233562       -980        397   107.94   108.55       3.68
     1355732       -980        432   118.80   119.41       3.64
     1490937       -980        472   130.75   131.36       3.61
     1591692       -980        500   139.57   140.18       3.58
Time to solution 0.27914s, assuming true minimum is -980
