N=8
Mode: 1
Seed: 224
Search strategy: 0
Initialising random weight matrix with 502 working nodes
502 working nodes out of 512
States are 0,1
Weight-choosing mode: 5
Min time to run: 0.5s
Max time to run: 1e+10s
Solutions are independent
           1       -926          0     0.00     0.00       -nan
        2782       -928          0     0.00     0.26       -nan
        3971       -930          0     0.00     0.37       -nan
       31131       -932          0     0.00     2.83       -nan
       87007       -932          6     5.00     7.83        1.2
      143629       -932         15    10.00    12.83        1.5
      198019       -932         20    15.00    17.83       1.33
      255372       -932         28    20.00    22.83        1.4
      310561       -932         32    25.00    27.83       1.28
      367159       -932         40    30.00    32.83       1.33
      423576       -932         46    35.00    37.83       1.31
      479627       -932         49    40.00    42.83       1.23
      533976       -932         57    45.00    47.83       1.27
      590534       -932         60    50.00    52.83        1.2
      649756       -932         66    55.29    58.12       1.19
      715392       -932         72    61.11    63.94       1.18
      786981       -932         78    67.51    70.34       1.16
      865988       -932         88    74.55    77.38       1.18
      950282       -932         97    82.29    85.12       1.18
     1046063       -932        112    90.81    93.64       1.23
     1149983       -932        117   100.18   103.01       1.17
     1266298       -932        127   110.49   113.32       1.15
     1392203       -932        142   121.83   124.66       1.17
     1531073       -932        157   134.30   137.13       1.17
     1685603       -932        175   148.02   150.85       1.18
     1853311       -932        194   163.11   165.94       1.19
     2035147       -932        217   179.71   182.54       1.21
     2236288       -932        238   197.97   200.80        1.2
     2459900       -932        257   218.06   220.89       1.18
     2706099       -932        284   240.15   242.98       1.18
     2978262       -932        315   264.45   267.28       1.19
     3274965       -932        341   291.18   294.01       1.17
     3598586       -932        373   320.59   323.42       1.16
     3958413       -932        398   352.94   355.77       1.13
     4357299       -932        438   388.52   391.35       1.13
     4795552       -932        479   427.66   430.49       1.12
     5023769       -932        500   448.19   451.02       1.12
Time to solution 0.89638s, assuming true minimum is -932
