N=8
Mode: 1
Seed: 226
Search strategy: 0
Initialising random weight matrix with 502 working nodes
502 working nodes out of 512
States are 0,1
Weight-choosing mode: 5
Min time to run: 0.5s
Max time to run: 1e+10s
Solutions are independent
           1       -946          0     0.00     0.00       -nan
           2       -962          0     0.00     0.00       -nan
          36       -966          0     0.00     0.00       -nan
          64       -972          0     0.00     0.01       -nan
         183       -974          0     0.00     0.02       -nan
        5585       -976          0     0.00     0.52       -nan
       59692       -976         57     5.00     5.52       11.4
      113068       -976        120    10.00    10.52         12
      166929       -976        161    15.00    15.52       10.7
      221817       -976        208    20.00    20.52       10.4
      267669       -978          0     0.00    24.82       -nan
      319090       -978          1     5.00    29.82        0.2
      370805       -978          3    10.00    34.82        0.3
      421145       -978          3    15.00    39.82        0.2
      472462       -978          9    20.00    44.82       0.45
      523506       -978          9    25.00    49.82       0.36
      574027       -978          9    30.00    54.82        0.3
      629273       -978         10    35.49    60.31      0.282
      694275       -978         12    41.53    66.35      0.289
      763639       -978         16    48.17    72.99      0.332
      841242       -978         20    55.47    80.29      0.361
      924243       -978         23    63.50    88.32      0.362
     1018132       -978         30    72.34    97.16      0.415
     1119280       -978         36    82.06   106.88      0.439
     1231935       -978         37    92.75   117.57      0.399
     1358085       -978         43   104.51   129.33      0.411
     1494353       -978         49   117.45   142.27      0.417
     1643878       -978         57   131.68   156.50      0.433
     1808997       -978         65   147.33   172.15      0.441
     1990217       -978         73   164.55   189.37      0.444
     2187617       -978         81   183.49   208.31      0.441
     2405462       -978         93   204.33   229.15      0.455
     2643775       -978        103   227.25   252.07      0.453
     2905315       -978        114   252.46   277.28      0.452
     3195114       -978        125   280.19   305.01      0.446
     3513451       -978        142   310.70   335.52      0.457
     3862633       -978        163   344.26   369.08      0.473
     4244945       -978        176   381.17   405.99      0.462
     4666273       -978        201   421.77   446.59      0.477
     5132624       -978        216   466.43   491.25      0.463
     5648375       -978        247   515.56   540.38      0.479
     6212923       -978        275   569.60   594.42      0.483
     6834807       -978        311   629.05   653.87      0.494
     7522231       -978        349   694.44   719.26      0.503
     8275072       -978        381   766.37   791.19      0.497
     9101200       -978        412   845.49   870.31      0.487
    10009543       -978        462   932.53   957.35      0.495
    11004878       -978        497  1028.27  1053.09      0.483
    11054933       -978        500  1032.96  1057.78      0.484
Time to solution 2.06592s, assuming true minimum is -978
