N=8
Mode: 1
Seed: 229
Search strategy: 0
Initialising random weight matrix with 502 working nodes
502 working nodes out of 512
States are 0,1
Weight-choosing mode: 5
Min time to run: 0.5s
Max time to run: 1e+10s
Solutions are independent
           1       -968          0     0.00     0.00       -nan
           2       -976          0     0.00     0.00       -nan
           3       -988          0     0.00     0.00       -nan
           5       -992          0     0.00     0.00       -nan
           6       -996          0     0.00     0.00       -nan
          10       -998          0     0.00     0.00       -nan
          31      -1010          0     0.00     0.00       -nan
         280      -1012          0     0.00     0.03       -nan
         655      -1018          0     0.00     0.07       -nan
         697      -1020          0     0.00     0.08       -nan
        4236      -1022          0     0.00     0.40       -nan
        8535      -1024          0     0.00     0.76       -nan
       64467      -1024         27     5.00     5.76        5.4
      119570      -1024         56    10.00    10.76        5.6
      175496      -1024         78    15.00    15.76        5.2
      230136      -1024        110    20.00    20.76        5.5
      285843      -1024        133    25.00    25.76       5.32
      341366      -1024        165    30.00    30.76        5.5
      396426      -1024        195    35.01    35.77       5.57
      449954      -1024        220    40.01    40.77        5.5
      505701      -1024        251    45.01    45.77       5.58
      559398      -1024        274    50.01    50.77       5.48
      614605      -1024        297    55.09    55.85       5.39
      676904      -1024        340    60.68    61.44        5.6
      744888      -1024        376    66.83    67.59       5.63
      818935      -1024        413    73.59    74.35       5.61
      900941      -1024        463    81.03    81.79       5.71
      991094      -1024        494    89.21    89.97       5.54
     1002780      -1024        500    90.25    91.01       5.54
Time to solution 0.1805s, assuming true minimum is -1024
