N=8
Mode: 1
Seed: 23
Search strategy: 0
Initialising random weight matrix with 502 working nodes
502 working nodes out of 512
States are 0,1
Weight-choosing mode: 5
Min time to run: 1000s
Max time to run: 10000s
Groundtruth: -1026
           1       -998          1     0.00
          34      -1012          1     0.00
         114      -1014          1     0.02
        1141      -1016          1     0.21
        1371      -1018          1     0.25
       10030      -1020          1     1.86
       36665      -1020          5     6.86
       50476      -1022          1     9.43
       77179      -1022          2    14.43
      103942      -1022          3    19.43
      130631      -1022          5    24.43
      157416      -1022          7    29.43
      184047      -1022          7    34.43
      204543      -1026          1    38.25
      231221      -1026          1    43.25
      257931      -1026          1    48.25
      284653      -1026          1    53.25
      313026      -1026          1    58.58
      344436      -1026          1    64.44
      378940      -1026          1    70.89
      416916      -1026          1    77.98
      458565      -1026          1    85.78
      504364      -1026          1    94.36
      554769      -1026          1   103.80
      610315      -1026          1   114.18
      671393      -1026          1   125.60
      738509      -1026          1   138.16
      812621      -1026          1   151.98
      893725      -1026          1   167.18
      983021      -1026          1   183.90
     1081584      -1026          1   202.30
     1189768      -1026          1   222.54
     1308921      -1026          1   244.80
     1439892      -1026          1   269.29
     1584276      -1026          1   296.22
     1742796      -1026          1   325.85
     1917431      -1026          1   358.44
     2109294      -1026          1   394.29
     2320378      -1026          1   433.72
     2552397      -1026          1   477.10
     2808119      -1026          1   524.82
     3089491      -1026          1   577.31
     3397779      -1026          1   635.05
     3737432      -1026          1   698.56
     4111681      -1026          1   768.42
     4523326      -1026          1   845.27
     4975564      -1026          1   929.80
     5470724      -1026          1  1022.79
     6017394      -1026          1  1125.07
     6619523      -1026          1  1237.58
     7280526      -1026          1  1361.34
     8009834      -1026          2  1497.48
     8811005      -1026          2  1647.23
     9692300      -1026          3  1811.96
    10662068      -1026          3  1993.16
    11724547      -1026          3  2192.48
    12896882      -1026          3  2411.73
    14189290      -1026          3  2652.91
    15616843      -1026          4  2918.21
    17179053      -1026          5  3210.04
    18895922      -1026          6  3531.05
    20784250      -1026          7  3884.16
    22859679      -1026          7  4272.58
    25142321      -1026          7  4699.84
    27647753      -1026          7  5169.83
    30411340      -1026          8  5686.82
    33457396      -1026          8  6255.51
    36824750      -1026          9  6881.07
    40503904      -1026          9  7569.18
    42071334      -1026         10  7863.36
Time to solution 786.336s, assuming true minimum is -1026
