N=8
Mode: 1
Seed: 231
Search strategy: 0
Initialising random weight matrix with 502 working nodes
502 working nodes out of 512
States are 0,1
Weight-choosing mode: 5
Min time to run: 0.5s
Max time to run: 1e+10s
Solutions are independent
           1       -994          0     0.00     0.00       -nan
          71       -998          0     0.00     0.01       -nan
          94      -1004          0     0.00     0.01       -nan
         204      -1006          0     0.00     0.02       -nan
        2871      -1008          0     0.00     0.26       -nan
        3591      -1010          0     0.00     0.32       -nan
       61104      -1010         45     5.00     5.32          9
      117850      -1010         75    10.00    10.32        7.5
      175134      -1010        110    15.00    15.32       7.33
      232029      -1010        141    20.00    20.32       7.05
      291247      -1010        174    25.00    25.32       6.96
      349176      -1010        210    30.00    30.32          7
      405704      -1010        240    35.00    35.32       6.86
      464051      -1010        273    40.00    40.32       6.83
      521166      -1010        318    45.00    45.32       7.07
      578262      -1010        347    50.00    50.32       6.94
      635527      -1010        380    55.04    55.36        6.9
      698860      -1010        423    60.58    60.90       6.98
      768145      -1010        464    66.68    67.00       6.96
      833721      -1010        500    72.34    72.66       6.91
Time to solution 0.14468s, assuming true minimum is -1010
