N=8
Mode: 1
Seed: 235
Search strategy: 0
Initialising random weight matrix with 502 working nodes
502 working nodes out of 512
States are 0,1
Weight-choosing mode: 5
Min time to run: 0.5s
Max time to run: 1e+10s
Solutions are independent
           1       -976          0     0.00     0.00       -nan
           2       -992          0     0.00     0.00       -nan
           5       -996          0     0.00     0.00       -nan
           9       -998          0     0.00     0.00       -nan
          17      -1000          0     0.00     0.00       -nan
         159      -1002          0     0.00     0.02       -nan
         288      -1004          0     0.00     0.02       -nan
        1062      -1006          0     0.00     0.10       -nan
        4291      -1008          0     0.00     0.40       -nan
       56813      -1008         26     5.00     5.40        5.2
      110153      -1008         71    10.00    10.40        7.1
      163794      -1008         98    15.00    15.40       6.53
      218787      -1008        134    20.00    20.40        6.7
      273595      -1008        177    25.00    25.40       7.08
      326222      -1008        211    30.00    30.40       7.03
      379273      -1008        239    35.00    35.40       6.83
      432534      -1008        260    40.00    40.40        6.5
      487476      -1008        291    45.00    45.40       6.47
      541812      -1008        317    50.00    50.40       6.34
      595656      -1008        349    55.05    55.45       6.34
      655539      -1008        385    60.60    61.00       6.35
      721321      -1008        420    66.71    67.11        6.3
      794731      -1008        456    73.43    73.83       6.21
      861218      -1008        500    79.58    79.98       6.28
Time to solution 0.15916s, assuming true minimum is -1008
