N=8
Mode: 1
Seed: 236
Search strategy: 0
Initialising random weight matrix with 502 working nodes
502 working nodes out of 512
States are 0,1
Weight-choosing mode: 5
Min time to run: 0.5s
Max time to run: 1e+10s
Solutions are independent
           1       -944          0     0.00     0.00       -nan
           3       -952          0     0.00     0.00       -nan
           4       -954          0     0.00     0.00       -nan
           5       -966          0     0.00     0.00       -nan
          37       -968          0     0.00     0.00       -nan
         145       -970          0     0.00     0.01       -nan
         171       -972          0     0.00     0.02       -nan
         205       -974          0     0.00     0.02       -nan
        1214       -976          0     0.00     0.12       -nan
       53590       -976         82     5.00     5.12       16.4
      108129       -976        171    10.01    10.13       17.1
      142612       -978          0     0.00    13.34       -nan
      195054       -978          2     5.00    18.34        0.4
      246808       -978          6    10.00    23.34        0.6
      296592       -978          6    15.00    28.34        0.4
      347375       -978          8    20.00    33.34        0.4
      399788       -978         10    25.00    38.34        0.4
      449665       -978         11    30.00    43.34      0.367
      498725       -978         11    35.00    48.34      0.314
      550071       -978         11    40.00    53.34      0.275
      603985       -978         12    45.34    58.68      0.265
      664082       -978         13    51.21    64.55      0.254
      728316       -978         15    57.67    71.01       0.26
      798487       -978         15    64.78    78.12      0.232
      876579       -978         15    72.60    85.94      0.207
      961580       -978         16    81.20    94.54      0.197
     1055556       -978         18    90.66   104.00      0.199
     1157324       -978         20   101.06   114.40      0.198
     1270834       -978         20   112.51   125.85      0.178
     1401202       -978         23   125.10   138.44      0.184
     1542762       -978         25   138.95   152.29       0.18
     1696844       -978         28   154.18   167.52      0.182
     1862954       -978         28   170.94   184.28      0.164
     2052157       -978         32   189.37   202.71      0.169
     2256520       -978         34   209.65   222.99      0.162
     2478610       -978         35   231.95   245.29      0.151
     2725369       -978         43   256.48   269.82      0.168
     2997362       -978         47   283.47   296.81      0.166
     3299389       -978         54   313.16   326.50      0.172
     3628944       -978         58   345.82   359.16      0.168
     3992647       -978         66   381.74   395.08      0.173
     4395358       -978         75   421.25   434.59      0.178
     4833920       -978         81   464.71   478.05      0.174
     5317287       -978         92   512.52   525.86       0.18
     5850497       -978        102   565.11   578.45       0.18
     6437456       -978        117   622.96   636.30      0.188
     7075733       -978        126   686.59   699.93      0.184
     7780602       -978        135   756.59   769.93      0.178
     8555026       -978        151   833.59   846.93      0.181
     9403393       -978        157   918.29   931.63      0.171
    10340740       -978        175  1011.46  1024.80      0.173
    11376612       -978        190  1113.94  1127.28      0.171
    12510347       -978        204  1226.67  1240.01      0.166
    13760815       -978        221  1350.68  1364.02      0.164
    15135115       -978        247  1487.09  1500.43      0.166
    16640445       -978        274  1637.14  1650.48      0.167
    18304253       -978        301  1802.19  1815.53      0.167
    20141242       -978        348  1983.75  1997.09      0.175
    22151177       -978        389  2183.46  2196.80      0.178
    24354149       -978        425  2403.15  2416.49      0.177
    26791291       -978        467  2644.80  2658.14      0.177
    28928612       -978        500  2857.68  2871.02      0.175
Time to solution 5.71536s, assuming true minimum is -978
