N=8
Mode: 1
Seed: 238
Search strategy: 0
Initialising random weight matrix with 502 working nodes
502 working nodes out of 512
States are 0,1
Weight-choosing mode: 5
Min time to run: 0.5s
Max time to run: 1e+10s
Solutions are independent
           1       -904          0     0.00     0.00       -nan
           2       -906          0     0.00     0.00       -nan
           3       -910          0     0.00     0.00       -nan
           5       -926          0     0.00     0.00       -nan
           6       -934          0     0.00     0.00       -nan
         148       -938          0     0.00     0.01       -nan
         633       -940          0     0.00     0.06       -nan
        1337       -942          0     0.00     0.12       -nan
        2022       -944          0     0.00     0.18       -nan
        6171       -946          0     0.00     0.55       -nan
        7344       -948          0     0.00     0.66       -nan
       66793       -948         36     5.00     5.66        7.2
      127597       -948         82    10.00    10.66        8.2
      187134       -948        115    15.00    15.66       7.67
      247401       -948        168    20.00    20.66        8.4
      308300       -948        207    25.00    25.66       8.28
      368080       -948        243    30.00    30.66        8.1
      429100       -948        273    35.00    35.66        7.8
      489341       -948        308    40.00    40.66        7.7
      548274       -948        351    45.00    45.66        7.8
      608092       -948        375    50.00    50.66        7.5
      668475       -948        417    55.07    55.73       7.57
      735347       -948        465    60.65    61.31       7.67
      784876       -948        500    64.78    65.44       7.72
Time to solution 0.12956s, assuming true minimum is -948
