N=8
Mode: 1
Seed: 239
Search strategy: 0
Initialising random weight matrix with 502 working nodes
502 working nodes out of 512
States are 0,1
Weight-choosing mode: 5
Min time to run: 0.5s
Max time to run: 1e+10s
Solutions are independent
           1       -920          0     0.00     0.00       -nan
           3       -940          0     0.00     0.00       -nan
           5       -946          0     0.00     0.00       -nan
           6       -952          0     0.00     0.00       -nan
          67       -956          0     0.00     0.01       -nan
         821       -958          0     0.00     0.08       -nan
        2888       -960          0     0.00     0.26       -nan
        4037       -962          0     0.00     0.36       -nan
       61177       -962         16     5.00     5.36        3.2
      116434       -962         32    10.00    10.36        3.2
      172643       -962         48    15.00    15.36        3.2
      181919       -964          0     0.00    16.18       -nan
      236440       -964          0     5.00    21.18          0
      292185       -964          2    10.00    26.18        0.2
      348393       -964          3    15.00    31.18        0.2
      404529       -964          5    20.00    36.18       0.25
      459375       -964          7    25.00    41.18       0.28
      513731       -964          7    30.00    46.18      0.233
      568860       -964         10    35.00    51.18      0.286
      623313       -964         11    40.12    56.30      0.274
      685200       -964         11    45.75    61.93       0.24
      753304       -964         12    51.95    68.13      0.231
      828683       -964         13    58.77    74.95      0.221
      910203       -964         13    66.27    82.45      0.196
     1001385       -964         16    74.52    90.70      0.215
     1100965       -964         16    83.60    99.78      0.191
     1209144       -964         17    93.58   109.76      0.182
     1331586       -964         20   104.56   120.74      0.191
     1465769       -964         21   116.64   132.82       0.18
     1610861       -964         23   129.93   146.11      0.177
     1769003       -964         25   144.55   160.73      0.173
     1944988       -964         32   160.63   176.81      0.199
     2139702       -964         35   178.32   194.50      0.196
     2354579       -964         37   197.78   213.96      0.187
     2589657       -964         38   219.18   235.36      0.173
     2850066       -964         45   242.72   258.90      0.185
     3136670       -964         47   268.61   284.79      0.175
     3446513       -964         49   297.09   313.27      0.165
     3792656       -964         56   328.42   344.60      0.171
     4171510       -964         60   362.89   379.07      0.165
     4589751       -964         67   400.80   416.98      0.167
     5051000       -964         74   442.50   458.68      0.167
     5553624       -964         85   488.37   504.55      0.174
     6107298       -964         93   538.83   555.01      0.173
     6720411       -964        106   594.34   610.52      0.178
     7394273       -964        117   655.40   671.58      0.179
     8128087       -964        124   722.56   738.74      0.172
     8937625       -964        141   796.44   812.62      0.177
     9825587       -964        156   877.71   893.89      0.178
    10813939       -964        171   967.10   983.28      0.177
    11897288       -964        185  1065.43  1081.61      0.174
    13087947       -964        199  1173.60  1189.78       0.17
    14389697       -964        214  1292.58  1308.76      0.166
    15837470       -964        231  1423.46  1439.64      0.162
    17423051       -964        255  1567.43  1583.61      0.163
    19166875       -964        285  1725.80  1741.98      0.165
    21069908       -964        304  1900.00  1916.18       0.16
    23177970       -964        339  2091.62  2107.80      0.162
    25498299       -964        368  2302.41  2318.59       0.16
    28046799       -964        407  2534.27  2550.45      0.161
    30841945       -964        441  2789.32  2805.50      0.158
    33912787       -964        485  3069.87  3086.05      0.158
    34699425       -964        500  3141.88  3158.06      0.159
Time to solution 6.28376s, assuming true minimum is -964
