N=8
Mode: 1
Seed: 24
Search strategy: 0
Initialising random weight matrix with 502 working nodes
502 working nodes out of 512
States are 0,1
Weight-choosing mode: 5
Min time to run: 1000s
Max time to run: 10000s
Groundtruth: -990
           1       -928          1     0.00
           2       -956          1     0.00
           3       -962          1     0.00
          11       -976          1     0.00
         121       -978          1     0.02
         198       -982          1     0.03
         388       -984          1     0.07
        6958       -986          1     1.26
       34703       -986          7     6.26
       47983       -990          1     8.64
       75698       -990          2    13.64
      103475       -990          2    18.64
      131257       -990          2    23.64
      158940       -990          2    28.64
      186684       -990          2    33.64
      214331       -990          2    38.64
      242000       -990          3    43.64
      269689       -990          3    48.64
      297385       -990          4    53.64
      327228       -990          5    59.01
      360085       -990          5    64.92
      396245       -990          5    71.42
      436034       -990          5    78.57
      479726       -990          5    86.43
      527823       -990          5    95.08
      580596       -990          5   104.59
      638714       -990          6   115.05
      702718       -990          6   126.56
      773256       -990          6   139.22
      850686       -990          7   153.15
      936096       -990          9   168.47
     1030879       -990          9   185.32
     1134049       -990         10   203.86
     1247548       -990         14   224.25
     1370113       -990         15   246.68
     1507551       -990         16   271.35
     1658511       -990         16   298.49
     1824853       -990         16   328.34
     2007655       -990         16   361.18
     2208719       -990         22   397.30
     2429876       -990         25   437.04
     2672866       -990         26   480.75
     2937231       -990         28   528.83
     3230739       -990         30   581.72
     3554233       -990         32   639.90
     3909825       -990         33   703.89
     4301012       -990         33   774.28
     4730423       -990         38   851.71
     5204148       -990         40   936.89
     5554906       -990         44  1000.00
Time to solution 22.7273s, assuming true minimum is -990
