N=8
Mode: 1
Seed: 244
Search strategy: 0
Initialising random weight matrix with 502 working nodes
502 working nodes out of 512
States are 0,1
Weight-choosing mode: 5
Min time to run: 0.5s
Max time to run: 1e+10s
Solutions are independent
           1      -1008          0     0.00     0.00       -nan
           3      -1014          0     0.00     0.00       -nan
          18      -1016          0     0.00     0.00       -nan
          39      -1020          0     0.00     0.01       -nan
         189      -1022          0     0.00     0.02       -nan
        2357      -1024          0     0.00     0.22       -nan
       35533      -1026          0     0.00     3.35       -nan
       84954      -1026         10     5.00     8.35          2
      136189      -1026         20    10.00    13.35          2
      186004      -1026         30    15.00    18.35          2
      234319      -1026         39    20.00    23.35       1.95
      285157      -1026         53    25.00    28.35       2.12
      334890      -1026         62    30.00    33.35       2.07
      384613      -1026         74    35.00    38.35       2.11
      433262      -1026         80    40.00    43.35          2
      484313      -1026         94    45.00    48.35       2.09
      535385      -1026        111    50.00    53.35       2.22
      587948      -1026        120    55.34    58.69       2.17
      648419      -1026        136    61.21    64.56       2.22
      715321      -1026        155    67.67    71.02       2.29
      787375      -1026        175    74.78    78.13       2.34
      866425      -1026        196    82.60    85.95       2.37
      953953      -1026        217    91.20    94.55       2.38
     1051042      -1026        238   100.66   104.01       2.36
     1155163      -1026        252   111.07   114.42       2.27
     1270196      -1026        272   122.52   125.87       2.22
     1398404      -1026        295   135.11   138.46       2.18
     1539326      -1026        329   148.96   152.31       2.21
     1693488      -1026        366   164.20   167.55       2.23
     1866997      -1026        408   180.96   184.31       2.25
     2052905      -1026        459   199.40   202.75        2.3
     2216137      -1026        500   215.70   219.05       2.32
Time to solution 0.4314s, assuming true minimum is -1026
