N=8
Mode: 1
Seed: 245
Search strategy: 0
Initialising random weight matrix with 502 working nodes
502 working nodes out of 512
States are 0,1
Weight-choosing mode: 5
Min time to run: 0.5s
Max time to run: 1e+10s
Solutions are independent
           1       -974          0     0.00     0.00       -nan
           2       -988          0     0.00     0.00       -nan
         137       -990          0     0.00     0.02       -nan
         227       -992          0     0.00     0.03       -nan
         320       -994          0     0.00     0.04       -nan
         549       -996          0     0.00     0.07       -nan
       11053       -998          0     0.00     1.04       -nan
       62730       -998         32     5.00     6.04        6.4
       92843      -1000          0     0.00     8.94       -nan
      143550      -1000          4     5.00    13.94        0.8
      193965      -1000          5    10.00    18.94        0.5
      244943      -1000          7    15.00    23.94      0.467
      298448      -1000         10    20.00    28.94        0.5
      349689      -1000         11    25.00    33.94       0.44
      400812      -1000         14    30.00    38.94      0.467
      452282      -1000         15    35.00    43.94      0.429
      503152      -1000         18    40.00    48.94       0.45
      555309      -1000         18    45.00    53.94        0.4
      612454      -1000         20    50.40    59.34      0.397
      673929      -1000         22    56.34    65.28       0.39
      739168      -1000         24    62.87    71.81      0.382
      814271      -1000         27    70.06    79.00      0.385
      896292      -1000         32    77.96    86.90       0.41
      986155      -1000         34    86.66    95.60      0.392
     1085743      -1000         34    96.22   105.16      0.353
     1192838      -1000         39   106.74   115.68      0.365
     1309259      -1000         42   118.31   127.25      0.355
     1440689      -1000         46   131.04   139.98      0.351
     1585344      -1000         52   145.04   153.98      0.359
     1742988      -1000         60   160.44   169.38      0.374
     1915267      -1000         62   177.38   186.32       0.35
     2106727      -1000         71   196.02   204.96      0.362
     2318257      -1000         78   216.52   225.46       0.36
     2547910      -1000         85   239.07   248.01      0.356
     2801760      -1000         95   263.88   272.82       0.36
     3077277      -1000        104   291.17   300.11      0.357
     3388659      -1000        117   321.19   330.13      0.364
     3727397      -1000        127   354.21   363.15      0.359
     4101528      -1000        139   390.53   399.47      0.356
     4514438      -1000        155   430.48   439.42       0.36
     4966245      -1000        168   474.43   483.37      0.354
     5462190      -1000        190   522.77   531.71      0.363
     6017044      -1000        215   575.95   584.89      0.373
     6610697      -1000        232   634.44   643.38      0.366
     7277479      -1000        253   698.78   707.72      0.362
     8003370      -1000        276   769.56   778.50      0.359
     8809225      -1000        315   847.41   856.35      0.372
     9691879      -1000        348   933.05   941.99      0.373
    10659210      -1000        381  1027.25  1036.19      0.371
    11727589      -1000        433  1130.87  1139.81      0.383
    12909839      -1000        475  1244.86  1253.80      0.382
    13606500      -1000        500  1312.46  1321.40      0.381
Time to solution 2.62492s, assuming true minimum is -1000
