N=8
Mode: 1
Seed: 248
Search strategy: 0
Initialising random weight matrix with 502 working nodes
502 working nodes out of 512
States are 0,1
Weight-choosing mode: 5
Min time to run: 0.5s
Max time to run: 1e+10s
Solutions are independent
           1      -1020          0     0.00     0.00       -nan
           2      -1026          0     0.00     0.00       -nan
          19      -1028          0     0.00     0.00       -nan
          25      -1030          0     0.00     0.00       -nan
          30      -1036          0     0.00     0.00       -nan
          62      -1038          0     0.00     0.00       -nan
         122      -1040          0     0.00     0.01       -nan
        1237      -1042          0     0.00     0.12       -nan
        1927      -1044          0     0.00     0.19       -nan
        2651      -1046          0     0.00     0.27       -nan
        7460      -1048          0     0.00     0.70       -nan
       61588      -1048         12     5.00     5.70        2.4
       89853      -1050          0     0.00     8.36       -nan
      144357      -1050          5     5.00    13.36          1
      199171      -1050          9    10.00    18.36        0.9
      251465      -1050          9    15.00    23.36        0.6
      307672      -1050         11    20.00    28.36       0.55
      361864      -1050         13    25.00    33.36       0.52
      416600      -1050         21    30.00    38.36        0.7
      469574      -1050         28    35.00    43.36        0.8
      522728      -1050         32    40.00    48.36        0.8
      576137      -1050         34    45.00    53.36      0.756
      632035      -1050         37    50.34    58.70      0.735
      694810      -1050         41    56.22    64.58      0.729
      764308      -1050         45    62.68    71.04      0.718
      839764      -1050         49    69.79    78.15      0.702
      924631      -1050         53    77.61    85.97      0.683
     1018398      -1050         60    86.21    94.57      0.696
     1122296      -1050         63    95.67   104.03      0.659
     1233943      -1050         65   106.08   114.44      0.613
     1357827      -1050         71   117.53   125.89      0.604
     1493109      -1050         78   130.12   138.48      0.599
     1642827      -1050         84   143.97   152.33      0.583
     1803756      -1050         93   159.21   167.57      0.584
     1985048      -1050        102   175.97   184.33       0.58
     2183875      -1050        116   194.41   202.77      0.597
     2400740      -1050        131   214.69   223.05       0.61
     2641142      -1050        147   237.00   245.36       0.62
     2908779      -1050        165   261.54   269.90      0.631
     3197610      -1050        176   288.53   296.89       0.61
     3513495      -1050        196   318.22   326.58      0.616
     3868994      -1050        213   350.88   359.24      0.607
     4255447      -1050        233   386.81   395.17      0.602
     4678886      -1050        253   426.33   434.69      0.593
     5142800      -1050        275   469.80   478.16      0.585
     5654552      -1050        304   517.62   525.98      0.587
     6225243      -1050        348   570.22   578.58       0.61
     6845018      -1050        374   628.08   636.44      0.595
     7527558      -1050        417   691.73   700.09      0.603
     8280011      -1050        457   761.74   770.10        0.6
     8967638      -1050        500   825.19   833.55      0.606
Time to solution 1.65038s, assuming true minimum is -1050
