N=8
Mode: 1
Seed: 249
Search strategy: 0
Initialising random weight matrix with 502 working nodes
502 working nodes out of 512
States are 0,1
Weight-choosing mode: 5
Min time to run: 0.5s
Max time to run: 1e+10s
Solutions are independent
           1      -1102          0     0.00     0.00       -nan
       14240      -1104          0     0.00     1.38       -nan
       64263      -1104          9     5.00     6.38        1.8
      114521      -1104         16    10.00    11.38        1.6
      161544      -1104         24    15.01    16.39        1.6
      208699      -1104         30    20.01    21.39        1.5
      256672      -1104         39    25.01    26.39       1.56
      304589      -1104         45    30.01    31.39        1.5
      352075      -1104         50    35.01    36.39       1.43
      400936      -1104         57    40.01    41.39       1.42
      448413      -1104         64    45.01    46.39       1.42
      496018      -1104         66    50.01    51.39       1.32
      545000      -1104         69    55.15    56.53       1.25
      599124      -1104         74    60.81    62.19       1.22
      659722      -1104         85    67.03    68.41       1.27
      728523      -1104         95    73.88    75.26       1.29
      799361      -1104        100    81.41    82.79       1.23
      880006      -1104        111    89.69    91.07       1.24
      966620      -1104        119    98.80   100.18        1.2
     1062848      -1104        128   108.82   110.20       1.18
     1173185      -1104        148   119.85   121.23       1.23
     1290948      -1104        170   131.98   133.36       1.29
     1421015      -1104        181   145.32   146.70       1.25
     1564267      -1104        200   159.99   161.37       1.25
     1720848      -1104        212   176.13   177.51        1.2
     1891914      -1104        233   193.89   195.27        1.2
     2077921      -1104        254   213.42   214.80       1.19
     2285424      -1104        280   234.91   236.29       1.19
     2513306      -1104        305   258.54   259.92       1.18
     2764180      -1104        339   284.54   285.92       1.19
     3042404      -1104        378   313.14   314.52       1.21
     3347524      -1104        412   344.60   345.98        1.2
     3685550      -1104        454   379.20   380.58        1.2
     4052219      -1104        495   417.26   418.64       1.19
     4097207      -1104        500   421.90   423.28       1.19
Time to solution 0.8438s, assuming true minimum is -1104
