N=8
Mode: 1
Seed: 26
Search strategy: 0
Initialising random weight matrix with 502 working nodes
502 working nodes out of 512
States are 0,1
Weight-choosing mode: 5
Min time to run: 1000s
Max time to run: 10000s
Groundtruth: -978
           1       -946          1     0.00
           3       -960          1     0.00
          25       -964          1     0.00
          87       -966          1     0.01
         797       -976          1     0.14
       28004       -976          1     5.14
       55200       -976          2    10.14
       82420       -976          3    15.14
      109618       -976          4    20.14
      136847       -976          5    25.14
      164019       -976          7    30.14
      191260       -976          7    35.14
      218421       -976          7    40.14
      245490       -976          7    45.14
      272665       -976          7    50.14
      299986       -976          7    55.16
      330043       -976          8    60.68
      363100       -976          8    66.75
      399394       -976          8    73.43
      439381       -976          9    80.78
      483308       -976         10    88.86
      531608       -976         11    97.75
      584869       -976         11   107.53
      643389       -976         12   118.29
      707741       -976         13   130.12
      778388       -976         16   143.14
      856116       -976         16   157.46
      941481       -976         18   173.21
     1030983       -978          1   189.71
     1134173       -978          1   208.69
     1247718       -978          1   229.56
     1372597       -978          4   252.52
     1509799       -978          4   277.78
     1660959       -978          4   305.56
     1826818       -978          4   336.12
     2009462       -978          4   369.74
     2210439       -978          4   406.72
     2431159       -978          4   447.40
     2672898       -978          5   492.14
     2941241       -978          5   541.36
     3236585       -978          6   595.50
     3558569       -978          6   655.06
     3914746       -978          6   720.57
     4307033       -978          7   792.63
     4738983       -978          8   871.90
     5213813       -978         10   959.09
     5436722       -978         10  1000.00
Time to solution 100s, assuming true minimum is -978
