N=8
Mode: 1
Seed: 263
Search strategy: 0
Initialising random weight matrix with 502 working nodes
502 working nodes out of 512
States are 0,1
Weight-choosing mode: 5
Min time to run: 0.5s
Max time to run: 1e+10s
Solutions are independent
           1       -946          0     0.00     0.00       -nan
          10       -950          0     0.00     0.00       -nan
          44       -956          0     0.00     0.01       -nan
          49       -960          0     0.00     0.01       -nan
         160       -962          0     0.00     0.02       -nan
         821       -964          0     0.00     0.09       -nan
        2128       -966          0     0.00     0.20       -nan
        5986       -968          0     0.00     0.57       -nan
       10040       -970          0     0.00     0.91       -nan
       64732       -970          7     5.00     5.91        1.4
      119320       -970         15    10.00    10.91        1.5
      176790       -970         26    15.00    15.91       1.73
      231378       -970         35    20.00    20.91       1.75
      287643       -970         47    25.00    25.91       1.88
      343909       -970         50    30.00    30.91       1.67
      400831       -970         56    35.00    35.91        1.6
      457067       -970         66    40.00    40.91       1.65
      513162       -970         70    45.00    45.91       1.56
      569479       -970         79    50.00    50.91       1.58
      626442       -970         87    55.10    56.01       1.58
      689336       -970         95    60.71    61.62       1.56
      756833       -970         99    66.88    67.79       1.48
      832200       -970        112    73.66    74.57       1.52
      915657       -970        128    81.12    82.03       1.58
     1005587       -970        140    89.33    90.24       1.57
     1109209       -970        158    98.36    99.27       1.61
     1220629       -970        170   108.29   109.20       1.57
     1342693       -970        179   119.22   120.13        1.5
     1477782       -970        197   131.24   132.15        1.5
     1626266       -970        215   144.46   145.37       1.49
     1790593       -970        230   159.00   159.91       1.45
     1971415       -970        254   175.00   175.91       1.45
     2168462       -970        278   192.60   193.51       1.44
     2387636       -970        307   211.96   212.87       1.45
     2626272       -970        331   233.25   234.16       1.42
     2889846       -970        371   256.67   257.58       1.45
     3177956       -970        400   282.43   283.34       1.42
     3496403       -970        449   310.77   311.68       1.44
     3845114       -970        495   341.94   342.85       1.45
     3914761       -970        500   348.27   349.18       1.44
Time to solution 0.69654s, assuming true minimum is -970
