N=8
Mode: 1
Seed: 264
Search strategy: 0
Initialising random weight matrix with 502 working nodes
502 working nodes out of 512
States are 0,1
Weight-choosing mode: 5
Min time to run: 0.5s
Max time to run: 1e+10s
Solutions are independent
           1       -872          0     0.00     0.00       -nan
           6       -878          0     0.00     0.00       -nan
          11       -882          0     0.00     0.00       -nan
          16       -884          0     0.00     0.00       -nan
          49       -886          0     0.00     0.01       -nan
          64       -888          0     0.00     0.01       -nan
          87       -890          0     0.00     0.01       -nan
         568       -892          0     0.00     0.06       -nan
        1141       -894          0     0.00     0.10       -nan
        2050       -896          0     0.00     0.18       -nan
       37245       -898          0     0.00     3.43       -nan
       91013       -898         12     5.00     8.43        2.4
      143475       -898         24    10.00    13.43        2.4
      195626       -898         37    15.00    18.43       2.47
      249428       -898         52    20.00    23.43        2.6
      303010       -898         69    25.00    28.43       2.76
      355916       -898         85    30.00    33.43       2.83
      410987       -898        101    35.00    38.43       2.89
      463684       -898        118    40.00    43.43       2.95
      516940       -898        129    45.00    48.43       2.87
      571321       -898        142    50.00    53.43       2.84
      626476       -898        149    55.35    58.78       2.69
      689738       -898        161    61.23    64.66       2.63
      758861       -898        183    67.70    71.13        2.7
      835216       -898        200    74.82    78.25       2.67
      917767       -898        216    82.65    86.08       2.61
     1012114       -898        237    91.26    94.69        2.6
     1113531       -898        256   100.73   104.16       2.54
     1224025       -898        275   111.15   114.58       2.47
     1348005       -898        303   122.61   126.04       2.47
     1485466       -898        333   135.22   138.65       2.46
     1635425       -898        370   149.09   152.52       2.48
     1797949       -898        410   164.35   167.78       2.49
     1977259       -898        439   181.13   184.56       2.42
     2173424       -898        489   199.59   203.02       2.45
     2211419       -898        500   203.12   206.55       2.46
Time to solution 0.40624s, assuming true minimum is -898
