N=8
Mode: 1
Seed: 265
Search strategy: 0
Initialising random weight matrix with 502 working nodes
502 working nodes out of 512
States are 0,1
Weight-choosing mode: 5
Min time to run: 0.5s
Max time to run: 1e+10s
Solutions are independent
           1       -976          0     0.00     0.00       -nan
           2      -1014          0     0.00     0.00       -nan
         202      -1016          0     0.00     0.02       -nan
         769      -1020          0     0.00     0.06       -nan
         781      -1022          0     0.00     0.06       -nan
        9463      -1024          0     0.00     0.78       -nan
       72744      -1024         10     5.00     5.78          2
      134777      -1024         26    10.01    10.79        2.6
      196697      -1024         40    15.01    15.79       2.66
      258705      -1024         53    20.01    20.79       2.65
      320480      -1024         64    25.01    25.79       2.56
      383774      -1024         73    30.01    30.79       2.43
      445710      -1024         92    35.01    35.79       2.63
      507786      -1024        113    40.01    40.79       2.82
      569855      -1024        125    45.01    45.79       2.78
      632400      -1024        142    50.01    50.79       2.84
      696308      -1024        151    55.09    55.87       2.74
      764108      -1024        164    60.68    61.46        2.7
      840237      -1024        180    66.83    67.61       2.69
      923735      -1024        208    73.60    74.38       2.83
     1017386      -1024        231    81.04    81.82       2.85
     1119365      -1024        260    89.23    90.01       2.91
     1231936      -1024        281    98.24    99.02       2.86
     1354623      -1024        302   108.15   108.93       2.79
     1489761      -1024        322   119.05   119.83        2.7
     1637670      -1024        351   131.04   131.82       2.68
     1804374      -1024        392   144.23   145.01       2.72
     1985369      -1024        423   158.74   159.52       2.66
     2184064      -1024        455   174.70   175.48        2.6
     2372315      -1024        500   189.94   190.72       2.63
Time to solution 0.37988s, assuming true minimum is -1024
