N=8
Mode: 1
Seed: 267
Search strategy: 0
Initialising random weight matrix with 502 working nodes
502 working nodes out of 512
States are 0,1
Weight-choosing mode: 5
Min time to run: 0.5s
Max time to run: 1e+10s
Solutions are independent
           1       -882          0     0.00     0.00       -nan
           3       -892          0     0.00     0.00       -nan
           4       -898          0     0.00     0.00       -nan
          14       -902          0     0.00     0.00       -nan
          17       -904          0     0.00     0.00       -nan
          70       -906          0     0.00     0.01       -nan
         648       -912          0     0.00     0.06       -nan
        4712       -914          0     0.00     0.42       -nan
        6175       -918          0     0.00     0.56       -nan
       67738       -918         17     5.01     5.57       3.39
      128814       -918         28    10.01    10.57        2.8
      187619       -918         42    15.01    15.57        2.8
      248042       -918         57    20.01    20.57       2.85
      307711       -918         69    25.01    25.57       2.76
      368960       -918         90    30.01    30.57          3
      429752       -918        107    35.01    35.57       3.06
      491134       -918        125    40.01    40.57       3.12
      550876       -918        128    45.01    45.57       2.84
      613410       -918        143    50.01    50.57       2.86
      673236       -918        155    55.07    55.63       2.81
      739461       -918        178    60.64    61.20       2.94
      813673       -918        197    66.77    67.33       2.95
      895877       -918        212    73.51    74.07       2.88
      985524       -918        230    80.92    81.48       2.84
     1085536       -918        251    89.07    89.63       2.82
     1193318       -918        274    98.04    98.60       2.79
     1313598       -918        297   107.91   108.47       2.75
     1446763       -918        329   118.76   119.32       2.77
     1592416       -918        372   130.70   131.26       2.85
     1751650       -918        405   143.83   144.39       2.82
     1927141       -918        446   158.27   158.83       2.82
     2119938       -918        494   174.16   174.72       2.84
     2134898       -918        500   175.38   175.94       2.85
Time to solution 0.35076s, assuming true minimum is -918
