N=8
Mode: 1
Seed: 274
Search strategy: 0
Initialising random weight matrix with 502 working nodes
502 working nodes out of 512
States are 0,1
Weight-choosing mode: 5
Min time to run: 0.5s
Max time to run: 1e+10s
Solutions are independent
           1       -990          0     0.00     0.00       -nan
           4       -994          0     0.00     0.00       -nan
          31       -996          0     0.00     0.00       -nan
         153      -1000          0     0.00     0.02       -nan
         211      -1002          0     0.00     0.02       -nan
         373      -1004          0     0.00     0.04       -nan
        3738      -1006          0     0.00     0.35       -nan
        5535      -1008          0     0.00     0.52       -nan
       60834      -1008         26     5.00     5.52        5.2
      116776      -1008         62    10.00    10.52        6.2
      172085      -1008         93    15.00    15.52        6.2
      228924      -1008        122    20.00    20.52        6.1
      285259      -1008        151    25.00    25.52       6.04
      341323      -1008        180    30.00    30.52          6
      397420      -1008        207    35.00    35.52       5.91
      452916      -1008        234    40.00    40.52       5.85
      509514      -1008        262    45.00    45.52       5.82
      566879      -1008        294    50.00    50.52       5.88
      623389      -1008        321    55.06    55.58       5.83
      687273      -1008        356    60.62    61.14       5.87
      756040      -1008        392    66.74    67.26       5.87
      830520      -1008        442    73.47    73.99       6.02
      914601      -1008        485    80.87    81.39          6
      940191      -1008        500    83.14    83.66       6.01
Time to solution 0.16628s, assuming true minimum is -1008
