N=8
Mode: 1
Seed: 28
Search strategy: 0
Initialising random weight matrix with 502 working nodes
502 working nodes out of 512
States are 0,1
Weight-choosing mode: 5
Min time to run: 1000s
Max time to run: 10000s
Groundtruth: -1000
           1       -952          1     0.00
           3       -954          1     0.00
           5       -962          1     0.00
           6       -964          1     0.00
           9       -976          1     0.00
          16       -980          1     0.00
          39       -982          1     0.00
          48       -984          1     0.01
          74       -994          1     0.01
        4006       -996          1     0.74
       31097       -996          7     5.74
       32591       -998          1     6.01
       59708       -998          2    11.01
       86741       -998          3    16.01
      113743       -998          5    21.01
      140747       -998          6    26.01
      167782       -998          7    31.01
      194872       -998         10    36.02
      221935       -998         11    41.02
      249025       -998         13    46.02
      276129       -998         13    51.02
      303778       -998         14    56.13
      334278       -998         15    61.75
      367699       -998         18    67.93
      404498       -998         19    74.73
      444996       -998         24    82.21
      489316       -998         24    90.44
      538217       -998         25    99.49
      592017       -998         25   109.44
      651233       -998         29   120.39
      699398      -1000          1   129.29
      769242      -1000          1   142.22
      846193      -1000          1   156.45
      930893      -1000          1   172.10
     1023859      -1000          2   189.31
     1125727      -1000          2   208.25
     1238325      -1000          2   229.08
     1362196      -1000          3   251.99
     1498216      -1000          4   277.19
     1647640      -1000          5   304.91
     1812396      -1000          5   335.41
     1993641      -1000          5   368.96
     2193269      -1000          5   405.86
     2412476      -1000          6   446.45
     2653567      -1000          8   491.10
     2919716      -1000          8   540.21
     3212390      -1000          8   594.24
     3534463      -1000          8   653.67
     3888155      -1000          9   719.04
     4276671      -1000         11   790.95
     4704663      -1000         11   870.05
     5174079      -1000         11   957.06
     5407524      -1000         11  1000.00
Time to solution 90.9091s, assuming true minimum is -1000
