N=8
Mode: 1
Seed: 281
Search strategy: 0
Initialising random weight matrix with 502 working nodes
502 working nodes out of 512
States are 0,1
Weight-choosing mode: 5
Min time to run: 0.5s
Max time to run: 1e+10s
Solutions are independent
           1       -874          0     0.00     0.00       -nan
           2       -898          0     0.00     0.00       -nan
           3       -908          0     0.00     0.00       -nan
           8       -910          0     0.00     0.00       -nan
          36       -912          0     0.00     0.01       -nan
          74       -914          0     0.00     0.01       -nan
         113       -916          0     0.00     0.02       -nan
         197       -918          0     0.00     0.02       -nan
         296       -920          0     0.00     0.03       -nan
         408       -922          0     0.00     0.05       -nan
        7893       -924          0     0.00     0.68       -nan
       33447       -926          0     0.00     2.92       -nan
       92353       -926          7     5.00     7.92        1.4
      150889       -926         13    10.00    12.92        1.3
      184618       -928          0     0.00    15.94       -nan
      242415       -928          0     5.00    20.94          0
      297861       -928          0    10.00    25.94          0
      357121       -928          0    15.00    30.94          0
      414607       -928          0    20.00    35.94          0
      471003       -928          0    25.00    40.94          0
      528403       -928          1    30.00    45.94     0.0333
      585886       -928          1    35.00    50.94     0.0286
      645533       -928          1    40.10    56.04     0.0249
      709731       -928          1    45.71    61.65     0.0219
      780967       -928          2    51.88    67.82     0.0386
      861686       -928          2    58.67    74.61     0.0341
      948220       -928          3    66.14    82.08     0.0454
     1041471       -928          3    74.35    90.29     0.0403
     1146031       -928          6    83.38    99.32      0.072
     1260971       -928          7    93.32   109.26      0.075
     1386781       -928          8   104.25   120.19     0.0767
     1526663       -928         11   116.27   132.21     0.0946
     1681604       -928         13   129.50   145.44        0.1
     1846260       -928         13   144.05   159.99     0.0902
     2033532       -928         13   160.05   175.99     0.0812
     2233391       -928         15   177.65   193.59     0.0844
     2458595       -928         15   197.01   212.95     0.0761
     2701324       -928         17   218.31   234.25     0.0779
     2969606       -928         17   241.74   257.68     0.0703
     3265722       -928         21   267.51   283.45     0.0785
     3588691       -928         22   295.86   311.80     0.0744
     3949120       -928         24   327.04   342.98     0.0734
     4341794       -928         26   361.34   377.28      0.072
     4783554       -928         31   399.07   415.01     0.0777
     5260968       -928         34   440.58   456.52     0.0772
     5789385       -928         39   486.24   502.18     0.0802
     6362404       -928         40   536.46   552.40     0.0746
     6991757       -928         44   591.70   607.64     0.0744
     7692738       -928         47   652.47   668.41      0.072
     8455542       -928         50   719.32   735.26     0.0695
     9302144       -928         56   792.85   808.79     0.0706
    10226177       -928         59   873.73   889.67     0.0675
    11255279       -928         62   962.70   978.64     0.0644
    12386159       -928         64  1060.57  1076.51     0.0603
    13620438       -928         70  1168.23  1184.17     0.0599
    14980445       -928         80  1286.65  1302.59     0.0622
    16485026       -928         90  1416.91  1432.85     0.0635
    18147445       -928         99  1560.20  1576.14     0.0635
    19960776       -928        109  1717.82  1733.76     0.0635
    21935871       -928        119  1891.20  1907.14     0.0629
    24139429       -928        133  2081.92  2097.86     0.0639
    26534774       -928        144  2291.71  2307.65     0.0628
    29198312       -928        166  2522.48  2538.42     0.0658
    32111684       -928        182  2776.33  2792.27     0.0656
    35340779       -928        208  3055.56  3071.50     0.0681
    38865214       -928        224  3362.71  3378.65     0.0666
    42757982       -928        260  3700.58  3716.52     0.0703
    47014888       -928        289  4072.24  4088.18      0.071
    51726308       -928        318  4481.06  4497.00      0.071
    56898540       -928        350  4930.77  4946.71      0.071
    62586876       -928        386  5425.45  5441.39     0.0711
    68830194       -928        428  5969.59  5985.53     0.0717
    75719296       -928        469  6568.15  6584.09     0.0714
    79379682       -928        500  6884.39  6900.33     0.0726
Time to solution 13.7688s, assuming true minimum is -928
