N=8
Mode: 1
Seed: 284
Search strategy: 0
Initialising random weight matrix with 502 working nodes
502 working nodes out of 512
States are 0,1
Weight-choosing mode: 5
Min time to run: 0.5s
Max time to run: 1e+10s
Solutions are independent
           1       -952          0     0.00     0.00       -nan
           4       -960          0     0.00     0.00       -nan
        1410       -964          0     0.00     0.11       -nan
        2975       -966          0     0.00     0.26       -nan
        8961       -968          0     0.00     0.78       -nan
       68541       -968         12     5.00     5.78        2.4
      126820       -968         24    10.01    10.79        2.4
      184489       -968         36    15.01    15.79        2.4
      241267       -968         48    20.01    20.79        2.4
      300936       -968         59    25.01    25.79       2.36
      359908       -968         74    30.01    30.79       2.47
      417426       -968         84    35.01    35.79        2.4
      475647       -968        100    40.01    40.79        2.5
      533982       -968        112    45.01    45.79       2.49
      592223       -968        131    50.01    50.79       2.62
      650440       -968        143    55.09    55.87        2.6
      715301       -968        157    60.68    61.46       2.59
      786375       -968        171    66.83    67.61       2.56
      864426       -968        187    73.60    74.38       2.54
      950457       -968        207    81.04    81.82       2.55
     1044419       -968        225    89.23    90.01       2.52
     1148510       -968        245    98.24    99.02       2.49
     1264228       -968        274   108.15   108.93       2.53
     1391606       -968        293   119.05   119.83       2.46
     1530486       -968        324   131.04   131.82       2.47
     1681436       -968        358   144.23   145.01       2.48
     1850089       -968        400   158.74   159.52       2.52
     2037752       -968        437   174.70   175.48        2.5
     2243112       -968        479   192.25   193.03       2.49
     2334476       -968        500   200.02   200.80        2.5
Time to solution 0.40004s, assuming true minimum is -968
