N=8
Mode: 1
Seed: 29
Search strategy: 0
Initialising random weight matrix with 502 working nodes
502 working nodes out of 512
States are 0,1
Weight-choosing mode: 5
Min time to run: 0.5s
Max time to run: 1e+10s
Solutions are independent
           1       -986          0     0.00     0.00       -nan
           2       -990          0     0.00     0.00       -nan
           4       -994          0     0.00     0.00       -nan
           5       -996          0     0.00     0.00       -nan
          20       -998          0     0.00     0.00       -nan
          25      -1004          0     0.00     0.00       -nan
         835      -1006          0     0.00     0.08       -nan
       29268      -1008          0     0.00     2.68       -nan
       80078      -1008          0     5.00     7.68          0
      133155      -1008          1    10.00    12.68        0.1
      183980      -1008          1    15.00    17.68     0.0667
      234422      -1008          2    20.00    22.68        0.1
      286754      -1008          5    25.00    27.68        0.2
      338447      -1008          7    30.00    32.68      0.233
      389828      -1008          8    35.00    37.68      0.229
      441495      -1008          9    40.00    42.68      0.225
      492890      -1008         11    45.00    47.68      0.244
      545118      -1008         13    50.00    52.68       0.26
      601008      -1008         15    55.27    57.95      0.271
      663575      -1008         20    61.07    63.75      0.327
      730476      -1008         23    67.45    70.13      0.341
      803586      -1008         23    74.47    77.15      0.309
      881724      -1008         24    82.19    84.87      0.292
      973034      -1008         27    90.68    93.36      0.298
     1071169      -1008         35   100.02   102.70       0.35
     1176248      -1008         39   110.30   112.98      0.354
     1293749      -1008         40   121.60   124.28      0.329
     1421036      -1008         45   134.03   136.71      0.336
     1564542      -1008         50   147.71   150.39      0.339
     1718873      -1008         54   162.75   165.43      0.332
     1886788      -1008         62   179.30   181.98      0.346
     2074061      -1008         67   197.50   200.18      0.339
     2286524      -1008         75   217.52   220.20      0.345
     2518384      -1008         85   239.54   242.22      0.355
     2766213      -1008         91   263.77   266.45      0.345
     3046668      -1008        102   290.42   293.10      0.351
     3352376      -1008        114   319.73   322.41      0.357
     3681896      -1008        122   351.98   354.66      0.347
     4054157      -1008        131   387.45   390.13      0.338
     4463259      -1008        141   426.47   429.15      0.331
     4910164      -1008        158   469.39   472.07      0.337
     5404568      -1008        175   516.60   519.28      0.339
     5941218      -1008        187   568.53   571.21      0.329
     6533077      -1008        208   625.66   628.34      0.332
     7190432      -1008        240   688.50   691.18      0.349
     7914433      -1008        267   757.62   760.30      0.352
     8705456      -1008        298   833.65   836.33      0.357
     9580509      -1008        330   917.29   919.97       0.36
    10536999      -1008        363  1009.29  1011.97       0.36
    11590608      -1008        404  1110.49  1113.17      0.364
    12742610      -1008        438  1221.81  1224.49      0.358
    14015428      -1008        478  1344.26  1346.94      0.356
    14648024      -1008        500  1404.73  1407.41      0.356
Time to solution 2.80946s, assuming true minimum is -1008
