N=8
Mode: 1
Seed: 291
Search strategy: 0
Initialising random weight matrix with 502 working nodes
502 working nodes out of 512
States are 0,1
Weight-choosing mode: 5
Min time to run: 0.5s
Max time to run: 1e+10s
Solutions are independent
           1      -1056          0     0.00     0.00       -nan
          58      -1062          0     0.00     0.01       -nan
        2374      -1064          0     0.00     0.20       -nan
        6110      -1066          0     0.00     0.56       -nan
       62252      -1066         28     5.01     5.57       5.59
      117368      -1066         53    10.01    10.57       5.29
      173681      -1066         79    15.01    15.57       5.26
      230516      -1066         95    20.01    20.57       4.75
      286996      -1066        109    25.01    25.57       4.36
      341106      -1066        124    30.01    30.57       4.13
      396709      -1066        147    35.01    35.57        4.2
      453380      -1066        165    40.01    40.57       4.12
      509273      -1066        191    45.01    45.57       4.24
      565928      -1066        209    50.01    50.57       4.18
      621579      -1066        230    55.07    55.63       4.18
      683407      -1066        255    60.64    61.20       4.21
      751429      -1066        283    66.77    67.33       4.24
      825766      -1066        320    73.51    74.07       4.35
      907207      -1066        348    80.92    81.48        4.3
      997727      -1066        389    89.07    89.63       4.37
     1099177      -1066        428    98.04    98.60       4.37
     1210509      -1066        473   107.91   108.47       4.38
     1266333      -1066        500   112.97   113.53       4.43
Time to solution 0.22594s, assuming true minimum is -1066
