N=8
Mode: 1
Seed: 292
Search strategy: 0
Initialising random weight matrix with 502 working nodes
502 working nodes out of 512
States are 0,1
Weight-choosing mode: 5
Min time to run: 0.5s
Max time to run: 1e+10s
Solutions are independent
           1       -964          0     0.00     0.00       -nan
           3       -970          0     0.00     0.00       -nan
           4       -974          0     0.00     0.00       -nan
           5       -980          0     0.00     0.00       -nan
         167       -984          0     0.00     0.02       -nan
         249       -990          0     0.00     0.02       -nan
        1493       -992          0     0.00     0.13       -nan
        3281       -994          0     0.00     0.27       -nan
       37470       -996          0     0.00     3.14       -nan
       95457       -996          9     5.00     8.14        1.8
      154529       -996         12    10.00    13.14        1.2
      213962       -996         14    15.00    18.14      0.933
      273431       -996         14    20.00    23.14        0.7
      334059       -996         17    25.00    28.14       0.68
      392837       -996         21    30.00    33.14        0.7
      452499       -996         25    35.00    38.14      0.714
      511139       -996         27    40.00    43.14      0.675
      570236       -996         29    45.00    48.14      0.644
      628626       -996         30    50.00    53.14        0.6
      691796       -996         35    55.32    58.46      0.633
      759790       -996         38    61.17    64.31      0.621
      834572       -996         42    67.61    70.75      0.621
      917113       -996         49    74.69    77.83      0.656
     1010980       -996         56    82.48    85.62      0.679
     1111747       -996         60    91.05    94.19      0.659
     1222237       -996         69   100.47   103.61      0.687
     1344408       -996         78   110.84   113.98      0.704
     1478768       -996         84   122.24   125.38      0.687
     1628174       -996         91   134.78   137.92      0.675
     1792439       -996        101   148.58   151.72       0.68
     1974000       -996        118   163.76   166.90      0.721
     2171408       -996        127   180.46   183.60      0.704
     2385334       -996        140   198.82   201.96      0.704
     2622410       -996        154   219.02   222.16      0.703
     2884289       -996        167   241.24   244.38      0.692
     3171124       -996        176   265.68   268.82      0.662
     3490421       -996        189   292.57   295.71      0.646
     3839042       -996        212   322.15   325.29      0.658
     4222914       -996        233   354.68   357.82      0.657
     4650873       -996        258   390.47   393.61      0.661
     5110414       -996        283   429.84   432.98      0.658
     5618151       -996        309   473.14   476.28      0.653
     6177636       -996        342   520.77   523.91      0.657
     6798626       -996        375   573.17   576.31      0.654
     7475848       -996        422   630.81   633.95      0.669
     8221485       -996        472   694.21   697.35       0.68
     8574502       -996        500   723.80   726.94      0.691
Time to solution 1.4476s, assuming true minimum is -996
