N=8
Mode: 1
Seed: 293
Search strategy: 0
Initialising random weight matrix with 502 working nodes
502 working nodes out of 512
States are 0,1
Weight-choosing mode: 5
Min time to run: 0.5s
Max time to run: 1e+10s
Solutions are independent
           1       -916          0     0.00     0.00       -nan
           2       -950          0     0.00     0.00       -nan
          69       -954          0     0.00     0.01       -nan
         251       -956          0     0.00     0.03       -nan
        1032       -958          0     0.00     0.12       -nan
       16674       -960          0     0.00     1.52       -nan
       68759       -960         10     5.00     6.52          2
      120847       -960         20    10.00    11.52          2
      173662       -960         36    15.00    16.52        2.4
      227959       -960         51    20.00    21.52       2.55
      280903       -960         59    25.00    26.52       2.36
      333151       -960         72    30.00    31.52        2.4
      385545       -960         83    35.00    36.52       2.37
      439349       -960         95    40.00    41.52       2.38
      493824       -960        107    45.00    46.52       2.38
      547379       -960        120    50.00    51.52        2.4
      604098       -960        135    55.16    56.68       2.45
      663391       -960        149    60.83    62.35       2.45
      729633       -960        164    67.07    68.59       2.45
      803051       -960        187    73.93    75.45       2.53
      884381       -960        202    81.48    83.00       2.48
      971026       -960        218    89.79    91.31       2.43
     1066764       -960        242    98.93   100.45       2.45
     1175836       -960        272   108.98   110.50        2.5
     1294191       -960        295   120.04   121.56       2.46
     1423363       -960        332   132.20   133.72       2.51
     1564941       -960        373   145.58   147.10       2.56
     1721550       -960        410   160.29   161.81       2.56
     1894105       -960        448   176.48   178.00       2.54
     2081744       -960        492   194.28   195.80       2.53
     2103512       -960        500   196.24   197.76       2.55
Time to solution 0.39248s, assuming true minimum is -960
