N=8
Mode: 1
Seed: 294
Search strategy: 0
Initialising random weight matrix with 502 working nodes
502 working nodes out of 512
States are 0,1
Weight-choosing mode: 5
Min time to run: 0.5s
Max time to run: 1e+10s
Solutions are independent
           1      -1048          0     0.00     0.00       -nan
           3      -1050          0     0.00     0.00       -nan
          13      -1056          0     0.00     0.00       -nan
         600      -1058          0     0.00     0.07       -nan
         652      -1060          0     0.00     0.08       -nan
        2284      -1062          0     0.00     0.25       -nan
        8478      -1064          0     0.00     0.82       -nan
       62634      -1064         13     5.00     5.82        2.6
      116124      -1064         24    10.00    10.82        2.4
      171414      -1064         38    15.00    15.82       2.53
      223353      -1064         54    20.00    20.82        2.7
      276408      -1064         74    25.00    25.82       2.96
      330492      -1064         88    30.00    30.82       2.93
      384411      -1064        100    35.00    35.82       2.86
      438851      -1064        123    40.00    40.82       3.08
      492791      -1064        142    45.00    45.82       3.16
      545930      -1064        166    50.00    50.82       3.32
      602605      -1064        179    55.09    55.91       3.25
      664097      -1064        198    60.69    61.51       3.26
      729571      -1064        217    66.85    67.67       3.25
      804009      -1064        236    73.62    74.44       3.21
      884102      -1064        264    81.07    81.89       3.26
      975247      -1064        292    89.26    90.08       3.27
     1072846      -1064        319    98.27    99.09       3.25
     1181681      -1064        351   108.18   109.00       3.24
     1299764      -1064        394   119.08   119.90       3.31
     1430350      -1064        445   131.08   131.90       3.39
     1572768      -1064        494   144.28   145.10       3.42
     1594042      -1064        500   146.22   147.04       3.42
Time to solution 0.29244s, assuming true minimum is -1064
