N=8
Mode: 1
Seed: 297
Search strategy: 0
Initialising random weight matrix with 502 working nodes
502 working nodes out of 512
States are 0,1
Weight-choosing mode: 5
Min time to run: 0.5s
Max time to run: 1e+10s
Solutions are independent
           1       -982          0     0.00     0.00       -nan
           3       -994          0     0.00     0.00       -nan
           4      -1002          0     0.00     0.00       -nan
          18      -1004          0     0.00     0.00       -nan
         345      -1006          0     0.00     0.04       -nan
         537      -1008          0     0.00     0.05       -nan
        1668      -1010          0     0.00     0.16       -nan
       54736      -1010         36     5.00     5.16        7.2
      107986      -1010         69    10.00    10.16        6.9
      161262      -1010        103    15.00    15.16       6.87
      214786      -1010        132    20.00    20.16        6.6
      268512      -1010        165    25.00    25.16        6.6
      322433      -1010        207    30.00    30.16        6.9
      375667      -1010        238    35.00    35.16        6.8
      428218      -1010        268    40.00    40.16        6.7
      481611      -1010        303    45.00    45.16       6.73
      533309      -1010        339    50.00    50.16       6.78
      586591      -1010        363    55.02    55.18        6.6
      644699      -1010        397    60.54    60.70       6.56
      710925      -1010        438    66.62    66.78       6.57
      782583      -1010        484    73.30    73.46        6.6
      802388      -1010        500    75.07    75.23       6.66
Time to solution 0.15014s, assuming true minimum is -1010
