N=8
Mode: 1
Seed: 306
Search strategy: 0
Initialising random weight matrix with 502 working nodes
502 working nodes out of 512
States are 0,1
Weight-choosing mode: 5
Min time to run: 0.5s
Max time to run: 1e+10s
Solutions are independent
           1       -904          0     0.00     0.00       -nan
           4       -912          0     0.00     0.00       -nan
           9       -916          0     0.00     0.00       -nan
          11       -920          0     0.00     0.00       -nan
          15       -922          0     0.00     0.00       -nan
          36       -924          0     0.00     0.00       -nan
         820       -928          0     0.00     0.08       -nan
        6356       -930          0     0.00     0.54       -nan
       30692       -932          0     0.00     2.69       -nan
       86174       -932          4     5.00     7.69        0.8
      143557       -932          6    10.01    12.70      0.599
      202150       -932         11    15.01    17.70      0.733
      258594       -932         19    20.01    22.70       0.95
      316150       -932         27    25.01    27.70       1.08
      372809       -932         33    30.01    32.70        1.1
      429544       -932         40    35.01    37.70       1.14
      486657       -932         48    40.01    42.70        1.2
      545510       -932         58    45.01    47.70       1.29
      601904       -932         66    50.01    52.70       1.32
      661177       -932         68    55.29    57.98       1.23
      727081       -932         74    61.09    63.78       1.21
      796626       -932         78    67.47    70.16       1.16
      875302       -932         87    74.49    77.18       1.17
      963341       -932         97    82.21    84.90       1.18
     1058418       -932        103    90.71    93.40       1.14
     1163836       -932        113   100.06   102.75       1.13
     1280045       -932        123   110.34   113.03       1.11
     1411241       -932        134   121.65   124.34        1.1
     1556701       -932        154   134.09   136.78       1.15
     1711769       -932        162   147.77   150.46        1.1
     1882861       -932        179   162.82   165.51        1.1
     2067476       -932        199   179.38   182.07       1.11
     2276078       -932        223   197.59   200.28       1.13
     2505653       -932        247   217.62   220.31       1.14
     2757090       -932        270   239.66   242.35       1.13
     3030668       -932        295   263.90   266.59       1.12
     3333940       -932        326   290.56   293.25       1.12
     3664129       -932        351   319.89   322.58        1.1
     4027766       -932        386   352.15   354.84        1.1
     4430740       -932        434   387.64   390.33       1.12
     4875004       -932        482   426.68   429.37       1.13
     4999614       -932        500   437.50   440.19       1.14
Time to solution 0.875s, assuming true minimum is -932
