N=8
Mode: 1
Seed: 307
Search strategy: 0
Initialising random weight matrix with 502 working nodes
502 working nodes out of 512
States are 0,1
Weight-choosing mode: 5
Min time to run: 0.5s
Max time to run: 1e+10s
Solutions are independent
           1       -966          0     0.00     0.00       -nan
           3       -968          0     0.00     0.00       -nan
           8       -970          0     0.00     0.00       -nan
          12       -972          0     0.00     0.00       -nan
          17       -974          0     0.00     0.00       -nan
         270       -976          0     0.00     0.03       -nan
         513       -978          0     0.00     0.06       -nan
        1664       -980          0     0.00     0.17       -nan
       25268       -982          0     0.00     2.35       -nan
       79169       -982         15     5.00     7.35          3
      133990       -982         30    10.00    12.35          3
      188723       -982         46    15.00    17.35       3.07
      243891       -982         53    20.00    22.35       2.65
      297761       -982         69    25.00    27.35       2.76
      352025       -982         90    30.00    32.35          3
      407902       -982        110    35.00    37.35       3.14
      461364       -982        121    40.00    42.35       3.02
      514410       -982        134    45.00    47.35       2.98
      567839       -982        150    50.00    52.35          3
      623378       -982        161    55.24    57.59       2.91
      684854       -982        175    61.00    63.35       2.87
      753300       -982        194    67.34    69.69       2.88
      830261       -982        216    74.31    76.66       2.91
      911892       -982        237    81.98    84.33       2.89
     1004795       -982        272    90.42    92.77       3.01
     1106753       -982        304    99.70   102.05       3.05
     1218294       -982        337   109.91   112.26       3.07
     1340911       -982        364   121.14   123.49          3
     1474339       -982        403   133.49   135.84       3.02
     1622312       -982        453   147.08   149.43       3.08
     1754470       -982        500   159.15   161.50       3.14
Time to solution 0.3183s, assuming true minimum is -982
