N=8
Mode: 1
Seed: 312
Search strategy: 0
Initialising random weight matrix with 502 working nodes
502 working nodes out of 512
States are 0,1
Weight-choosing mode: 5
Min time to run: 0.5s
Max time to run: 1e+10s
Solutions are independent
           1       -896          0     0.00     0.00       -nan
           2       -906          0     0.00     0.00       -nan
           6       -908          0     0.00     0.00       -nan
           9       -918          0     0.00     0.00       -nan
          34       -928          0     0.00     0.00       -nan
         505       -932          0     0.00     0.04       -nan
         773       -934          0     0.00     0.08       -nan
        4670       -936          0     0.00     0.39       -nan
        8837       -938          0     0.00     0.76       -nan
       64560       -938          7     5.00     5.76        1.4
       65089       -940          0     0.00     5.80       -nan
      122105       -940          7     5.00    10.80        1.4
      178640       -940          9    10.00    15.80        0.9
      237332       -940         13    15.00    20.80      0.867
      294328       -940         17    20.00    25.80       0.85
      351490       -940         23    25.00    30.80       0.92
      409826       -940         25    30.00    35.80      0.833
      467485       -940         30    35.00    40.80      0.857
      524796       -940         39    40.00    45.80      0.975
      583943       -940         46    45.00    50.80       1.02
      640457       -940         47    50.08    55.88      0.938
      706444       -940         51    55.67    61.47      0.916
      776109       -940         54    61.82    67.62      0.874
      851819       -940         57    68.59    74.39      0.831
      936608       -940         58    76.03    81.83      0.763
     1027177       -940         63    84.22    90.02      0.748
     1130100       -940         69    93.23    99.03       0.74
     1244144       -940         77   103.14   108.94      0.747
     1365049       -940         81   114.04   119.84       0.71
     1503319       -940         85   126.03   131.83      0.674
     1653862       -940         97   139.22   145.02      0.697
     1819202       -940        103   153.73   159.53       0.67
     2003213       -940        115   169.69   175.49      0.678
     2205222       -940        127   187.24   193.04      0.678
     2427672       -940        137   206.55   212.35      0.663
     2668039       -940        151   227.79   233.59      0.663
     2935032       -940        169   251.15   256.95      0.673
     3230322       -940        188   276.85   282.65      0.679
     3551710       -940        205   305.12   310.92      0.672
     3905112       -940        227   336.22   342.02      0.675
     4300465       -940        256   370.43   376.23      0.691
     4732183       -940        278   408.06   413.86      0.681
     5204045       -940        301   449.45   455.25       0.67
     5728179       -940        332   494.98   500.78      0.671
     6296988       -940        370   545.06   550.86      0.679
     6930763       -940        407   600.15   605.95      0.678
     7621230       -940        451   660.75   666.55      0.683
     8326958       -940        500   722.18   727.98      0.692
Time to solution 1.44436s, assuming true minimum is -940
