N=8
Mode: 1
Seed: 32
Search strategy: 0
Initialising random weight matrix with 502 working nodes
502 working nodes out of 512
States are 0,1
Weight-choosing mode: 5
Min time to run: 1000s
Max time to run: 10000s
Groundtruth: -964
           1       -936          1     0.00
          21       -948          1     0.00
          71       -954          1     0.01
         394       -956          1     0.07
         737       -960          1     0.14
        4910       -962          1     0.91
       32067       -962          2     5.91
       59189       -962          2    10.91
       86282       -962          2    15.91
      113369       -962          2    20.91
      140500       -962          2    25.91
      167627       -962          3    30.91
      193255       -964          1    35.64
      220317       -964          1    40.64
      247410       -964          1    45.64
      274501       -964          2    50.64
      301974       -964          2    55.71
      332189       -964          2    61.29
      365400       -964          2    67.42
      401956       -964          2    74.17
      442102       -964          2    81.59
      486338       -964          2    89.75
      535010       -964          3    98.73
      588584       -964          3   108.61
      647393       -964          3   119.48
      712165       -964          4   131.43
      783471       -964          4   144.58
      861785       -964          4   159.04
      948013       -964          5   174.95
     1042916       -964          6   192.45
     1147438       -964          7   211.70
     1262339       -964          7   232.87
     1388809       -964          7   256.16
     1527900       -964          7   281.78
     1680469       -964          9   309.96
     1848452       -964          9   340.96
     2033076       -964          9   375.06
     2236340       -964          9   412.57
     2457614       -964         11   453.83
     2703654       -964         11   499.22
     2974121       -964         14   549.15
     3271462       -964         14   604.07
     3598395       -964         16   664.48
     3956417       -964         18   730.93
     4353084       -964         19   804.03
     4785174       -964         23   884.44
     5260110       -964         23   972.89
     5403930       -964         24  1000.00
Time to solution 41.6667s, assuming true minimum is -964
