N=8
Mode: 1
Seed: 323
Search strategy: 0
Initialising random weight matrix with 502 working nodes
502 working nodes out of 512
States are 0,1
Weight-choosing mode: 5
Min time to run: 0.5s
Max time to run: 1e+10s
Solutions are independent
           1       -908          0     0.00     0.00       -nan
          70       -910          0     0.00     0.01       -nan
         138       -912          0     0.00     0.01       -nan
         143       -914          0     0.00     0.01       -nan
         198       -920          0     0.00     0.02       -nan
         795       -922          0     0.00     0.08       -nan
        1771       -924          0     0.00     0.16       -nan
       14611       -928          0     0.00     1.20       -nan
       76421       -928          1     5.00     6.20        0.2
      137260       -928          2    10.00    11.20        0.2
      198200       -928          3    15.00    16.20        0.2
      258867       -928          5    20.00    21.20       0.25
      321553       -928          6    25.00    26.20       0.24
      383560       -928          8    30.00    31.20      0.267
      444282       -928         10    35.00    36.20      0.286
      506534       -928         12    40.00    41.20        0.3
      569212       -928         17    45.00    46.20      0.378
      630307       -928         19    50.00    51.20       0.38
      693785       -928         22    55.13    56.33      0.399
      761642       -928         28    60.77    61.97      0.461
      836598       -928         30    66.97    68.17      0.448
      918861       -928         34    73.79    74.99      0.461
     1011945       -928         39    81.29    82.49       0.48
     1112386       -928         42    89.54    90.74      0.469
     1225411       -928         47    98.62    99.82      0.477
     1348828       -928         53   108.61   109.81      0.488
     1484729       -928         54   119.60   120.80      0.452
     1633304       -928         56   131.68   132.88      0.425
     1795369       -928         62   144.97   146.17      0.428
     1972952       -928         64   159.59   160.79      0.401
     2171056       -928         71   175.67   176.87      0.404
     2389358       -928         84   193.36   194.56      0.434
     2626527       -928         92   212.82   214.02      0.432
     2890630       -928        100   234.23   235.43      0.427
     3177841       -928        111   257.78   258.98      0.431
     3493747       -928        123   283.68   284.88      0.434
     3844080       -928        140   312.17   313.37      0.448
     4227530       -928        155   343.51   344.71      0.451
     4651187       -928        167   377.99   379.19      0.442
     5112554       -928        182   415.91   417.11      0.438
     5625612       -928        198   457.63   458.83      0.433
     6191421       -928        218   503.52   504.72      0.433
     6810002       -928        236   554.00   555.20      0.426
     7492989       -928        263   609.53   610.73      0.431
     8244891       -928        293   670.61   671.81      0.437
     9065709       -928        318   737.80   739.00      0.431
     9970011       -928        357   811.71   812.91       0.44
    10969223       -928        379   893.01   894.21      0.424
    12067110       -928        426   982.44   983.64      0.434
    13275366       -928        464  1080.81  1082.01      0.429
    14342912       -928        500  1167.90  1169.10      0.428
Time to solution 2.3358s, assuming true minimum is -928
