N=8
Mode: 1
Seed: 326
Search strategy: 0
Initialising random weight matrix with 502 working nodes
502 working nodes out of 512
States are 0,1
Weight-choosing mode: 5
Min time to run: 0.5s
Max time to run: 1e+10s
Solutions are independent
           1       -902          0     0.00     0.00       -nan
           3       -916          0     0.00     0.00       -nan
           4       -920          0     0.00     0.00       -nan
           6       -928          0     0.00     0.00       -nan
          17       -930          0     0.00     0.00       -nan
          35       -936          0     0.00     0.01       -nan
          39       -938          0     0.00     0.01       -nan
        7139       -940          0     0.00     0.62       -nan
       67091       -940         20     5.00     5.62          4
       72063       -942          0     0.00     6.04       -nan
      130643       -942          6     5.00    11.04        1.2
      188219       -942          8    10.00    16.04        0.8
      247572       -942         13    15.00    21.04      0.867
      306629       -942         16    20.00    26.04        0.8
      367412       -942         20    25.00    31.04        0.8
      428260       -942         24    30.00    36.04        0.8
      487032       -942         31    35.00    41.04      0.886
      546317       -942         33    40.00    46.04      0.825
      606507       -942         42    45.00    51.04      0.933
      667309       -942         51    50.11    56.15       1.02
      732919       -942         56    55.73    61.77          1
      805717       -942         65    61.91    67.95       1.05
      886016       -942         73    68.71    74.75       1.06
      975075       -942         81    76.19    82.23       1.06
     1072519       -942         87    84.42    90.46       1.03
     1182038       -942         96    93.47    99.51       1.03
     1299931       -942        102   103.43   109.47      0.986
     1426025       -942        107   114.38   120.42      0.935
     1569975       -942        117   126.43   132.47      0.925
     1726840       -942        126   139.68   145.72      0.902
     1898475       -942        139   154.26   160.30      0.901
     2088180       -942        155   170.30   176.34       0.91
     2296913       -942        164   187.94   193.98      0.873
     2527974       -942        186   207.34   213.38      0.897
     2783954       -942        207   228.68   234.72      0.905
     3063660       -942        245   252.16   258.20      0.972
     3372150       -942        282   277.99   284.03       1.01
     3709815       -942        307   306.40   312.44          1
     4079401       -942        339   337.65   343.69          1
     4486027       -942        362   372.02   378.06      0.973
     4932010       -942        393   409.83   415.87      0.959
     5427219       -942        434   451.42   457.46      0.961
     5968745       -942        476   497.17   503.21      0.957
     6315326       -942        500   526.03   532.07      0.951
Time to solution 1.05206s, assuming true minimum is -942
