N=8
Mode: 1
Seed: 33
Search strategy: 0
Initialising random weight matrix with 502 working nodes
502 working nodes out of 512
States are 0,1
Weight-choosing mode: 5
Min time to run: 1000s
Max time to run: 10000s
Groundtruth: -924
           1       -854          1     0.00
           2       -858          1     0.00
           4       -878          1     0.00
           6       -890          1     0.00
           9       -894          1     0.00
          23       -898          1     0.00
          69       -900          1     0.01
         103       -902          1     0.02
         108       -904          1     0.02
         135       -914          1     0.02
       12960       -916          1     2.39
       39906       -916          4     7.40
       45698       -918          1     8.46
       72649       -918          3    13.46
       99640       -918          3    18.46
      126592       -918          4    23.46
      153555       -918          4    28.46
      180565       -918          5    33.46
      207517       -918          6    38.46
      232583       -920          1    43.09
      259492       -920          1    48.09
      280619       -922          1    51.99
      308586       -922          1    57.19
      339468       -922          1    62.91
      373435       -922          1    69.21
      410895       -922          1    76.14
      452016       -922          1    83.76
      497268       -922          2    92.14
      547002       -922          2   101.36
      601868       -922          2   111.50
      662170       -922          2   122.65
      728526       -922          2   134.92
      801564       -922          2   148.42
      882153       -922          3   163.27
      970348       -922          3   179.60
     1067201       -922          3   197.56
     1173864       -922          3   217.32
     1291089       -922          3   239.06
     1419437       -922          3   262.97
     1561415       -922          3   289.27
     1717957       -922          3   318.20
     1889867       -922          3   350.03
     2079096       -922          3   385.04
     2287585       -922          3   423.55
     2516740       -922          3   465.91
     2768631       -922          3   512.51
     3045749       -922          3   563.77
     3350606       -922          3   620.15
     3685811       -922          3   682.17
     4054511       -922          3   750.39
     4459708       -922          4   825.43
     4906458       -922          4   907.98
     5395118       -922          5   998.78
     5934024       -922          5  1098.66
     6527111       -922          5  1208.53
     7178855       -922          6  1329.39
     7898064       -922          8  1462.33
     8688638       -922          8  1608.57
     9556880       -922          8  1769.43
    10512075       -922          8  1946.38
    11562223       -922          9  2141.02
    12717350       -922          9  2355.13
    13994655       -922          9  2590.65
    15402510       -922          9  2849.72
    16917401       -922          9  3134.70
    17811223       -924          1  3300.19
    19588049       -924          1  3630.21
    21536703       -924          1  3993.24
    23692709       -924          1  4392.57
    26069897       -924          1  4831.83
    28684756       -924          1  5315.02
    31552281       -924          1  5846.53
    34747357       -924          1  6431.19
    38325601       -924          1  7074.31
    42256623       -924          1  7781.75
    46559996       -924          1  8559.93
    51304570       -924          2  9415.93
    54546398       -924          2 10000.00
Time to solution 5000s, assuming true minimum is -924
