N=8
Mode: 1
Seed: 330
Search strategy: 0
Initialising random weight matrix with 502 working nodes
502 working nodes out of 512
States are 0,1
Weight-choosing mode: 5
Min time to run: 0.5s
Max time to run: 1e+10s
Solutions are independent
           1      -1018          0     0.00     0.00       -nan
         240      -1020          0     0.00     0.02       -nan
       56995      -1020         21     5.00     5.02        4.2
      115704      -1020         51    10.00    10.02        5.1
      173386      -1020         80    15.00    15.02       5.33
      229626      -1020        102    20.00    20.02        5.1
      286259      -1020        122    25.00    25.02       4.88
      344507      -1020        161    30.00    30.02       5.37
      402253      -1020        192    35.00    35.02       5.49
      457588      -1020        213    40.00    40.02       5.33
      514270      -1020        229    45.00    45.02       5.09
      571617      -1020        253    50.00    50.02       5.06
      629639      -1020        279    55.01    55.03       5.07
      692632      -1020        320    60.52    60.54       5.29
      761759      -1020        353    66.58    66.60        5.3
      839222      -1020        386    73.24    73.26       5.27
      922978      -1020        420    80.57    80.59       5.21
     1016739      -1020        460    88.63    88.65       5.19
     1116480      -1020        493    97.50    97.52       5.06
     1124026      -1020        500    98.17    98.19       5.09
Time to solution 0.19634s, assuming true minimum is -1020
