N=8
Mode: 1
Seed: 331
Search strategy: 0
Initialising random weight matrix with 502 working nodes
502 working nodes out of 512
States are 0,1
Weight-choosing mode: 5
Min time to run: 0.5s
Max time to run: 1e+10s
Solutions are independent
           1       -876          0     0.00     0.00       -nan
           3       -878          0     0.00     0.00       -nan
           4       -888          0     0.00     0.00       -nan
          19       -890          0     0.00     0.00       -nan
         162       -892          0     0.00     0.02       -nan
         520       -894          0     0.00     0.05       -nan
         737       -896          0     0.00     0.07       -nan
        2127       -898          0     0.00     0.19       -nan
        5991       -900          0     0.00     0.54       -nan
       63009       -900         15     5.00     5.54          3
      118662       -900         32    10.00    10.54        3.2
      174082       -900         40    15.00    15.54       2.67
      230433       -900         61    20.00    20.54       3.05
      286543       -900         78    25.00    25.54       3.12
      343126       -900         92    30.00    30.54       3.07
      399121       -900        100    35.00    35.54       2.86
      455189       -900        114    40.00    40.54       2.85
      511466       -900        124    45.00    45.54       2.76
      568137       -900        136    50.00    50.54       2.72
      626213       -900        156    55.06    55.60       2.83
      689831       -900        166    60.63    61.17       2.74
      759186       -900        178    66.75    67.29       2.67
      836886       -900        199    73.48    74.02       2.71
      920702       -900        225    80.89    81.43       2.78
     1013321       -900        246    89.04    89.58       2.76
     1114420       -900        275    98.00    98.54       2.81
     1226745       -900        305   107.86   108.40       2.83
     1349037       -900        333   118.71   119.25       2.81
     1484468       -900        364   130.64   131.18       2.79
     1636198       -900        400   143.76   144.30       2.78
     1800248       -900        435   158.20   158.74       2.75
     1982531       -900        470   174.08   174.62        2.7
     2126751       -900        500   186.79   187.33       2.68
Time to solution 0.37358s, assuming true minimum is -900
