N=8
Mode: 1
Seed: 339
Search strategy: 0
Initialising random weight matrix with 502 working nodes
502 working nodes out of 512
States are 0,1
Weight-choosing mode: 5
Min time to run: 0.5s
Max time to run: 1e+10s
Solutions are independent
           1       -922          0     0.00     0.00       -nan
           5       -928          0     0.00     0.00       -nan
          44       -930          0     0.00     0.00       -nan
         224       -934          0     0.00     0.02       -nan
        1648       -936          0     0.00     0.17       -nan
        6888       -938          0     0.00     0.63       -nan
        7643       -940          0     0.00     0.70       -nan
       61798       -940          8     5.00     5.70        1.6
      118094       -940         14    10.00    10.70        1.4
      175555       -940         23    15.00    15.70       1.53
      230400       -940         30    20.00    20.70        1.5
      286073       -940         38    25.00    25.70       1.52
      341300       -940         44    30.00    30.70       1.47
      396392       -940         49    35.00    35.70        1.4
      452053       -940         55    40.00    40.70       1.38
      506984       -940         61    45.00    45.70       1.36
      564046       -940         72    50.00    50.70       1.44
      621323       -940         76    55.08    55.78       1.38
      685189       -940         89    60.66    61.36       1.47
      752384       -940         99    66.80    67.50       1.48
      828280       -940        111    73.55    74.25       1.51
      909759       -940        122    80.98    81.68       1.51
      999694       -940        137    89.15    89.85       1.54
     1100463       -940        152    98.14    98.84       1.55
     1213609       -940        166   108.03   108.73       1.54
     1331710       -940        180   118.91   119.61       1.51
     1463988       -940        193   130.88   131.58       1.47
     1611474       -940        218   144.04   144.74       1.51
     1773288       -940        238   158.52   159.22        1.5
     1949636       -940        262   174.45   175.15        1.5
     2143866       -940        288   191.97   192.67        1.5
     2359101       -940        313   211.24   211.94       1.48
     2595459       -940        342   232.44   233.14       1.47
     2852897       -940        375   255.76   256.46       1.47
     3138360       -940        409   281.41   282.11       1.45
     3450235       -940        454   309.63   310.33       1.47
     3801042       -940        493   340.67   341.37       1.45
     3847000       -940        500   344.75   345.45       1.45
Time to solution 0.6895s, assuming true minimum is -940
