N=8
Mode: 1
Seed: 345
Search strategy: 0
Initialising random weight matrix with 502 working nodes
502 working nodes out of 512
States are 0,1
Weight-choosing mode: 5
Min time to run: 0.5s
Max time to run: 1e+10s
Solutions are independent
           1       -968          0     0.00     0.00       -nan
           5       -970          0     0.00     0.00       -nan
           6       -984          0     0.00     0.00       -nan
         119       -986          0     0.00     0.02       -nan
         205       -988          0     0.00     0.03       -nan
        1779       -990          0     0.00     0.20       -nan
       50616       -990         27     5.00     5.20        5.4
       99090       -990         58    10.00    10.20        5.8
      147986       -990         90    15.00    15.20          6
      196048       -990        125    20.00    20.20       6.25
      243872       -990        163    25.00    25.20       6.52
      292913       -990        193    30.00    30.20       6.43
      340434       -990        229    35.00    35.20       6.54
      388660       -990        260    40.00    40.20        6.5
      437031       -990        304    45.00    45.20       6.76
      486917       -990        343    50.00    50.20       6.86
      534581       -990        378    55.03    55.23       6.87
      587640       -990        417    60.56    60.76       6.89
      646295       -990        448    66.64    66.84       6.72
      711399       -990        493    73.33    73.53       6.72
      726105       -990        500    74.98    75.18       6.67
Time to solution 0.14996s, assuming true minimum is -990
