N=8
Mode: 1
Seed: 347
Search strategy: 0
Initialising random weight matrix with 502 working nodes
502 working nodes out of 512
States are 0,1
Weight-choosing mode: 5
Min time to run: 0.5s
Max time to run: 1e+10s
Solutions are independent
           1       -936          0     0.00     0.00       -nan
         175       -938          0     0.00     0.02       -nan
         301       -940          0     0.00     0.03       -nan
         476       -942          0     0.00     0.05       -nan
         569       -944          0     0.00     0.06       -nan
         655       -946          0     0.00     0.07       -nan
        4017       -948          0     0.00     0.38       -nan
       60839       -948          7     5.00     5.38        1.4
      116688       -948         18    10.00    10.38        1.8
      170569       -948         23    15.00    15.38       1.53
      224456       -948         23    20.01    20.39       1.15
      281087       -948         29    25.01    25.39       1.16
      336298       -948         38    30.01    30.39       1.27
      392652       -948         43    35.01    35.39       1.23
      448122       -948         49    40.01    40.39       1.22
      502988       -948         53    45.01    45.39       1.18
      557298       -948         56    50.01    50.39       1.12
      612173       -948         65    55.05    55.43       1.18
      672463       -948         71    60.60    60.98       1.17
      739501       -948         75    66.70    67.08       1.12
      812790       -948         78    73.41    73.79       1.06
      893067       -948         91    80.79    81.17       1.13
      982988       -948         97    88.91    89.29       1.09
     1081158       -948        108    97.84    98.22        1.1
     1188878       -948        118   107.67   108.05        1.1
     1307849       -948        123   118.48   118.86       1.04
     1436181       -948        136   130.37   130.75       1.04
     1579959       -948        149   143.45   143.83       1.04
     1738154       -948        160   157.84   158.22       1.01
     1910997       -948        176   173.67   174.05       1.01
     2103103       -948        190   191.08   191.46      0.994
     2315090       -948        213   210.23   210.61       1.01
     2546902       -948        237   231.30   231.68       1.02
     2802360       -948        259   254.47   254.85       1.02
     3080267       -948        286   279.96   280.34       1.02
     3388891       -948        323   308.00   308.38       1.05
     3727464       -948        361   338.84   339.22       1.07
     4099254       -948        391   372.77   373.15       1.05
     4508029       -948        431   410.09   410.47       1.05
     4962191       -948        470   451.14   451.52       1.04
     5336666       -948        500   485.28   485.66       1.03
Time to solution 0.97056s, assuming true minimum is -948
