N=8
Mode: 1
Seed: 35
Search strategy: 0
Initialising random weight matrix with 502 working nodes
502 working nodes out of 512
States are 0,1
Weight-choosing mode: 5
Min time to run: 1000s
Max time to run: 50000s
Groundtruth: -1036
           1       -974          1     0.00
           2      -1014          1     0.00
         152      -1016          1     0.03
         330      -1020          1     0.07
         940      -1024          1     0.20
        6930      -1026          1     1.52
       17954      -1028          1     3.95
       40598      -1028          3     8.95
       63377      -1028          3    13.95
       86025      -1028          6    18.95
      108767      -1028          8    23.95
      131476      -1028         10    28.95
      154233      -1028         10    33.95
      176939      -1028         11    38.95
      199682      -1028         11    43.95
      222367      -1028         12    48.95
      245086      -1028         15    53.95
      246483      -1032          1    54.25
      271140      -1032          1    59.68
      298310      -1032          1    65.65
      328230      -1032          1    72.22
      361139      -1032          1    79.45
      397368      -1032          1    87.40
      437205      -1032          1    96.15
      480904      -1032          1   105.77
      528903      -1032          1   116.35
      581841      -1032          1   127.99
      639883      -1032          1   140.79
      704038      -1032          1   154.87
      774633      -1032          1   170.36
      852259      -1032          1   187.40
      937675      -1032          1   206.15
     1031532      -1032          1   226.77
     1134919      -1032          1   249.45
     1248576      -1032          1   274.40
     1373621      -1032          2   301.84
     1454994      -1034          1   319.69
     1600772      -1034          1   351.66
     1760933      -1034          1   386.83
     1937073      -1034          1   425.52
     2130877      -1034          1   468.08
     2343992      -1034          1   514.89
     2577329      -1034          1   566.38
     2835333      -1034          1   623.02
     3118660      -1034          2   685.33
     3430029      -1034          3   753.87
     3772500      -1034          3   829.26
     4149883      -1034          3   912.19
     4565351      -1034          5  1003.41
     5022438      -1034          6  1103.76
     5525148      -1034          6  1214.14
     6077206      -1034          6  1335.56
     6684076      -1034          7  1469.12
     7351617      -1034          7  1616.04
     8087885      -1034          7  1777.65
     8897299      -1034          7  1955.42
     9785627      -1034          7  2150.97
    10763028      -1034          7  2366.07
    11839889      -1034          7  2602.68
    13023610      -1034          7  2862.95
    14322926      -1034          8  3149.25
    15754830      -1034         11  3464.18
    17331110      -1034         14  3810.60
    19061062      -1034         15  4191.66
    20967045      -1034         15  4610.83
    23067284      -1034         16  5071.92
    25376235      -1034         16  5579.12
    27914640      -1034         17  6137.04
    30708997      -1034         18  6750.75
    33779860      -1034         22  7425.83
    37158161      -1034         24  8168.42
    40873509      -1034         28  8985.27
    44960146      -1034         33  9883.80
    49455472      -1034         34 10872.18
    50936835      -1036          1 11197.70
    56015400      -1036          1 12317.48
    61610123      -1036          1 13549.23
    67776354      -1036          1 14904.16
    74551483      -1036          1 16394.58
    82010295      -1036          1 18034.04
    90208194      -1036          2 19837.45
    99232996      -1036          2 21821.20
   109156685      -1036          2 24003.33
   120068352      -1036          2 26403.67
   132076420      -1036          3 29044.04
   145289106      -1036          4 31948.45
   159809829      -1036          5 35143.30
   175767066      -1036          6 38657.64
   194006754      -1036          7 42523.41
   214044989      -1036          7 46775.76
   229262275      -1036          7 50000.00
Time to solution 7142.86s, assuming true minimum is -1036
