N=8
Mode: 1
Seed: 352
Search strategy: 0
Initialising random weight matrix with 502 working nodes
502 working nodes out of 512
States are 0,1
Weight-choosing mode: 5
Min time to run: 0.5s
Max time to run: 1e+10s
Solutions are independent
           1      -1000          0     0.00     0.00       -nan
           5      -1002          0     0.00     0.00       -nan
           6      -1010          0     0.00     0.00       -nan
           7      -1020          0     0.00     0.00       -nan
         242      -1022          0     0.00     0.02       -nan
        2326      -1024          0     0.00     0.23       -nan
        6155      -1026          0     0.00     0.58       -nan
       59506      -1026         23     5.00     5.58        4.6
      113442      -1026         53    10.00    10.58        5.3
      167297      -1026         76    15.00    15.58       5.07
      222150      -1026        100    20.00    20.58          5
      275917      -1026        118    25.00    25.58       4.72
      328633      -1026        139    30.00    30.58       4.63
      381641      -1026        155    35.00    35.58       4.43
      436062      -1026        179    40.00    40.58       4.47
      489351      -1026        195    45.00    45.58       4.33
      542125      -1026        212    50.00    50.58       4.24
      595761      -1026        232    55.06    55.64       4.21
      654838      -1026        251    60.63    61.21       4.14
      720785      -1026        281    66.76    67.34       4.21
      794539      -1026        309    73.50    74.08        4.2
      874562      -1026        343    80.91    81.49       4.24
      962501      -1026        379    89.06    89.64       4.26
     1058642      -1026        415    98.03    98.61       4.23
     1165358      -1026        454   107.90   108.48       4.21
     1282218      -1026        498   118.75   119.33       4.19
     1287069      -1026        500   119.21   119.79       4.19
Time to solution 0.23842s, assuming true minimum is -1026
