N=8
Mode: 1
Seed: 353
Search strategy: 0
Initialising random weight matrix with 502 working nodes
502 working nodes out of 512
States are 0,1
Weight-choosing mode: 5
Min time to run: 0.5s
Max time to run: 1e+10s
Solutions are independent
           1       -982          0     0.00     0.00       -nan
          18       -986          0     0.00     0.00       -nan
          19       -988          0     0.00     0.00       -nan
          30       -992          0     0.00     0.00       -nan
          95       -998          0     0.00     0.01       -nan
        1913      -1000          0     0.00     0.18       -nan
       11445      -1002          0     0.00     1.04       -nan
       67330      -1002          8     5.00     6.04        1.6
      123501      -1002         15    10.00    11.04        1.5
      180932      -1002         31    15.00    16.04       2.07
      237141      -1002         40    20.00    21.04          2
      294127      -1002         54    25.00    26.04       2.16
      349468      -1002         64    30.00    31.04       2.13
      406372      -1002         72    35.00    36.04       2.06
      461607      -1002         80    40.00    41.04          2
      518196      -1002         86    45.00    46.04       1.91
      575336      -1002        101    50.00    51.04       2.02
      632267      -1002        112    55.11    56.15       2.03
      694993      -1002        120    60.73    61.77       1.98
      763973      -1002        132    66.91    67.95       1.97
      840745      -1002        142    73.71    74.75       1.93
      926548      -1002        156    81.19    82.23       1.92
     1017305      -1002        168    89.42    90.46       1.88
     1120145      -1002        188    98.47    99.51       1.91
     1235280      -1002        207   108.43   109.47       1.91
     1359176      -1002        228   119.38   120.42       1.91
     1493114      -1002        243   131.43   132.47       1.85
     1642397      -1002        277   144.68   145.72       1.91
     1808068      -1002        308   159.26   160.30       1.93
     1990616      -1002        340   175.30   176.34       1.94
     2191274      -1002        382   192.94   193.98       1.98
     2411907      -1002        412   212.34   213.38       1.94
     2654912      -1002        463   233.68   234.72       1.98
     2838956      -1002        500   249.79   250.83          2
Time to solution 0.49958s, assuming true minimum is -1002
