N=8
Mode: 1
Seed: 356
Search strategy: 0
Initialising random weight matrix with 502 working nodes
502 working nodes out of 512
States are 0,1
Weight-choosing mode: 5
Min time to run: 0.5s
Max time to run: 1e+10s
Solutions are independent
           1       -976          0     0.00     0.00       -nan
          25       -978          0     0.00     0.01       -nan
         117       -980          0     0.00     0.02       -nan
         192       -982          0     0.00     0.02       -nan
         237       -984          0     0.00     0.03       -nan
        1152       -986          0     0.00     0.11       -nan
        6474       -988          0     0.00     0.58       -nan
       63413       -988         38     5.00     5.58        7.6
      118779       -988         61    10.00    10.58        6.1
      174494       -988        108    15.00    15.58        7.2
      230898       -988        137    20.00    20.58       6.85
      288254       -988        163    25.00    25.58       6.52
      346285       -988        194    30.00    30.58       6.47
      403074       -988        231    35.00    35.58        6.6
      459218       -988        260    40.00    40.58        6.5
      515483       -988        297    45.00    45.58        6.6
      573261       -988        345    50.00    50.58        6.9
      629059       -988        372    55.06    55.64       6.76
      692260       -988        403    60.63    61.21       6.65
      761721       -988        444    66.76    67.34       6.65
      837998       -988        491    73.50    74.08       6.68
      862436       -988        500    75.60    76.18       6.61
Time to solution 0.1512s, assuming true minimum is -988
