N=8
Mode: 1
Seed: 357
Search strategy: 0
Initialising random weight matrix with 502 working nodes
502 working nodes out of 512
States are 0,1
Weight-choosing mode: 5
Min time to run: 0.5s
Max time to run: 1e+10s
Solutions are independent
           1       -984          0     0.00     0.00       -nan
           2       -992          0     0.00     0.00       -nan
          22       -996          0     0.00     0.00       -nan
         338       -998          0     0.00     0.03       -nan
        1314      -1004          0     0.00     0.12       -nan
       56896      -1004         24     5.00     5.12        4.8
      113777      -1004         55    10.01    10.13       5.49
      170201      -1004         79    15.01    15.13       5.26
      226962      -1004        110    20.02    20.14       5.49
      282916      -1004        137    25.02    25.14       5.48
      338916      -1004        168    30.02    30.14        5.6
      395217      -1004        191    35.02    35.14       5.45
      451422      -1004        219    40.02    40.14       5.47
      505376      -1004        242    45.02    45.14       5.38
      563377      -1004        267    50.02    50.14       5.34
      619804      -1004        296    55.04    55.16       5.38
      680729      -1004        320    60.56    60.68       5.28
      748403      -1004        346    66.63    66.75       5.19
      821991      -1004        375    73.31    73.43       5.12
      902288      -1004        414    80.66    80.78       5.13
      992500      -1004        457    88.74    88.86       5.15
     1091855      -1004        500    97.61    97.73       5.12
Time to solution 0.19522s, assuming true minimum is -1004
