N=8
Mode: 1
Seed: 360
Search strategy: 0
Initialising random weight matrix with 502 working nodes
502 working nodes out of 512
States are 0,1
Weight-choosing mode: 5
Min time to run: 0.5s
Max time to run: 1e+10s
Solutions are independent
           1       -978          0     0.00     0.00       -nan
           2      -1002          0     0.00     0.00       -nan
           3      -1006          0     0.00     0.00       -nan
          20      -1016          0     0.00     0.00       -nan
          58      -1018          0     0.00     0.01       -nan
         867      -1020          0     0.00     0.10       -nan
        1649      -1024          0     0.00     0.18       -nan
       57810      -1024          8     5.00     5.18        1.6
      113460      -1024         16    10.00    10.18        1.6
      169070      -1024         28    15.00    15.18       1.87
      224773      -1024         39    20.00    20.18       1.95
      279132      -1024         42    25.00    25.18       1.68
      334476      -1024         46    30.00    30.18       1.53
      390346      -1024         56    35.00    35.18        1.6
      446781      -1024         61    40.00    40.18       1.52
      500864      -1024         73    45.00    45.18       1.62
      555647      -1024         80    50.00    50.18        1.6
      611384      -1024         85    55.02    55.20       1.54
      672108      -1024         90    60.55    60.73       1.49
      738950      -1024         95    66.63    66.81       1.43
      815179      -1024        106    73.32    73.50       1.45
      898139      -1024        122    80.68    80.86       1.51
      988431      -1024        143    88.77    88.95       1.61
     1085675      -1024        162    97.67    97.85       1.66
     1194610      -1024        175   107.46   107.64       1.63
     1314162      -1024        194   118.23   118.41       1.64
     1445262      -1024        223   130.08   130.26       1.71
     1589366      -1024        247   143.11   143.29       1.73
     1747369      -1024        265   157.44   157.62       1.68
     1922153      -1024        289   173.21   173.39       1.67
     2114224      -1024        319   190.55   190.73       1.67
     2326698      -1024        361   209.63   209.81       1.72
     2561249      -1024        415   230.62   230.80        1.8
     2817621      -1024        455   253.71   253.89       1.79
     3064027      -1024        500   276.03   276.21       1.81
Time to solution 0.55206s, assuming true minimum is -1024
