N=8
Mode: 1
Seed: 361
Search strategy: 0
Initialising random weight matrix with 502 working nodes
502 working nodes out of 512
States are 0,1
Weight-choosing mode: 5
Min time to run: 0.5s
Max time to run: 1e+10s
Solutions are independent
           1       -986          0     0.00     0.00       -nan
           2       -996          0     0.00     0.00       -nan
          40       -998          0     0.00     0.01       -nan
          59      -1000          0     0.00     0.01       -nan
          96      -1002          0     0.00     0.02       -nan
         205      -1004          0     0.00     0.03       -nan
         465      -1008          0     0.00     0.06       -nan
        2531      -1010          0     0.00     0.26       -nan
       58372      -1010         14     5.00     5.26        2.8
      112345      -1010         28    10.00    10.26        2.8
      165058      -1010         36    15.00    15.26        2.4
      217951      -1010         43    20.00    20.26       2.15
      272275      -1010         57    25.00    25.26       2.28
      325594      -1010         70    30.00    30.26       2.33
      379993      -1010         92    35.01    35.27       2.63
      435662      -1010        105    40.01    40.27       2.62
      489236      -1010        114    45.01    45.27       2.53
      544627      -1010        131    50.01    50.27       2.62
      597939      -1010        143    55.04    55.30        2.6
      658244      -1010        158    60.57    60.83       2.61
      721821      -1010        174    66.66    66.92       2.61
      793099      -1010        189    73.36    73.62       2.58
      871822      -1010        205    80.73    80.99       2.54
      959532      -1010        223    88.83    89.09       2.51
     1055549      -1010        253    97.74    98.00       2.59
     1161853      -1010        277   107.55   107.81       2.58
     1275814      -1010        301   118.34   118.60       2.54
     1403810      -1010        341   130.20   130.46       2.62
     1543936      -1010        376   143.25   143.51       2.62
     1698564      -1010        412   157.61   157.87       2.61
     1866299      -1010        445   173.40   173.66       2.57
     2054970      -1010        490   190.77   191.03       2.57
     2082136      -1010        500   193.25   193.51       2.59
Time to solution 0.3865s, assuming true minimum is -1010
