N=8
Mode: 1
Seed: 37
Search strategy: 0
Initialising random weight matrix with 502 working nodes
502 working nodes out of 512
States are 0,1
Weight-choosing mode: 5
Min time to run: 1000s
Max time to run: 10000s
Groundtruth: -998
           1       -916          1     0.00
           2       -956          1     0.00
           3       -970          1     0.00
          28       -976          1     0.00
          35       -978          1     0.00
         126       -980          1     0.02
         305       -982          1     0.06
         862       -986          1     0.16
        2186       -992          1     0.41
        7252       -994          1     1.37
       33738       -994          2     6.37
       60371       -994          4    11.38
       86961       -994          4    16.39
      113463       -994          5    21.39
      139909       -994          7    26.39
      164646       -994          7    31.39
      185498       -996          1    35.74
      212588       -996          1    40.74
      228020       -998          1    43.65
      254484       -998          1    48.65
      281001       -998          1    53.65
      309503       -998          1    59.02
      340793       -998          1    64.93
      375443       -998          1    71.43
      413260       -998          2    78.58
      454881       -998          2    86.44
      500704       -998          2    95.09
      550969       -998          2   104.60
      606297       -998          3   115.06
      667150       -998          3   126.57
      734046       -998          3   139.23
      805818       -998          3   153.16
      887111       -998          3   168.48
      976236       -998          3   185.33
     1074254       -998          3   203.87
     1180531       -998          3   224.26
     1299679       -998          5   246.69
     1430677       -998          5   271.36
     1574626       -998          6   298.50
     1732573       -998          6   328.35
     1906511       -998          6   361.19
     2097618       -998          6   397.31
     2308222       -998          7   437.05
     2539752       -998          7   480.76
     2794617       -998          7   528.84
     3074777       -998          8   581.73
     3384187       -998          8   639.91
     3724385       -998          8   703.91
     4098886       -998          8   774.31
     4510134       -998          9   851.75
     4952658       -998          9   936.93
     5294161       -998         10  1001.43
Time to solution 100.143s, assuming true minimum is -998
