N=8
Mode: 1
Seed: 377
Search strategy: 0
Initialising random weight matrix with 502 working nodes
502 working nodes out of 512
States are 0,1
Weight-choosing mode: 5
Min time to run: 0.5s
Max time to run: 1e+10s
Solutions are independent
           1      -1044          0     0.00     0.00       -nan
           3      -1046          0     0.00     0.00       -nan
           6      -1048          0     0.00     0.00       -nan
          51      -1050          0     0.00     0.02       -nan
          93      -1052          0     0.00     0.02       -nan
         110      -1054          0     0.00     0.03       -nan
         386      -1056          0     0.00     0.08       -nan
        2835      -1060          0     0.00     0.32       -nan
       55180      -1060         38     5.00     5.32        7.6
      108014      -1060         76    10.00    10.32        7.6
      161241      -1060        107    15.00    15.32       7.13
      213846      -1060        131    20.00    20.32       6.55
      265716      -1060        158    25.00    25.32       6.32
      318312      -1060        190    30.00    30.32       6.33
      371499      -1060        225    35.00    35.32       6.43
      424494      -1060        264    40.00    40.32        6.6
      478624      -1060        294    45.00    45.32       6.53
      531160      -1060        323    50.00    50.32       6.46
      583195      -1060        348    55.04    55.36       6.32
      641481      -1060        381    60.58    60.90       6.29
      705150      -1060        424    66.68    67.00       6.36
      775288      -1060        468    73.38    73.70       6.38
      823730      -1060        500    77.95    78.27       6.41
Time to solution 0.1559s, assuming true minimum is -1060
