N=8
Mode: 1
Seed: 38
Search strategy: 0
Initialising random weight matrix with 502 working nodes
502 working nodes out of 512
States are 0,1
Weight-choosing mode: 5
Min time to run: 1000s
Max time to run: 10000s
Groundtruth: -984
           1       -932          1     0.00
           3       -958          1     0.00
           5       -962          1     0.00
          16       -966          1     0.00
        1197       -976          1     0.21
       21473       -976          1     5.21
       49909       -976          2    10.21
       78062       -976          2    15.21
      106199       -976          2    20.21
      134534       -976          2    25.21
      162758       -976          2    30.21
      190969       -976          2    35.21
      219221       -976          2    40.21
      247433       -976          2    45.21
      275768       -976          2    50.21
      304218       -976          2    55.24
      335477       -976          2    60.77
      369865       -976          2    66.85
      407660       -976          2    73.54
      449271       -976          2    80.90
      495157       -976          2    89.00
      545451       -976          2    97.90
      566875       -978          1   101.69
      624317       -978          1   111.86
      687563       -978          1   123.05
      757104       -978          2   135.36
      833734       -978          2   148.90
      917983       -978          4   163.80
     1010747       -978          5   180.19
     1112518       -978          5   198.21
     1223931       -978          5   218.04
     1346415       -978          6   239.85
     1481392       -978          7   263.84
     1629704       -978          7   290.23
     1792744       -978          8   319.26
     1972094       -978          9   351.19
     2169150       -978         10   386.31
     2386247       -978         11   424.95
     2625531       -978         11   467.45
     2888028       -978         13   514.20
     3176854       -978         14   565.63
     3494531       -978         14   622.20
     3843293       -978         14   684.43
     3882521       -980          1   691.41
     4269580       -980          1   760.56
     4696464       -980          3   836.62
     4809009       -982          1   856.66
     5290000       -982          1   942.33
     5818908       -982          1  1036.57
     6400218       -982          1  1140.23
     7040375       -982          1  1254.26
     7742847       -982          1  1379.69
     8519212       -982          1  1517.66
     9375219       -982          1  1669.43
    10319028       -982          1  1836.38
    11357568       -982          1  2020.02
    12497148       -982          1  2222.03
    13755092       -982          1  2444.24
    15173814       -982          1  2688.67
    16736527       -982          1  2957.54
    18454444       -982          1  3253.30
    20338830       -982          2  3578.64
    22412631       -982          2  3936.51
    24678515       -982          2  4330.17
    27174923       -982          2  4763.19
    29931505       -982          2  5239.51
    32972952       -982          2  5763.47
    36333538       -982          2  6339.82
    40111888       -982          3  6973.81
    44298842       -982          4  7671.20
    48974739       -982          5  8438.32
    54106659       -982          6  9282.16
    58482119       -982          6 10000.00
Time to solution 1666.67s, assuming true minimum is -982
