N=8
Mode: 1
Seed: 391
Search strategy: 0
Initialising random weight matrix with 502 working nodes
502 working nodes out of 512
States are 0,1
Weight-choosing mode: 5
Min time to run: 0.5s
Max time to run: 1e+10s
Solutions are independent
           1       -890          0     0.00     0.00       -nan
           3       -906          0     0.00     0.00       -nan
           5       -914          0     0.00     0.00       -nan
           6       -924          0     0.00     0.00       -nan
          50       -926          0     0.00     0.00       -nan
        1190       -928          0     0.00     0.10       -nan
        3576       -930          0     0.00     0.32       -nan
       50701       -932          0     0.00     4.24       -nan
      111314       -932          3     5.00     9.24        0.6
      172577       -932         13    10.00    14.24        1.3
      232833       -932         15    15.01    19.25      0.999
      293788       -932         18    20.01    24.25        0.9
      352884       -932         21    25.01    29.25       0.84
      413019       -932         23    30.01    34.25      0.766
      473349       -932         24    35.01    39.25      0.686
      532726       -932         27    40.01    44.25      0.675
      591900       -932         32    45.01    49.25      0.711
      651766       -932         37    50.01    54.25       0.74
      718036       -932         44    55.44    59.68      0.794
      791595       -932         48    61.41    65.65      0.782
      869503       -932         50    67.98    72.22      0.736
      956783       -932         55    75.21    79.45      0.731
     1053153       -932         58    83.16    87.40      0.697
     1157354       -932         64    91.91    96.15      0.696
     1274566       -932         75   101.53   105.77      0.739
     1401266       -932         82   112.11   116.35      0.731
     1541044       -932         95   123.75   127.99      0.768
     1695196       -932        103   136.55   140.79      0.754
     1867686       -932        120   150.63   154.87      0.797
     2052950       -932        129   166.12   170.36      0.777
     2258824       -932        146   183.16   187.40      0.797
     2484077       -932        163   201.91   206.15      0.807
     2731406       -932        179   222.53   226.77      0.804
     3005057       -932        193   245.21   249.45      0.787
     3303250       -932        210   270.16   274.40      0.777
     3634089       -932        226   297.60   301.84      0.759
     4002775       -932        252   327.79   332.03      0.769
     4406827       -932        292   361.00   365.24      0.809
     4846749       -932        317   397.53   401.77      0.797
     5328034       -932        347   437.71   441.95      0.793
     5860452       -932        396   481.91   486.15      0.822
     6446457       -932        422   530.53   534.77      0.795
     7093702       -932        473   584.01   588.25       0.81
     7465931       -932        500   614.87   619.11      0.813
Time to solution 1.22974s, assuming true minimum is -932
