N=8
Mode: 1
Seed: 400
Search strategy: 0
Initialising random weight matrix with 502 working nodes
502 working nodes out of 512
States are 0,1
Weight-choosing mode: 5
Min time to run: 0.5s
Max time to run: 1e+10s
Solutions are independent
           1       -990          0     0.00     0.00       -nan
           2      -1016          0     0.00     0.00       -nan
         161      -1018          0     0.00     0.02       -nan
         553      -1020          0     0.00     0.06       -nan
        9481      -1022          0     0.00     0.88       -nan
       62045      -1022         19     5.00     5.88        3.8
      113890      -1022         45    10.00    10.88        4.5
      165909      -1022         66    15.00    15.88        4.4
      217549      -1022         84    20.01    20.89        4.2
      269605      -1022        101    25.01    25.89       4.04
      321344      -1022        123    30.01    30.89        4.1
      372521      -1022        151    35.01    35.89       4.31
      424049      -1022        178    40.01    40.89       4.45
      477001      -1022        200    45.01    45.89       4.44
      528429      -1022        219    50.01    50.89       4.38
      580070      -1022        240    55.10    55.98       4.36
      638879      -1022        272    60.70    61.58       4.48
      702290      -1022        292    66.86    67.74       4.37
      770117      -1022        315    73.64    74.52       4.28
      845587      -1022        345    81.10    81.98       4.25
      928487      -1022        378    89.30    90.18       4.23
     1020965      -1022        413    98.32    99.20        4.2
     1124776      -1022        460   108.25   109.13       4.25
     1221309      -1022        500   117.62   118.50       4.25
Time to solution 0.23524s, assuming true minimum is -1022
