N=8
Mode: 1
Seed: 401
Search strategy: 0
Initialising random weight matrix with 502 working nodes
502 working nodes out of 512
States are 0,1
Weight-choosing mode: 5
Min time to run: 0.5s
Max time to run: 1e+10s
Solutions are independent
           1       -990          0     0.00     0.00       -nan
          29       -992          0     0.00     0.00       -nan
          32      -1002          0     0.00     0.00       -nan
         101      -1006          0     0.00     0.01       -nan
        2534      -1008          0     0.00     0.22       -nan
        5491      -1010          0     0.00     0.48       -nan
       58393      -1010          8     5.00     5.48        1.6
      112616      -1010         22    10.00    10.48        2.2
      165334      -1010         30    15.00    15.48          2
      218629      -1010         42    20.00    20.48        2.1
      271866      -1010         60    25.00    25.48        2.4
      325550      -1010         72    30.00    30.48        2.4
      380077      -1010         88    35.01    35.49       2.51
      433074      -1010        101    40.01    40.49       2.52
      486111      -1010        109    45.01    45.49       2.42
      539990      -1010        127    50.01    50.49       2.54
      593568      -1010        140    55.06    55.54       2.54
      652663      -1010        160    60.62    61.10       2.64
      718096      -1010        175    66.74    67.22       2.62
      790573      -1010        194    73.47    73.95       2.64
      868843      -1010        215    80.87    81.35       2.66
      957492      -1010        237    89.01    89.49       2.66
     1054396      -1010        256    97.96    98.44       2.61
     1156619      -1010        281   107.81   108.29       2.61
     1273595      -1010        309   118.64   119.12        2.6
     1402606      -1010        344   130.56   131.04       2.63
     1540729      -1010        379   143.67   144.15       2.64
     1694024      -1010        412   158.09   158.57       2.61
     1861957      -1010        445   173.95   174.43       2.56
     2050078      -1010        485   191.40   191.88       2.53
     2114418      -1010        500   197.95   198.43       2.53
Time to solution 0.3959s, assuming true minimum is -1010
