N=8
Mode: 1
Seed: 402
Search strategy: 0
Initialising random weight matrix with 502 working nodes
502 working nodes out of 512
States are 0,1
Weight-choosing mode: 5
Min time to run: 0.5s
Max time to run: 1e+10s
Solutions are independent
           1       -924          0     0.00     0.00       -nan
           3       -928          0     0.00     0.00       -nan
           5       -932          0     0.00     0.00       -nan
           8       -942          0     0.00     0.00       -nan
          15       -944          0     0.00     0.00       -nan
         141       -946          0     0.00     0.02       -nan
         896       -948          0     0.00     0.07       -nan
        4655       -950          0     0.00     0.38       -nan
       23548       -952          0     0.00     2.04       -nan
       80947       -952          9     5.00     7.04        1.8
      137857       -952         20    10.00    12.04          2
      139854       -954          0     0.00    12.21       -nan
      196456       -954          0     5.00    17.21          0
      254322       -954          1    10.00    22.21        0.1
      312378       -954          3    15.00    27.21        0.2
      371807       -954          4    20.00    32.21        0.2
      430358       -954          4    25.00    37.21       0.16
      491063       -954          6    30.00    42.21        0.2
      549037       -954          8    35.00    47.21      0.229
      606752       -954          9    40.00    52.21      0.225
      667682       -954          9    45.23    57.44      0.199
      734676       -954         10    50.98    63.19      0.196
      809999       -954         11    57.30    69.51      0.192
      888004       -954         13    64.26    76.47      0.202
      978594       -954         16    71.91    84.12      0.223
     1075746       -954         16    80.33    92.54      0.199
     1186201       -954         17    89.59   101.80       0.19
     1301005       -954         17    99.77   111.98       0.17
     1433426       -954         19   110.97   123.18      0.171
     1576952       -954         21   123.29   135.50       0.17
     1733223       -954         23   136.84   149.05      0.168
     1906535       -954         26   151.75   163.96      0.171
     2098917       -954         29   168.15   180.36      0.172
     2308500       -954         34   186.19   198.40      0.183
     2541912       -954         36   206.04   218.25      0.175
     2793430       -954         38   227.87   240.08      0.167
     3072214       -954         39   251.88   264.09      0.155
     3379863       -954         43   278.29   290.50      0.155
     3717522       -954         50   307.34   319.55      0.163
     4085359       -954         57   339.30   351.51      0.168
     4496093       -954         59   374.46   386.67      0.158
     4949720       -954         65   413.13   425.34      0.157
     5443368       -954         68   455.67   467.88      0.149
     5980113       -954         76   502.46   514.67      0.151
     6578160       -954         82   553.93   566.14      0.148
     7228164       -954         93   610.55   622.76      0.152
     7956850       -954        107   672.83   685.04      0.159
     8750046       -954        121   741.34   753.55      0.163
     9623580       -954        132   816.70   828.91      0.162
    10597110       -954        141   899.60   911.81      0.157
    11651397       -954        152   990.79  1003.00      0.153
    12818517       -954        168  1091.10  1103.31      0.154
    14090513       -954        186  1201.44  1213.65      0.155
    15502180       -954        207  1322.81  1335.02      0.156
    17050126       -954        222  1456.32  1468.53      0.152
    18748342       -954        244  1603.18  1615.39      0.152
    20622955       -954        274  1764.72  1776.93      0.155
    22672233       -954        295  1942.42  1954.63      0.152
    24925966       -954        314  2137.89  2150.10      0.147
    27419439       -954        353  2352.90  2365.11       0.15
    30159984       -954        389  2589.42  2601.63       0.15
    33180218       -954        439  2849.59  2861.80      0.154
    36469660       -954        478  3135.78  3147.99      0.152
    37710356       -954        500  3242.78  3254.99      0.154
Time to solution 6.48556s, assuming true minimum is -954
