N=8
Mode: 1
Seed: 403
Search strategy: 0
Initialising random weight matrix with 502 working nodes
502 working nodes out of 512
States are 0,1
Weight-choosing mode: 5
Min time to run: 0.5s
Max time to run: 1e+10s
Solutions are independent
           1       -924          0     0.00     0.00       -nan
           2       -932          0     0.00     0.00       -nan
         110       -934          0     0.00     0.02       -nan
         205       -936          0     0.00     0.03       -nan
         295       -938          0     0.00     0.04       -nan
         381       -940          0     0.00     0.05       -nan
         883       -942          0     0.00     0.10       -nan
        4583       -944          0     0.00     0.42       -nan
       59427       -944         22     5.00     5.42        4.4
      113497       -944         49    10.00    10.42        4.9
      169436       -944         77    15.00    15.42       5.13
      224933       -944        101    20.00    20.42       5.05
      280270       -944        123    25.00    25.42       4.92
      317613       -946          0     0.00    28.71       -nan
      372333       -946          2     5.00    33.71        0.4
      426385       -946          6    10.00    38.71        0.6
      481111       -946         10    15.00    43.71      0.667
      535959       -946         14    20.00    48.71        0.7
      591417       -946         18    25.00    53.71       0.72
      648725       -946         19    30.38    59.09      0.625
      714521       -946         26    36.29    65.00      0.716
      786188       -946         29    42.79    71.50      0.678
      866530       -946         37    49.94    78.65      0.741
      952000       -946         41    57.81    86.52      0.709
     1049720       -946         47    66.47    95.18      0.707
     1153755       -946         56    75.99   104.70      0.737
     1265803       -946         64    86.47   115.18       0.74
     1391521       -946         69    97.99   126.70      0.704
     1528351       -946         81   110.66   139.37      0.732
     1681203       -946         85   124.60   153.31      0.682
     1848004       -946         97   139.94   168.65      0.693
     2031726       -946        113   156.81   185.52      0.721
     2236237       -946        126   175.37   204.08      0.718
     2459888       -946        138   195.78   224.49      0.705
     2702212       -946        151   218.23   246.94      0.692
     2971197       -946        174   242.93   271.64      0.716
     3272092       -946        202   270.10   298.81      0.748
     3601321       -946        230   299.99   328.70      0.767
     3968604       -946        257   332.86   361.57      0.772
     4363184       -946        277   369.02   397.73      0.751
     4801955       -946        309   408.80   437.51      0.756
     5281828       -946        339   452.56   481.27      0.749
     5811367       -946        372   500.69   529.40      0.743
     6390002       -946        410   553.63   582.34      0.741
     7027297       -946        446   611.87   640.58      0.729
     7728300       -946        489   675.93   704.64      0.723
     7902244       -946        500   691.94   720.65      0.723
Time to solution 1.38388s, assuming true minimum is -946
