N=8
Mode: 1
Seed: 404
Search strategy: 0
Initialising random weight matrix with 502 working nodes
502 working nodes out of 512
States are 0,1
Weight-choosing mode: 5
Min time to run: 0.5s
Max time to run: 1e+10s
Solutions are independent
           1       -924          0     0.00     0.00       -nan
           2       -940          0     0.00     0.00       -nan
           3       -954          0     0.00     0.00       -nan
          10       -958          0     0.00     0.00       -nan
          32       -960          0     0.00     0.00       -nan
         160       -962          0     0.00     0.02       -nan
         719       -964          0     0.00     0.07       -nan
         847       -968          0     0.00     0.09       -nan
       21951       -970          0     0.00     2.08       -nan
       76757       -970          9     5.00     7.08        1.8
      130543       -970         18    10.00    12.08        1.8
      184287       -970         23    15.00    17.08       1.53
      237830       -970         31    20.00    22.08       1.55
      290014       -970         35    25.00    27.08        1.4
      343128       -970         41    30.00    32.08       1.37
      396404       -970         49    35.00    37.08        1.4
      450308       -970         55    40.00    42.08       1.38
      505813       -970         63    45.00    47.08        1.4
      559110       -970         70    50.00    52.08        1.4
      616019       -970         77    55.21    57.29       1.39
      677054       -970         81    60.94    63.02       1.33
      744811       -970         94    67.25    69.33        1.4
      819067       -970        110    74.19    76.27       1.48
      900246       -970        119    81.82    83.90       1.45
      991064       -970        128    90.22    92.30       1.42
     1089730       -970        141    99.45   101.53       1.42
     1197758       -970        154   109.61   111.69        1.4
     1315213       -970        167   120.78   122.86       1.38
     1443684       -970        185   133.07   135.15       1.39
     1587981       -970        207   146.59   148.67       1.41
     1744132       -970        228   161.46   163.54       1.41
     1919388       -970        260   177.82   179.90       1.46
     2111883       -970        283   195.82   197.90       1.45
     2322015       -970        302   215.62   217.70        1.4
     2554752       -970        339   237.39   239.47       1.43
     2809253       -970        372   261.34   263.42       1.42
     3088211       -970        402   287.69   289.77        1.4
     3394644       -970        429   316.67   318.75       1.35
     3732701       -970        467   348.55   350.63       1.34
     3980990       -970        500   372.03   374.11       1.34
Time to solution 0.74406s, assuming true minimum is -970
