N=8
Mode: 1
Seed: 407
Search strategy: 0
Initialising random weight matrix with 502 working nodes
502 working nodes out of 512
States are 0,1
Weight-choosing mode: 5
Min time to run: 0.5s
Max time to run: 1e+10s
Solutions are independent
           1       -900          0     0.00     0.00       -nan
           2       -904          0     0.00     0.00       -nan
           8       -914          0     0.00     0.00       -nan
          25       -920          0     0.00     0.00       -nan
         291       -922          0     0.00     0.03       -nan
         957       -924          0     0.00     0.10       -nan
        1716       -926          0     0.00     0.17       -nan
        2243       -928          0     0.00     0.22       -nan
       56698       -928         16     5.00     5.22        3.2
      105038       -930          0     0.00     9.61       -nan
      160671       -930          6     5.00    14.61        1.2
      214561       -930          6    10.00    19.61        0.6
      268959       -930         13    15.00    24.61      0.867
      325160       -930         19    20.00    29.61       0.95
      380315       -930         21    25.00    34.61       0.84
      434625       -930         27    30.00    39.61        0.9
      489806       -930         29    35.00    44.61      0.829
      542602       -930         34    40.00    49.61       0.85
      597878       -930         39    45.00    54.61      0.867
      659469       -930         44    50.47    60.08      0.872
      724440       -930         49    56.48    66.09      0.868
      798212       -930         55    63.09    72.70      0.872
      877704       -930         60    70.37    79.98      0.853
      965261       -930         67    78.37    87.98      0.855
     1043988       -930         73    87.17    96.78      0.837
     1151469       -930         80    96.85   106.46      0.826
     1268826       -930         87   107.50   117.11      0.809
     1394633       -930         92   119.22   128.83      0.772
     1536267       -930        101   132.11   141.72      0.765
     1693967       -930        111   146.29   155.90      0.759
     1863795       -930        117   161.88   171.49      0.723
     2050497       -930        131   179.03   188.64      0.732
     2259670       -930        150   197.90   207.51      0.758
     2486822       -930        164   218.66   228.27       0.75
     2735156       -930        189   241.49   251.10      0.783
     3011608       -930        209   266.61   276.22      0.784
     3314849       -930        231   294.24   303.85      0.785
     3647034       -930        250   324.63   334.24       0.77
     4016380       -930        274   358.06   367.67      0.765
     4424896       -930        300   394.83   404.44       0.76
     4868493       -930        341   435.28   444.89      0.783
     5356246       -930        369   479.77   489.38      0.769
     5890422       -930        409   528.71   538.32      0.774
     6482465       -930        442   582.55   592.16      0.759
     7130139       -930        497   641.77   651.38      0.774
     7177134       -930        500   645.92   655.53      0.774
Time to solution 1.29184s, assuming true minimum is -930
