N=8
Mode: 1
Seed: 411
Search strategy: 0
Initialising random weight matrix with 502 working nodes
502 working nodes out of 512
States are 0,1
Weight-choosing mode: 5
Min time to run: 0.5s
Max time to run: 1e+10s
Solutions are independent
           1       -962          0     0.00     0.00       -nan
          14       -964          0     0.00     0.00       -nan
          20       -980          0     0.00     0.00       -nan
         201       -982          0     0.00     0.02       -nan
         410       -988          0     0.00     0.04       -nan
        6110       -990          0     0.00     0.54       -nan
       64148       -990          7     5.00     5.54        1.4
      122534       -990         18    10.00    10.54        1.8
      180192       -990         29    15.00    15.54       1.93
      238141       -990         39    20.00    20.54       1.95
      294915       -990         50    25.00    25.54          2
      352701       -990         60    30.00    30.54          2
      410272       -990         66    35.00    35.54       1.89
      469156       -990         79    40.00    40.54       1.98
      526145       -990         91    45.00    45.54       2.02
      583727       -990        101    50.00    50.54       2.02
      642572       -990        108    55.06    55.60       1.96
      705245       -990        111    60.63    61.17       1.83
      778019       -990        118    66.75    67.29       1.77
      856718       -990        133    73.48    74.02       1.81
      941623       -990        142    80.89    81.43       1.76
     1037424       -990        157    89.04    89.58       1.76
     1141265       -990        170    98.00    98.54       1.73
     1254010       -990        190   107.86   108.40       1.76
     1379548       -990        210   118.71   119.25       1.77
     1516213       -990        231   130.64   131.18       1.77
     1668372       -990        252   143.76   144.30       1.75
     1835577       -990        271   158.20   158.74       1.71
     2019183       -990        298   174.08   174.62       1.71
     2222881       -990        324   191.55   192.09       1.69
     2445364       -990        351   210.76   211.30       1.67
     2687469       -990        387   231.90   232.44       1.67
     2958365       -990        428   255.15   255.69       1.68
     3252449       -990        464   280.72   281.26       1.65
     3455333       -990        500   298.25   298.79       1.68
Time to solution 0.5965s, assuming true minimum is -990
