N=8
Mode: 1
Seed: 416
Search strategy: 0
Initialising random weight matrix with 502 working nodes
502 working nodes out of 512
States are 0,1
Weight-choosing mode: 5
Min time to run: 0.5s
Max time to run: 1e+10s
Solutions are independent
           1       -948          0     0.00     0.00       -nan
          59       -952          0     0.00     0.01       -nan
         215       -954          0     0.00     0.02       -nan
         596       -956          0     0.00     0.06       -nan
         896       -958          0     0.00     0.08       -nan
        5006       -962          0     0.00     0.46       -nan
       62656       -962         10     5.00     5.46          2
      118112       -962         19    10.00    10.46        1.9
      172698       -962         23    15.00    15.46       1.53
      227491       -962         28    20.00    20.46        1.4
      280343       -962         31    25.00    25.46       1.24
      335433       -962         41    30.00    30.46       1.37
      391489       -962         49    35.00    35.46        1.4
      445164       -962         55    40.00    40.46       1.38
      500577       -962         61    45.00    45.46       1.36
      557783       -962         72    50.00    50.46       1.44
      613911       -962         80    55.05    55.51       1.45
      675489       -962         89    60.61    61.07       1.47
      745296       -962         98    66.72    67.18       1.47
      820020       -962        103    73.44    73.90        1.4
      903127       -962        111    80.83    81.29       1.37
      995395       -962        120    88.96    89.42       1.35
     1094862       -962        135    97.91    98.37       1.38
     1204146       -962        151   107.75   108.21        1.4
     1324844       -962        162   118.58   119.04       1.37
     1457363       -962        172   130.49   130.95       1.32
     1601237       -962        184   143.59   144.05       1.28
     1758096       -962        200   158.00   158.46       1.27
     1934172       -962        223   173.85   174.31       1.28
     2128757       -962        241   191.29   191.75       1.26
     2341451       -962        263   210.47   210.93       1.25
     2576865       -962        288   231.57   232.03       1.24
     2834406       -962        318   254.78   255.24       1.25
     3119200       -962        356   280.31   280.77       1.27
     3433353       -962        399   308.39   308.85       1.29
     3775323       -962        440   339.28   339.74        1.3
     4156011       -962        479   373.26   373.72       1.28
     4317413       -962        500   387.64   388.10       1.29
Time to solution 0.77528s, assuming true minimum is -962
