N=8
Mode: 1
Seed: 417
Search strategy: 0
Initialising random weight matrix with 502 working nodes
502 working nodes out of 512
States are 0,1
Weight-choosing mode: 5
Min time to run: 0.5s
Max time to run: 1e+10s
Solutions are independent
           1       -970          0     0.00     0.00       -nan
          10       -978          0     0.00     0.00       -nan
          11       -986          0     0.00     0.00       -nan
          17       -992          0     0.00     0.00       -nan
          47       -996          0     0.00     0.01       -nan
        5961       -998          0     0.00     0.56       -nan
       28703      -1000          0     0.00     2.74       -nan
       77689      -1000          6     5.00     7.74        1.2
      127533      -1000         10    10.00    12.74          1
      177776      -1000         14    15.01    17.75      0.933
      227231      -1000         22    20.01    22.75        1.1
      277979      -1000         26    25.01    27.75       1.04
      328287      -1000         32    30.01    32.75       1.07
      378003      -1000         40    35.01    37.75       1.14
      427488      -1000         45    40.01    42.75       1.12
      475973      -1000         49    45.01    47.75       1.09
      523344      -1000         51    50.01    52.75       1.02
      577953      -1000         57    55.29    58.03       1.03
      637257      -1000         65    61.10    63.84       1.06
      700878      -1000         71    67.49    70.23       1.05
      771001      -1000         76    74.52    77.26       1.02
      848988      -1000         83    82.25    84.99       1.01
      936062      -1000         97    90.75    93.49       1.07
     1031283      -1000        105   100.10   102.84       1.05
     1134519      -1000        114   110.39   113.13       1.03
     1243925      -1000        124   121.71   124.45       1.02
     1367835      -1000        136   134.16   136.90       1.01
     1508873      -1000        155   147.86   150.60       1.05
     1657161      -1000        171   162.92   165.66       1.05
     1823282      -1000        192   179.49   182.23       1.07
     2005202      -1000        220   197.72   200.46       1.11
     2204980      -1000        242   217.77   220.51       1.11
     2429032      -1000        275   239.83   242.57       1.15
     2673598      -1000        316   264.09   266.83        1.2
     2939212      -1000        350   290.78   293.52        1.2
     3237608      -1000        383   320.14   322.88        1.2
     3556932      -1000        422   352.43   355.17        1.2
     3908916      -1000        463   387.95   390.69       1.19
     4283664      -1000        500   425.63   428.37       1.17
Time to solution 0.85126s, assuming true minimum is -1000
