N=8
Mode: 1
Seed: 418
Search strategy: 0
Initialising random weight matrix with 502 working nodes
502 working nodes out of 512
States are 0,1
Weight-choosing mode: 5
Min time to run: 0.5s
Max time to run: 1e+10s
Solutions are independent
           1       -972          0     0.00     0.00       -nan
           3       -974          0     0.00     0.00       -nan
           9       -976          0     0.00     0.00       -nan
          52       -980          0     0.00     0.01       -nan
         286       -982          0     0.00     0.03       -nan
         306       -986          0     0.00     0.03       -nan
        2592       -990          0     0.00     0.23       -nan
       29427       -992          0     0.00     2.56       -nan
       87047       -992          8     5.01     7.57        1.6
      144036       -992         15    10.01    12.57        1.5
      201186       -992         20    15.01    17.57       1.33
      257486       -992         22    20.01    22.57        1.1
      313719       -992         25    25.01    27.57          1
      370601       -992         28    30.01    32.57      0.933
      428780       -992         33    35.01    37.57      0.943
      483720       -992         36    40.01    42.57        0.9
      540792       -992         43    45.01    47.57      0.955
      596061       -992         50    50.01    52.57          1
      657247       -992         55    55.27    57.83      0.995
      722533       -992         61    61.06    63.62      0.999
      793585       -992         67    67.43    69.99      0.994
      872381       -992         78    74.43    76.99       1.05
      959059       -992         87    82.13    84.69       1.06
     1054820       -992         94    90.60    93.16       1.04
     1160491       -992        104    99.92   102.48       1.04
     1277066       -992        112   110.17   112.73       1.02
     1405910       -992        123   121.45   124.01       1.01
     1544702       -992        134   133.86   136.42          1
     1696531       -992        148   147.51   150.07          1
     1865230       -992        160   162.52   165.08      0.984
     2052754       -992        177   179.03   181.59      0.989
     2255519       -992        198   197.19   199.75          1
     2482906       -992        213   217.17   219.73      0.981
     2730675       -992        231   239.15   241.71      0.966
     3002543       -992        258   263.33   265.89       0.98
     3303648       -992        286   289.92   292.48      0.986
     3633414       -992        318   319.17   321.73      0.996
     3996676       -992        351   351.35   353.91      0.999
     4401298       -992        386   386.75   389.31      0.998
     4843882       -992        423   425.69   428.25      0.994
     5329101       -992        466   468.52   471.08      0.995
     5755708       -992        500   506.26   508.82      0.988
Time to solution 1.01252s, assuming true minimum is -992
