N=8
Mode: 1
Seed: 419
Search strategy: 0
Initialising random weight matrix with 502 working nodes
502 working nodes out of 512
States are 0,1
Weight-choosing mode: 5
Min time to run: 0.5s
Max time to run: 1e+10s
Solutions are independent
           1       -964          0     0.00     0.00       -nan
           2       -982          0     0.00     0.00       -nan
           3       -988          0     0.00     0.00       -nan
           4       -998          0     0.00     0.00       -nan
         128      -1000          0     0.00     0.02       -nan
         540      -1002          0     0.00     0.05       -nan
        7065      -1004          0     0.00     0.62       -nan
       66198      -1004          8     5.00     5.62        1.6
      123629      -1004         13    10.01    10.63        1.3
      181358      -1004         19    15.01    15.63       1.27
      237966      -1004         27    20.02    20.64       1.35
      294573      -1004         32    25.02    25.64       1.28
      351897      -1004         37    30.02    30.64       1.23
      410715      -1004         43    35.02    35.64       1.23
      468816      -1004         50    40.02    40.64       1.25
      523487      -1004         55    45.02    45.64       1.22
      582914      -1004         66    50.02    50.64       1.32
      640975      -1004         72    55.09    55.71       1.31
      705943      -1004         76    60.67    61.29       1.25
      778747      -1004         83    66.80    67.42       1.24
      855732      -1004         86    73.55    74.17       1.17
      941152      -1004         92    80.97    81.59       1.14
     1034829      -1004        103    89.13    89.75       1.16
     1138894      -1004        114    98.11    98.73       1.16
     1253088      -1004        124   107.99   108.61       1.15
     1378503      -1004        135   118.86   119.48       1.14
     1513517      -1004        148   130.81   131.43       1.13
     1669054      -1004        166   143.96   144.58       1.15
     1834911      -1004        182   158.42   159.04       1.15
     2017848      -1004        200   174.33   174.95       1.15
     2216398      -1004        211   191.83   192.45        1.1
     2440298      -1004        231   211.08   211.70       1.09
     2684255      -1004        248   232.25   232.87       1.07
     2949576      -1004        275   255.54   256.16       1.08
     3247292      -1004        294   281.16   281.78       1.05
     3574678      -1004        315   309.34   309.96       1.02
     3929027      -1004        359   340.34   340.96       1.05
     4324126      -1004        395   374.44   375.06       1.05
     4749668      -1004        433   411.95   412.57       1.05
     5223948      -1004        465   453.21   453.83       1.03
     5506287      -1004        500   477.72   478.34       1.05
Time to solution 0.95544s, assuming true minimum is -1004
