N=8
Mode: 1
Seed: 428
Search strategy: 0
Initialising random weight matrix with 502 working nodes
502 working nodes out of 512
States are 0,1
Weight-choosing mode: 5
Min time to run: 0.5s
Max time to run: 1e+10s
Solutions are independent
           1       -974          0     0.00     0.00       -nan
           7       -982          0     0.00     0.00       -nan
          43       -984          0     0.00     0.01       -nan
          61       -986          0     0.00     0.01       -nan
          78       -990          0     0.00     0.01       -nan
         400       -992          0     0.00     0.04       -nan
         604       -994          0     0.00     0.06       -nan
       13013       -996          0     0.00     1.15       -nan
       70884       -996         25     5.00     6.15          5
      128622       -996         39    10.00    11.15        3.9
      185575       -996         62    15.00    16.15       4.13
      242440       -996         84    20.00    21.15        4.2
      299465       -996        105    25.00    26.15        4.2
      355444       -996        131    30.00    31.15       4.37
      411630       -996        159    35.00    36.15       4.54
      468803       -996        181    40.00    41.15       4.53
      526583       -996        207    45.00    46.15        4.6
      582084       -996        226    50.00    51.15       4.52
      641759       -996        257    55.12    56.27       4.66
      706359       -996        286    60.75    61.90       4.71
      777192       -996        322    66.94    68.09       4.81
      855932       -996        351    73.75    74.90       4.76
      942722       -996        385    81.25    82.40       4.74
     1038662       -996        421    89.50    90.65        4.7
     1143167       -996        469    98.57    99.72       4.76
     1208693       -996        500   104.23   105.38        4.8
Time to solution 0.20846s, assuming true minimum is -996
