N=8
Mode: 1
Seed: 429
Search strategy: 0
Initialising random weight matrix with 502 working nodes
502 working nodes out of 512
States are 0,1
Weight-choosing mode: 5
Min time to run: 0.5s
Max time to run: 1e+10s
Solutions are independent
           1       -978          0     0.00     0.00       -nan
           3       -986          0     0.00     0.00       -nan
          73       -988          0     0.00     0.01       -nan
         443       -990          0     0.00     0.04       -nan
         518       -992          0     0.00     0.05       -nan
         527       -996          0     0.00     0.06       -nan
        1086       -998          0     0.00     0.11       -nan
        3060      -1000          0     0.00     0.28       -nan
       56955      -1000         31     5.00     5.28        6.2
      110921      -1000         57    10.01    10.29       5.69
      164500      -1000         77    15.01    15.29       5.13
      218560      -1000        108    20.01    20.29        5.4
      271191      -1000        132    25.01    25.29       5.28
      324550      -1000        156    30.01    30.29        5.2
      377731      -1000        179    35.01    35.29       5.11
      430519      -1000        212    40.01    40.29        5.3
      483771      -1000        240    45.01    45.29       5.33
      537359      -1000        265    50.01    50.29        5.3
      590301      -1000        287    55.04    55.32       5.21
      648221      -1000        331    60.58    60.86       5.46
      712247      -1000        351    66.67    66.95       5.26
      782745      -1000        386    73.37    73.65       5.26
      861224      -1000        427    80.74    81.02       5.29
      946157      -1000        467    88.85    89.13       5.26
     1027565      -1000        500    96.49    96.77       5.18
Time to solution 0.19298s, assuming true minimum is -1000
