N=8
Mode: 1
Seed: 432
Search strategy: 0
Initialising random weight matrix with 502 working nodes
502 working nodes out of 512
States are 0,1
Weight-choosing mode: 5
Min time to run: 0.5s
Max time to run: 1e+10s
Solutions are independent
           1       -982          0     0.00     0.00       -nan
           2       -992          0     0.00     0.00       -nan
          16      -1002          0     0.00     0.00       -nan
        5570      -1004          0     0.00     0.47       -nan
       61056      -1004         12     5.00     5.47        2.4
      118323      -1004         31    10.00    10.47        3.1
      174954      -1004         41    15.00    15.47       2.73
      232728      -1004         50    20.00    20.47        2.5
      291905      -1004         65    25.00    25.47        2.6
      348628      -1004         81    30.00    30.47        2.7
      407061      -1004         94    35.00    35.47       2.69
      464721      -1004        112    40.00    40.47        2.8
      522207      -1004        125    45.00    45.47       2.78
      579522      -1004        130    50.00    50.47        2.6
      637697      -1004        149    55.05    55.52       2.71
      702544      -1004        167    60.61    61.08       2.76
      772674      -1004        180    66.72    67.19        2.7
      852008      -1004        217    73.44    73.91       2.95
      935953      -1004        241    80.84    81.31       2.98
     1031085      -1004        271    88.98    89.45       3.05
     1134450      -1004        303    97.93    98.40       3.09
     1247664      -1004        333   107.78   108.25       3.09
     1373184      -1004        366   118.61   119.08       3.09
     1510733      -1004        413   130.52   130.99       3.16
     1661548      -1004        452   143.62   144.09       3.15
     1827987      -1004        484   158.03   158.50       3.06
     1915461      -1004        500   165.74   166.21       3.02
Time to solution 0.33148s, assuming true minimum is -1004
