N=8
Mode: 1
Seed: 434
Search strategy: 0
Initialising random weight matrix with 502 working nodes
502 working nodes out of 512
States are 0,1
Weight-choosing mode: 5
Min time to run: 0.5s
Max time to run: 1e+10s
Solutions are independent
           1       -832          0     0.00     0.00       -nan
           4       -836          0     0.00     0.00       -nan
           5       -844          0     0.00     0.00       -nan
           6       -846          0     0.00     0.00       -nan
           7       -848          0     0.00     0.00       -nan
          11       -852          0     0.00     0.00       -nan
          48       -858          0     0.00     0.01       -nan
         281       -860          0     0.00     0.03       -nan
        1048       -862          0     0.00     0.08       -nan
       39718       -864          0     0.00     3.54       -nan
       94410       -864         18     5.00     8.54        3.6
      149519       -864         37    10.00    13.54        3.7
      204630       -864         47    15.00    18.54       3.13
      260741       -864         73    20.00    23.54       3.65
      315826       -864         91    25.00    28.54       3.64
      370296       -864        103    30.00    33.54       3.43
      427441       -864        126    35.00    38.54        3.6
      481841       -864        144    40.00    43.54        3.6
      538812       -864        167    45.00    48.54       3.71
      593788       -864        188    50.00    53.54       3.76
      652564       -864        207    55.36    58.90       3.74
      719699       -864        226    61.25    64.79       3.69
      791840       -864        254    67.73    71.27       3.75
      871601       -864        274    74.86    78.40       3.66
      959204       -864        305    82.71    86.25       3.69
     1056592       -864        344    91.34    94.88       3.77
     1162774       -864        370   100.83   104.37       3.67
     1278032       -864        398   111.27   114.81       3.58
     1406864       -864        443   122.76   126.30       3.61
     1548710       -864        489   135.39   138.93       3.61
     1579608       -864        500   138.04   141.58       3.62
Time to solution 0.27608s, assuming true minimum is -864
