N=8
Mode: 1
Seed: 435
Search strategy: 0
Initialising random weight matrix with 502 working nodes
502 working nodes out of 512
States are 0,1
Weight-choosing mode: 5
Min time to run: 0.5s
Max time to run: 1e+10s
Solutions are independent
           1       -912          0     0.00     0.00       -nan
           2       -914          0     0.00     0.00       -nan
           5       -918          0     0.00     0.00       -nan
           7       -922          0     0.00     0.00       -nan
          75       -924          0     0.00     0.01       -nan
          80       -926          0     0.00     0.01       -nan
          89       -928          0     0.00     0.01       -nan
         184       -932          0     0.00     0.02       -nan
         482       -934          0     0.00     0.05       -nan
        7953       -936          0     0.00     0.68       -nan
       12193       -938          0     0.00     1.05       -nan
       69131       -938         13     5.00     6.05        2.6
      127136       -938         25    10.00    11.05        2.5
      185366       -938         33    15.00    16.05        2.2
      243504       -938         44    20.00    21.05        2.2
      300136       -938         53    25.00    26.05       2.12
      356359       -938         60    30.00    31.05          2
      414965       -938         72    35.00    36.05       2.06
      471304       -938         82    40.00    41.05       2.05
      527845       -938         90    45.00    46.05          2
      583876       -938         97    50.00    51.05       1.94
      641105       -938        107    55.11    56.16       1.94
      704573       -938        123    60.73    61.78       2.03
      774538       -938        140    66.91    67.96       2.09
      848363       -938        147    73.71    74.76       1.99
      932598       -938        156    81.19    82.24       1.92
     1027045       -938        174    89.42    90.47       1.95
     1129032       -938        194    98.47    99.52       1.97
     1242691       -938        212   108.43   109.48       1.96
     1366380       -938        235   119.38   120.43       1.97
     1500999       -938        255   131.43   132.48       1.94
     1648763       -938        280   144.68   145.73       1.94
     1812338       -938        306   159.26   160.31       1.92
     1989921       -938        333   175.30   176.35        1.9
     2186674       -938        361   192.94   193.99       1.87
     2406036       -938        401   212.34   213.39       1.89
     2647586       -938        437   233.68   234.73       1.87
     2911544       -938        486   257.16   258.21       1.89
     2977603       -938        500   263.14   264.19        1.9
Time to solution 0.52628s, assuming true minimum is -938
