N=8
Mode: 1
Seed: 437
Search strategy: 0
Initialising random weight matrix with 502 working nodes
502 working nodes out of 512
States are 0,1
Weight-choosing mode: 5
Min time to run: 0.5s
Max time to run: 1e+10s
Solutions are independent
           1       -982          0     0.00     0.00       -nan
          33       -984          0     0.00     0.00       -nan
          36       -988          0     0.00     0.00       -nan
         114       -990          0     0.00     0.02       -nan
         269       -992          0     0.00     0.03       -nan
         384       -998          0     0.00     0.04       -nan
       58665       -998         23     5.00     5.04        4.6
      116809       -998         40    10.00    10.04          4
      174786       -998         55    15.00    15.04       3.67
      232912       -998         75    20.00    20.04       3.75
      291107       -998        103    25.00    25.04       4.12
      348102       -998        118    30.00    30.04       3.93
      406344       -998        139    35.00    35.04       3.97
      465059       -998        161    40.00    40.04       4.03
      523492       -998        175    45.00    45.04       3.89
      581472       -998        200    50.00    50.04          4
      639851       -998        219    55.01    55.05       3.98
      705475       -998        241    60.52    60.56       3.98
      775989       -998        267    66.58    66.62       4.01
      853219       -998        303    73.25    73.29       4.14
      937899       -998        338    80.58    80.62       4.19
     1030521       -998        378    88.65    88.69       4.26
     1134720       -998        418    97.52    97.56       4.29
     1245834       -998        464   107.28   107.32       4.33
     1332099       -998        500   114.72   114.76       4.36
Time to solution 0.22944s, assuming true minimum is -998
