N=8
Mode: 1
Seed: 438
Search strategy: 0
Initialising random weight matrix with 502 working nodes
502 working nodes out of 512
States are 0,1
Weight-choosing mode: 5
Min time to run: 0.5s
Max time to run: 1e+10s
Solutions are independent
           1       -948          0     0.00     0.00       -nan
           2       -960          0     0.00     0.00       -nan
          19       -964          0     0.00     0.00       -nan
          20       -966          0     0.00     0.00       -nan
          66       -970          0     0.00     0.01       -nan
         145       -972          0     0.00     0.02       -nan
        2522       -974          0     0.00     0.22       -nan
       10213       -976          0     0.00     0.96       -nan
       62334       -976          7     5.00     5.96        1.4
      113238       -976         17    10.00    10.96        1.7
      165115       -976         22    15.00    15.96       1.47
      217347       -976         28    20.00    20.96        1.4
      270377       -976         35    25.00    25.96        1.4
      321225       -976         41    30.00    30.96       1.37
      372181       -976         46    35.00    35.96       1.31
      425409       -976         51    40.00    40.96       1.27
      478668       -976         61    45.00    45.96       1.36
      531307       -976         66    50.00    50.96       1.32
      583520       -976         70    55.10    56.06       1.27
      641837       -976         72    60.71    61.67       1.19
      703229       -976         78    66.88    67.84       1.17
      771864       -976         81    73.67    74.63        1.1
      849497       -976         91    81.14    82.10       1.12
      935310       -976        103    89.35    90.31       1.15
     1026999       -976        111    98.39    99.35       1.13
     1132638       -976        129   108.33   109.29       1.19
     1247108       -976        143   119.26   120.22        1.2
     1372195       -976        166   131.29   132.25       1.26
     1510949       -976        183   144.52   145.48       1.27
     1659119       -976        201   159.07   160.03       1.26
     1824535       -976        225   175.08   176.04       1.29
     2006564       -976        248   192.69   193.65       1.29
     2206817       -976        284   212.06   213.02       1.34
     2430263       -976        326   233.37   234.33        1.4
     2672719       -976        354   256.81   257.77       1.38
     2939520       -976        388   282.59   283.55       1.37
     3234737       -976        414   310.95   311.91       1.33
     3557932       -976        452   342.15   343.11       1.32
     3916959       -976        500   376.23   377.19       1.33
Time to solution 0.75246s, assuming true minimum is -976
