N=8
Mode: 1
Seed: 44
Search strategy: 0
Initialising random weight matrix with 502 working nodes
502 working nodes out of 512
States are 0,1
Weight-choosing mode: 5
Min time to run: 1000s
Max time to run: 10000s
Groundtruth: -1008
           1       -960          1     0.00
           4       -972          1     0.00
           7       -976          1     0.00
          30       -982          1     0.01
          45       -988          1     0.01
          56       -990          1     0.01
         355       -994          1     0.07
        2176       -996          1     0.40
       10422       -998          1     1.91
       17459      -1000          1     3.21
       44502      -1000          1     8.21
       71657      -1000          3    13.21
       81989      -1002          1    15.11
      109031      -1002          1    20.11
      136138      -1002          1    25.11
      163295      -1002          1    30.11
      190344      -1002          2    35.11
      217437      -1002          2    40.11
      244606      -1002          2    45.11
      271623      -1002          3    50.11
      298860      -1002          5    55.13
      328741      -1002          6    60.65
      361662      -1002          6    66.72
      397913      -1002          6    73.40
      437812      -1002          6    80.75
      481599      -1002          7    88.83
      529712      -1002          7    97.72
      582625      -1002          9   107.50
      641013      -1002         11   118.26
      705154      -1002         11   130.09
      775627      -1002         12   143.10
      824910      -1004          1   152.18
      907398      -1004          2   167.40
      998146      -1004          2   184.15
     1097930      -1004          3   202.57
     1207593      -1004          3   222.83
     1328319      -1004          3   245.12
     1461019      -1004          3   269.64
     1607121      -1004          3   296.61
     1767842      -1004          5   326.28
     1944802      -1004          5   358.91
     2064155      -1006          1   380.91
     2270713      -1006          1   419.01
     2497781      -1006          1   460.92
     2747587      -1006          1   507.02
     3022326      -1006          1   557.73
     3324510      -1006          1   613.51
     3656806      -1006          1   674.87
     4022281      -1006          1   742.36
     4424332      -1006          1   816.60
     4866584      -1006          1   898.27
     5352378      -1006          1   988.10
     5887611      -1006          1  1086.91
     6476495      -1006          1  1195.61
     7124519      -1006          1  1315.18
     7836898      -1006          1  1446.70
     8620440      -1006          1  1591.38
     9482766      -1006          1  1750.52
    10430231      -1006          1  1925.58
    11473282      -1006          2  2118.14
    12620663      -1006          2  2329.96
    13883403      -1006          3  2562.96
    15271622      -1006          3  2819.26
    16799170      -1006          3  3101.19
    18478398      -1006          3  3411.31
    20327007      -1006          3  3752.45
    22359066      -1006          3  4127.70
    24595683      -1006          3  4540.47
    27054232      -1006          3  4994.52
    29759851      -1006          4  5493.98
    32736307      -1006          5  6043.38
    36009818      -1006          7  6647.72
    39611002      -1006          9  7312.50
    43572909      -1006         11  8043.76
    47931095      -1006         12  8848.14
    52723815      -1006         13  9732.96
    54170810      -1006         13 10000.00
Time to solution 769.231s, assuming true minimum is -1006
