N=8
Mode: 1
Seed: 443
Search strategy: 0
Initialising random weight matrix with 502 working nodes
502 working nodes out of 512
States are 0,1
Weight-choosing mode: 5
Min time to run: 0.5s
Max time to run: 1e+10s
Solutions are independent
           1       -968          0     0.00     0.00       -nan
           3       -978          0     0.00     0.00       -nan
          11       -980          0     0.00     0.00       -nan
          15       -988          0     0.00     0.00       -nan
        4229       -990          0     0.00     0.38       -nan
        6194       -992          0     0.00     0.58       -nan
       23733       -994          0     0.00     2.18       -nan
       77399       -994          3     5.00     7.18        0.6
      133474       -994          7    10.00    12.18        0.7
      188142       -994          9    15.00    17.18        0.6
      242581       -994         12    20.00    22.18        0.6
      298960       -994         14    25.00    27.18       0.56
      356505       -994         17    30.00    32.18      0.567
      411312       -994         18    35.00    37.18      0.514
      466340       -994         20    40.00    42.18        0.5
      521935       -994         23    45.00    47.18      0.511
      575721       -994         23    50.00    52.18       0.46
      633438       -994         26    55.22    57.40      0.471
      695667       -994         26    60.96    63.14      0.427
      765894       -994         28    67.28    69.46      0.416
      844961       -994         33    74.23    76.41      0.445
      927020       -994         33    81.88    84.06      0.403
     1018640       -994         37    90.29    92.47       0.41
     1119496       -994         41    99.54   101.72      0.412
     1234479       -994         50   109.72   111.90      0.456
     1360041       -994         56   120.92   123.10      0.463
     1494957       -994         65   133.23   135.41      0.488
     1645462       -994         73   146.78   148.96      0.497
     1810810       -994         83   161.68   163.86      0.513
     1993435       -994         94   178.07   180.25      0.528
     2193893       -994        101   196.10   198.28      0.515
     2415989       -994        114   215.93   218.11      0.528
     2658162       -994        127   237.75   239.93      0.534
     2925257       -994        143   261.75   263.93      0.546
     3217943       -994        158   288.15   290.33      0.548
     3539607       -994        187   317.19   319.37       0.59
     3899360       -994        204   349.13   351.31      0.584
     4290090       -994        220   384.27   386.45      0.573
     4716848       -994        242   422.92   425.10      0.572
     5188202       -994        258   465.44   467.62      0.554
     5709065       -994        283   512.21   514.39      0.553
     6286182       -994        314   563.65   565.83      0.557
     6918031       -994        348   620.24   622.42      0.561
     7611203       -994        390   682.49   684.67      0.571
     8369390       -994        423   750.96   753.14      0.563
     9206573       -994        471   826.28   828.46       0.57
    10029998       -994        500   900.70   902.88      0.555
Time to solution 1.8014s, assuming true minimum is -994
