N=8
Mode: 1
Seed: 445
Search strategy: 0
Initialising random weight matrix with 502 working nodes
502 working nodes out of 512
States are 0,1
Weight-choosing mode: 5
Min time to run: 0.5s
Max time to run: 1e+10s
Solutions are independent
           1       -952          0     0.00     0.00       -nan
           2       -966          0     0.00     0.00       -nan
           4       -970          0     0.00     0.00       -nan
           5       -972          0     0.00     0.00       -nan
           7       -988          0     0.00     0.00       -nan
          24       -990          0     0.00     0.00       -nan
         100       -992          0     0.00     0.01       -nan
         255       -994          0     0.00     0.02       -nan
         272       -996          0     0.00     0.03       -nan
         310       -998          0     0.00     0.03       -nan
        1701      -1000          0     0.00     0.18       -nan
        5121      -1002          0     0.00     0.50       -nan
       56177      -1002         21     5.00     5.50        4.2
      106133      -1002         30    10.00    10.50          3
      156090      -1002         47    15.00    15.50       3.13
      205616      -1002         52    20.00    20.50        2.6
      256402      -1002         60    25.00    25.50        2.4
      308260      -1002         82    30.00    30.50       2.73
      360365      -1002         92    35.00    35.50       2.63
      409521      -1002        104    40.00    40.50        2.6
      461468      -1002        114    45.00    45.50       2.53
      513401      -1002        128    50.00    50.50       2.56
      563681      -1002        135    55.06    55.56       2.45
      620535      -1002        146    60.62    61.12       2.41
      682458      -1002        157    66.74    67.24       2.35
      749603      -1002        181    73.47    73.97       2.46
      823557      -1002        201    80.87    81.37       2.49
      906000      -1002        222    89.01    89.51       2.49
      997951      -1002        247    97.97    98.47       2.52
     1096814      -1002        268   107.82   108.32       2.49
     1207578      -1002        299   118.66   119.16       2.52
     1328980      -1002        324   130.58   131.08       2.48
     1463832      -1002        355   143.69   144.19       2.47
     1608494      -1002        390   158.11   158.61       2.47
     1769805      -1002        431   173.98   174.48       2.48
     1946494      -1002        475   191.43   191.93       2.48
     2076244      -1002        500   204.18   204.68       2.45
Time to solution 0.40836s, assuming true minimum is -1002
