N=8
Mode: 1
Seed: 450
Search strategy: 0
Initialising random weight matrix with 502 working nodes
502 working nodes out of 512
States are 0,1
Weight-choosing mode: 5
Min time to run: 0.5s
Max time to run: 1e+10s
Solutions are independent
           1       -916          0     0.00     0.00       -nan
           5       -920          0     0.00     0.00       -nan
           7       -924          0     0.00     0.00       -nan
          54       -930          0     0.00     0.01       -nan
          79       -938          0     0.00     0.01       -nan
         479       -940          0     0.00     0.05       -nan
         885       -942          0     0.00     0.08       -nan
        8947       -944          0     0.00     0.81       -nan
       68506       -944         19     5.01     5.82       3.79
      126720       -944         38    10.01    10.82        3.8
      185863       -944         66    15.01    15.82        4.4
      243681       -944         90    20.01    20.82        4.5
      302511       -944        118    25.01    25.82       4.72
      360893       -944        143    30.01    30.82       4.77
      418473       -944        170    35.01    35.82       4.86
      477195       -944        192    40.01    40.82        4.8
      536431       -944        218    45.01    45.82       4.84
      593478       -944        241    50.01    50.82       4.82
      652550       -944        265    55.10    55.91       4.81
      717917       -944        290    60.70    61.51       4.78
      790237       -944        320    66.86    67.67       4.79
      868188       -944        359    73.63    74.44       4.88
      954972       -944        401    81.08    81.89       4.95
     1051733       -944        450    89.27    90.08       5.04
     1158569       -944        485    98.28    99.09       4.93
     1211568       -944        500   102.79   103.60       4.86
Time to solution 0.20558s, assuming true minimum is -944
