N=8
Mode: 1
Seed: 458
Search strategy: 0
Initialising random weight matrix with 502 working nodes
502 working nodes out of 512
States are 0,1
Weight-choosing mode: 5
Min time to run: 0.5s
Max time to run: 1e+10s
Solutions are independent
           1       -960          0     0.00     0.00       -nan
           2       -964          0     0.00     0.00       -nan
           3       -972          0     0.00     0.00       -nan
           9       -978          0     0.00     0.00       -nan
          29       -982          0     0.00     0.00       -nan
          81       -984          0     0.00     0.01       -nan
         258       -986          0     0.00     0.04       -nan
         354       -988          0     0.00     0.04       -nan
       51928       -988         35     5.00     5.04          7
      104264       -988         63    10.00    10.04        6.3
      157109       -988         91    15.00    15.04       6.07
      209187       -988        134    20.00    20.04        6.7
      261041       -988        160    25.00    25.04        6.4
      312095       -988        183    30.00    30.04        6.1
      364219       -988        216    35.00    35.04       6.17
      416132       -988        248    40.00    40.04        6.2
      466928       -988        276    45.00    45.04       6.13
      517872       -988        303    50.00    50.04       6.06
      570578       -988        332    55.01    55.05       6.04
      627580       -988        369    60.52    60.56        6.1
      690809       -988        400    66.58    66.62       6.01
      759496       -988        442    73.25    73.29       6.03
      835692       -988        493    80.58    80.62       6.12
      840706       -988        500    81.08    81.12       6.17
Time to solution 0.16216s, assuming true minimum is -988
