N=8
Mode: 1
Seed: 46
Search strategy: 0
Initialising random weight matrix with 502 working nodes
502 working nodes out of 512
States are 0,1
Weight-choosing mode: 5
Min time to run: 1000s
Max time to run: 10000s
Groundtruth: -1128
           1      -1060          1     0.00
           2      -1094          1     0.00
           3      -1100          1     0.00
          11      -1110          1     0.00
          47      -1112          1     0.01
          53      -1114          1     0.01
         351      -1116          1     0.06
        1180      -1118          1     0.22
        1299      -1120          1     0.24
        8119      -1122          1     1.53
       11560      -1124          1     2.17
       37958      -1124          4     7.17
       64496      -1124          6    12.17
       91011      -1124          7    17.17
      117529      -1124          9    22.17
      144080      -1124         11    27.17
      170672      -1124         12    32.17
      197199      -1124         12    37.17
      197758      -1126          1    37.27
      224260      -1126          1    42.27
      250749      -1126          1    47.27
      277240      -1126          1    52.27
      305000      -1126          2    57.50
      335531      -1126          2    63.26
      368976      -1126          2    69.59
      405980      -1126          2    76.55
      446499      -1126          2    84.21
      491188      -1126          2    92.64
      540272      -1126          2   101.91
      594415      -1126          2   112.11
      653990      -1126          2   123.33
      719319      -1126          4   135.67
      791322      -1126          5   149.24
      870495      -1126          5   164.17
      957647      -1126          6   180.59
     1053367      -1126         10   198.65
     1158656      -1126         12   218.52
     1274329      -1126         12   240.38
     1401673      -1126         15   264.42
     1541592      -1126         18   290.87
     1695710      -1126         20   319.96
     1865336      -1126         21   351.96
     2052085      -1126         29   387.16
     2137807      -1128          1   403.32
     2351847      -1128          1   443.66
     2587181      -1128          1   488.03
     2846307      -1128          2   536.84
     3131021      -1128          2   590.53
     3444390      -1128          2   649.59
     3788799      -1128          2   714.55
     4167654      -1128          2   786.01
     4584440      -1128          2   864.62
     5042835      -1128          2   951.09
     5545900      -1128          2  1046.20
     6100555      -1128          3  1150.83
     6710717      -1128          3  1265.92
     7381984      -1128          3  1392.52
     8120643      -1128          3  1531.78
     8930662      -1128          3  1684.96
     9824388      -1128          4  1853.46
    10807132      -1128          5  2038.81
    11888104      -1128          5  2242.70
    13076600      -1128          6  2466.97
    14385069      -1128          8  2713.67
    15823707      -1128          9  2985.04
    16451611      -1128         10  3103.56
Time to solution 310.356s, assuming true minimum is -1128
