N=8
Mode: 1
Seed: 461
Search strategy: 0
Initialising random weight matrix with 502 working nodes
502 working nodes out of 512
States are 0,1
Weight-choosing mode: 5
Min time to run: 0.5s
Max time to run: 1e+10s
Solutions are independent
           1       -926          0     0.00     0.00       -nan
           2       -936          0     0.00     0.00       -nan
           3       -952          0     0.00     0.00       -nan
          23       -960          0     0.00     0.00       -nan
          24       -962          0     0.00     0.00       -nan
          36       -966          0     0.00     0.00       -nan
         283       -970          0     0.00     0.03       -nan
        5825       -972          0     0.00     0.54       -nan
       58857       -972          8     5.00     5.54        1.6
      112725       -972         13    10.00    10.54        1.3
      164941       -972         18    15.00    15.54        1.2
      219164       -972         20    20.00    20.54          1
      274701       -972         29    25.00    25.54       1.16
      329666       -972         35    30.00    30.54       1.17
      382560       -972         43    35.00    35.54       1.23
      437139       -972         50    40.00    40.54       1.25
      492023       -972         59    45.00    45.54       1.31
      546295       -972         66    50.00    50.54       1.32
      600265       -972         70    55.06    55.60       1.27
      660213       -972         78    60.63    61.17       1.29
      725427       -972         84    66.75    67.29       1.26
      797097       -972         94    73.48    74.02       1.28
      876843       -972        101    80.89    81.43       1.25
      964286       -972        106    89.04    89.58       1.19
     1061747       -972        112    98.00    98.54       1.14
     1167070       -972        124   107.86   108.40       1.15
     1286192       -972        144   118.71   119.25       1.21
     1414337       -972        154   130.64   131.18       1.18
     1555959       -972        171   143.76   144.30       1.19
     1710926       -972        184   158.20   158.74       1.16
     1881626       -972        195   174.08   174.62       1.12
     2069680       -972        210   191.55   192.09        1.1
     2276381       -972        227   210.76   211.30       1.08
     2498289       -972        247   231.90   232.44       1.07
     2752345       -972        277   255.15   255.69       1.09
     3027756       -972        308   280.72   281.26        1.1
     3331210       -972        338   308.85   309.39       1.09
     3664606       -972        374   339.79   340.33        1.1
     4027057       -972        408   373.83   374.37       1.09
     4427509       -972        447   411.27   411.81       1.09
     4865927       -972        489   452.46   453.00       1.08
     4992500       -972        500   464.34   464.88       1.08
Time to solution 0.92868s, assuming true minimum is -972
