N=8
Mode: 1
Seed: 463
Search strategy: 0
Initialising random weight matrix with 502 working nodes
502 working nodes out of 512
States are 0,1
Weight-choosing mode: 5
Min time to run: 0.5s
Max time to run: 1e+10s
Solutions are independent
           1       -980          0     0.00     0.00       -nan
           2       -994          0     0.00     0.00       -nan
           8      -1000          0     0.00     0.00       -nan
          74      -1002          0     0.00     0.01       -nan
         143      -1004          0     0.00     0.02       -nan
         560      -1006          0     0.00     0.06       -nan
        1731      -1008          0     0.00     0.19       -nan
        8835      -1010          0     0.00     0.86       -nan
       33993      -1012          0     0.00     3.21       -nan
       86359      -1012          5     5.00     8.21          1
      138684      -1012         10    10.00    13.21          1
      191095      -1012         25    15.00    18.21       1.67
      244647      -1012         37    20.00    23.21       1.85
      296840      -1012         40    25.00    28.21        1.6
      347460      -1012         43    30.00    33.21       1.43
      399225      -1012         47    35.00    38.21       1.34
      450285      -1012         55    40.00    43.21       1.38
      502009      -1012         60    45.00    48.21       1.33
      554332      -1012         71    50.00    53.21       1.42
      609638      -1012         76    55.33    58.54       1.37
      672087      -1012         87    61.19    64.40       1.42
      738052      -1012         95    67.64    70.85        1.4
      810130      -1012         99    74.73    77.94       1.32
      890310      -1012        107    82.53    85.74        1.3
      982260      -1012        123    91.11    94.32       1.35
     1079163      -1012        132   100.55   103.76       1.31
     1185742      -1012        141   110.93   114.14       1.27
     1306225      -1012        155   122.35   125.56       1.27
     1436313      -1012        172   134.91   138.12       1.27
     1580167      -1012        194   148.73   151.94        1.3
     1736510      -1012        208   163.93   167.14       1.27
     1911783      -1012        229   180.65   183.86       1.27
     2106129      -1012        261   199.04   202.25       1.31
     2312910      -1012        277   219.27   222.48       1.26
     2542308      -1012        315   241.52   244.73        1.3
     2795970      -1012        345   266.00   269.21        1.3
     3074159      -1012        380   292.93   296.14        1.3
     3380523      -1012        416   322.55   325.76       1.29
     3720906      -1012        463   355.13   358.34        1.3
     3997500      -1012        500   381.14   384.35       1.31
Time to solution 0.76228s, assuming true minimum is -1012
