N=8
Mode: 1
Seed: 466
Search strategy: 0
Initialising random weight matrix with 502 working nodes
502 working nodes out of 512
States are 0,1
Weight-choosing mode: 5
Min time to run: 0.5s
Max time to run: 1e+10s
Solutions are independent
           1       -928          0     0.00     0.00       -nan
           5       -930          0     0.00     0.00       -nan
           8       -938          0     0.00     0.00       -nan
          34       -946          0     0.00     0.00       -nan
        1887       -948          0     0.00     0.17       -nan
        2296       -950          0     0.00     0.21       -nan
        2716       -952          0     0.00     0.24       -nan
        6155       -954          0     0.00     0.54       -nan
       64203       -954         17     5.00     5.54        3.4
      122153       -954         28    10.00    10.54        2.8
      180066       -954         43    15.00    15.54       2.87
      237854       -954         58    20.00    20.54        2.9
      295252       -954         75    25.00    25.54          3
      353529       -954         85    30.00    30.54       2.83
      412129       -954        101    35.00    35.54       2.89
      470669       -954        119    40.00    40.54       2.98
      528772       -954        134    45.00    45.54       2.98
      585683       -954        153    50.00    50.54       3.06
      643843       -954        162    55.06    55.60       2.94
      709764       -954        185    60.63    61.17       3.05
      778945       -954        210    66.75    67.29       3.15
      856863       -954        232    73.48    74.02       3.16
      942233       -954        258    80.89    81.43       3.19
     1037595       -954        284    89.04    89.58       3.19
     1142130       -954        313    98.00    98.54       3.19
     1253964       -954        346   107.86   108.40       3.21
     1379580       -954        381   118.71   119.25       3.21
     1518776       -954        418   130.64   131.18        3.2
     1670399       -954        457   143.76   144.30       3.18
     1826177       -954        500   157.31   157.85       3.18
Time to solution 0.31462s, assuming true minimum is -954
