N=8
Mode: 1
Seed: 467
Search strategy: 0
Initialising random weight matrix with 502 working nodes
502 working nodes out of 512
States are 0,1
Weight-choosing mode: 5
Min time to run: 0.5s
Max time to run: 1e+10s
Solutions are independent
           1       -892          0     0.00     0.00       -nan
           3       -902          0     0.00     0.00       -nan
          15       -904          0     0.00     0.00       -nan
          32       -908          0     0.00     0.00       -nan
          35       -916          0     0.00     0.01       -nan
         868       -918          0     0.00     0.08       -nan
        1044       -920          0     0.00     0.09       -nan
        2237       -922          0     0.00     0.18       -nan
       56680       -922         12     5.00     5.18        2.4
      111180       -922         22    10.00    10.18        2.2
      166005       -922         42    15.00    15.18        2.8
      220696       -922         54    20.00    20.18        2.7
      275295       -922         63    25.00    25.18       2.52
      330313       -922         79    30.00    30.18       2.63
      384034       -922         90    35.00    35.18       2.57
      439204       -922        101    40.00    40.18       2.52
      495546       -922        121    45.00    45.18       2.69
      549071       -922        134    50.00    50.18       2.68
      604469       -922        151    55.02    55.20       2.74
      664179       -922        166    60.55    60.73       2.74
      732153       -922        185    66.63    66.81       2.78
      804975       -922        202    73.32    73.50       2.76
      884836       -922        223    80.68    80.86       2.76
      973208       -922        242    88.77    88.95       2.73
     1070098       -922        262    97.67    97.85       2.68
     1178205       -922        294   107.46   107.64       2.74
     1295098       -922        323   118.23   118.41       2.73
     1424984       -922        353   130.08   130.26       2.71
     1567864       -922        386   143.11   143.29        2.7
     1724721       -922        422   157.44   157.62       2.68
     1896841       -922        467   173.21   173.39        2.7
     2035436       -922        500   185.89   186.07       2.69
Time to solution 0.37178s, assuming true minimum is -922
