N=8
Mode: 1
Seed: 469
Search strategy: 0
Initialising random weight matrix with 502 working nodes
502 working nodes out of 512
States are 0,1
Weight-choosing mode: 5
Min time to run: 0.5s
Max time to run: 1e+10s
Solutions are independent
           1       -912          0     0.00     0.00       -nan
           2       -928          0     0.00     0.00       -nan
          13       -934          0     0.00     0.00       -nan
          51       -936          0     0.00     0.01       -nan
         220       -938          0     0.00     0.02       -nan
         354       -942          0     0.00     0.04       -nan
        1476       -944          0     0.00     0.14       -nan
       28710       -946          0     0.00     2.54       -nan
       83467       -946          5     5.00     7.54          1
      138616       -946         11    10.00    12.54        1.1
      194749       -946         19    15.00    17.54       1.27
      249925       -946         25    20.00    22.54       1.25
      304600       -946         34    25.00    27.54       1.36
      359896       -946         42    30.00    32.54        1.4
      414488       -946         49    35.00    37.54        1.4
      468656       -946         57    40.00    42.54       1.43
      523189       -946         63    45.00    47.54        1.4
      577717       -946         66    50.00    52.54       1.32
      635590       -946         76    55.26    57.80       1.38
      699425       -946         87    61.05    63.59       1.43
      769895       -946         96    67.41    69.95       1.42
      845751       -946        103    74.41    76.95       1.38
      929963       -946        117    82.11    84.65       1.42
     1022671       -946        129    90.58    93.12       1.42
     1126192       -946        142    99.90   102.44       1.42
     1241705       -946        157   110.15   112.69       1.43
     1365613       -946        170   121.42   123.96        1.4
     1501943       -946        189   133.82   136.36       1.41
     1649845       -946        208   147.46   150.00       1.41
     1812362       -946        226   162.46   165.00       1.39
     1991855       -946        258   178.97   181.51       1.44
     2189889       -946        284   197.13   199.67       1.44
     2409624       -946        317   217.10   219.64       1.46
     2650714       -946        361   239.07   241.61       1.51
     2915514       -946        381   263.24   265.78       1.45
     3208496       -946        406   289.82   292.36        1.4
     3527762       -946        444   319.06   321.60       1.39
     3883109       -946        493   351.23   353.77        1.4
     3948352       -946        500   357.16   359.70        1.4
Time to solution 0.71432s, assuming true minimum is -946
