N=8
Mode: 1
Seed: 471
Search strategy: 0
Initialising random weight matrix with 502 working nodes
502 working nodes out of 512
States are 0,1
Weight-choosing mode: 5
Min time to run: 0.5s
Max time to run: 1e+10s
Solutions are independent
           1       -960          0     0.00     0.00       -nan
           2       -990          0     0.00     0.00       -nan
           6       -994          0     0.00     0.00       -nan
          40       -998          0     0.00     0.01       -nan
         123      -1000          0     0.00     0.02       -nan
         665      -1002          0     0.00     0.07       -nan
        2406      -1004          0     0.00     0.23       -nan
       52925      -1004         28     5.00     5.23        5.6
      102898      -1004         60    10.00    10.23          6
      154221      -1004         98    15.00    15.23       6.53
      204674      -1004        131    20.00    20.23       6.55
      255428      -1004        159    25.00    25.23       6.36
      305462      -1004        185    30.00    30.23       6.17
      355821      -1004        222    35.01    35.24       6.34
      405582      -1004        253    40.01    40.24       6.32
      457139      -1004        291    45.01    45.24       6.47
      507243      -1004        317    50.01    50.24       6.34
      557118      -1004        344    55.04    55.27       6.25
      612669      -1004        388    60.57    60.80       6.41
      672907      -1004        427    66.65    66.88       6.41
      740772      -1004        461    73.34    73.57       6.29
      785727      -1004        500    77.84    78.07       6.42
Time to solution 0.15568s, assuming true minimum is -1004
