N=8
Mode: 1
Seed: 473
Search strategy: 0
Initialising random weight matrix with 502 working nodes
502 working nodes out of 512
States are 0,1
Weight-choosing mode: 5
Min time to run: 0.5s
Max time to run: 1e+10s
Solutions are independent
           1       -992          0     0.00     0.00       -nan
           2      -1020          0     0.00     0.00       -nan
           3      -1038          0     0.00     0.00       -nan
          65      -1042          0     0.00     0.01       -nan
         241      -1044          0     0.00     0.03       -nan
        1656      -1046          0     0.00     0.16       -nan
        1697      -1048          0     0.00     0.16       -nan
       56276      -1048         33     5.00     5.16        6.6
      111661      -1048         70    10.00    10.16          7
      165758      -1048        110    15.00    15.16       7.33
      219837      -1048        147    20.00    20.16       7.35
      274703      -1048        171    25.00    25.16       6.84
      329355      -1048        211    30.00    30.16       7.03
      383778      -1048        244    35.00    35.16       6.97
      438124      -1048        275    40.00    40.16       6.88
      493018      -1048        311    45.00    45.16       6.91
      546562      -1048        350    50.00    50.16          7
      601818      -1048        383    55.02    55.18       6.96
      660119      -1048        416    60.54    60.70       6.87
      725356      -1048        450    66.62    66.78       6.75
      798610      -1048        498    73.30    73.46       6.79
      800234      -1048        500    73.45    73.61       6.81
Time to solution 0.1469s, assuming true minimum is -1048
