N=8
Mode: 1
Seed: 474
Search strategy: 0
Initialising random weight matrix with 502 working nodes
502 working nodes out of 512
States are 0,1
Weight-choosing mode: 5
Min time to run: 0.5s
Max time to run: 1e+10s
Solutions are independent
           1       -918          0     0.00     0.00       -nan
           4       -924          0     0.00     0.00       -nan
          16       -926          0     0.00     0.00       -nan
          18       -928          0     0.00     0.00       -nan
          32       -932          0     0.00     0.01       -nan
          39       -934          0     0.00     0.01       -nan
          63       -938          0     0.00     0.01       -nan
         189       -940          0     0.00     0.02       -nan
       12894       -942          0     0.00     1.16       -nan
       70318       -942         42     5.00     6.16        8.4
      128005       -942         78    10.00    11.16        7.8
      185577       -942        110    15.00    16.16       7.33
      242611       -942        144    20.00    21.16        7.2
      298344       -942        173    25.00    26.16       6.92
      356496       -942        219    30.00    31.16        7.3
      413583       -942        262    35.00    36.16       7.49
      470656       -942        293    40.00    41.16       7.33
      527995       -942        319    45.00    46.16       7.09
      585430       -942        345    50.00    51.16        6.9
      645119       -942        385    55.12    56.28       6.98
      710937       -942        419    60.75    61.91        6.9
      781860       -942        461    66.95    68.11       6.89
      833330       -942        500    71.35    72.51       7.01
Time to solution 0.1427s, assuming true minimum is -942
