N=8
Mode: 1
Seed: 475
Search strategy: 0
Initialising random weight matrix with 502 working nodes
502 working nodes out of 512
States are 0,1
Weight-choosing mode: 5
Min time to run: 0.5s
Max time to run: 1e+10s
Solutions are independent
           1       -944          0     0.00     0.00       -nan
           2       -968          0     0.00     0.00       -nan
           3       -976          0     0.00     0.00       -nan
          22       -978          0     0.00     0.00       -nan
          51       -982          0     0.00     0.00       -nan
         149       -984          0     0.00     0.01       -nan
         182       -986          0     0.00     0.02       -nan
         210       -988          0     0.00     0.02       -nan
        2631       -990          0     0.00     0.24       -nan
       54472       -990         27     5.00     5.24        5.4
      105999       -990         51    10.00    10.24        5.1
      156711       -990         72    15.00    15.24        4.8
      206969       -990         92    20.01    20.25        4.6
      257330       -990        114    25.01    25.25       4.56
      307768       -990        137    30.01    30.25       4.57
      359815       -990        158    35.01    35.25       4.51
      411161       -990        179    40.01    40.25       4.47
      463222       -990        201    45.01    45.25       4.47
      515649       -990        230    50.01    50.25        4.6
      566256       -990        252    55.04    55.28       4.58
      623480       -990        282    60.57    60.81       4.66
      685097       -990        315    66.66    66.90       4.73
      754640       -990        346    73.36    73.60       4.72
      829354       -990        368    80.72    80.96       4.56
      910849       -990        401    88.82    89.06       4.51
     1000754       -990        436    97.73    97.97       4.46
     1100906       -990        484   107.53   107.77        4.5
     1135020       -990        500   110.88   111.12       4.51
Time to solution 0.22176s, assuming true minimum is -990
