N=8
Mode: 1
Seed: 476
Search strategy: 0
Initialising random weight matrix with 502 working nodes
502 working nodes out of 512
States are 0,1
Weight-choosing mode: 5
Min time to run: 0.5s
Max time to run: 1e+10s
Solutions are independent
           1       -964          0     0.00     0.00       -nan
          49       -966          0     0.00     0.00       -nan
         131       -970          0     0.00     0.02       -nan
         186       -972          0     0.00     0.02       -nan
         430       -978          0     0.00     0.05       -nan
       14738       -980          0     0.00     1.33       -nan
       68009       -980          6     5.00     6.33        1.2
      120365       -980         11    10.00    11.33        1.1
      172216       -980         13    15.00    16.33      0.867
      224856       -980         21    20.00    21.33       1.05
      279355       -980         27    25.00    26.33       1.08
      332989       -980         34    30.00    31.33       1.13
      384489       -980         36    35.00    36.33       1.03
      437552       -980         39    40.00    41.33      0.975
      490448       -980         42    45.00    46.33      0.933
      543405       -980         50    50.00    51.33          1
      599250       -980         53    55.14    56.47      0.961
      658857       -980         58    60.79    62.12      0.954
      726101       -980         65    67.01    68.34       0.97
      796403       -980         68    73.85    75.18      0.921
      878785       -980         78    81.37    82.70      0.959
      966956       -980         86    89.65    90.98      0.959
     1063737       -980         92    98.75   100.08      0.932
     1165621       -980         98   108.76   110.09      0.901
     1282893       -980        104   119.77   121.10      0.868
     1410351       -980        113   131.88   133.21      0.857
     1553088       -980        126   145.21   146.54      0.868
     1709020       -980        142   159.87   161.20      0.888
     1879804       -980        161   175.99   177.32      0.915
     2071444       -980        188   193.73   195.06       0.97
     2276295       -980        201   213.24   214.57      0.943
     2505188       -980        232   234.70   236.03      0.988
     2754382       -980        261   258.31   259.64       1.01
     3026198       -980        283   284.28   285.61      0.995
     3325362       -980        315   312.85   314.18       1.01
     3658764       -980        349   344.27   345.60       1.01
     4024269       -980        382   378.84   380.17       1.01
     4428368       -980        428   416.86   418.19       1.03
     4867933       -980        460   458.68   460.01          1
     5354004       -980        496   504.69   506.02      0.983
     5378811       -980        500   507.00   508.33      0.986
Time to solution 1.014s, assuming true minimum is -980
