N=8
Mode: 1
Seed: 48
Search strategy: 0
Initialising random weight matrix with 502 working nodes
502 working nodes out of 512
States are 0,1
Weight-choosing mode: 5
Min time to run: 0.5s
Max time to run: 1e+10s
Solutions are independent
           1       -944          0     0.00     0.00       -nan
           2       -998          0     0.00     0.00       -nan
           5      -1002          0     0.00     0.00       -nan
          42      -1006          0     0.00     0.00       -nan
         510      -1008          0     0.00     0.04       -nan
        2127      -1010          0     0.00     0.18       -nan
       54457      -1010         28     5.00     5.18        5.6
      107893      -1010         56    10.00    10.18        5.6
      160457      -1010         88    15.00    15.18       5.87
      212812      -1010        106    20.00    20.18        5.3
      265884      -1010        144    25.00    25.18       5.76
      318484      -1010        171    30.00    30.18        5.7
      370973      -1010        203    35.00    35.18        5.8
      423966      -1010        228    40.00    40.18        5.7
      475658      -1010        257    45.00    45.18       5.71
      528253      -1010        276    50.00    50.18       5.52
      580563      -1010        299    55.02    55.20       5.43
      638502      -1010        326    60.55    60.73       5.38
      702521      -1010        360    66.63    66.81        5.4
      773298      -1010        402    73.32    73.50       5.48
      851833      -1010        437    80.68    80.86       5.42
      936590      -1010        475    88.77    88.95       5.35
      975897      -1010        500    92.49    92.67       5.41
Time to solution 0.18498s, assuming true minimum is -1010
