N=8
Mode: 1
Seed: 482
Search strategy: 0
Initialising random weight matrix with 502 working nodes
502 working nodes out of 512
States are 0,1
Weight-choosing mode: 5
Min time to run: 0.5s
Max time to run: 1e+10s
Solutions are independent
           1       -900          0     0.00     0.00       -nan
           2       -906          0     0.00     0.00       -nan
          22       -912          0     0.00     0.00       -nan
         118       -918          0     0.00     0.01       -nan
        1128       -920          0     0.00     0.10       -nan
        4828       -922          0     0.00     0.42       -nan
       12781       -924          0     0.00     1.10       -nan
       70741       -924          2     5.00     6.10        0.4
      129086       -924          5    10.00    11.10        0.5
      188744       -924          6    15.00    16.10        0.4
      245332       -924          6    20.00    21.10        0.3
      300222       -924          8    25.00    26.10       0.32
      355257       -924          9    30.00    31.10        0.3
      413444       -924         10    35.00    36.10      0.286
      468678       -924         10    40.00    41.10       0.25
      526365       -924         12    45.00    46.10      0.267
      583019       -924         14    50.00    51.10       0.28
      642420       -924         17    55.12    56.22      0.308
      708356       -924         18    60.75    61.85      0.296
      779329       -924         18    66.94    68.04      0.269
      858648       -924         19    73.75    74.85      0.258
      943195       -924         21    81.24    82.34      0.258
     1035477       -924         22    89.48    90.58      0.246
     1138959       -924         24    98.54    99.64      0.244
     1251654       -924         27   108.51   109.61      0.249
     1378799       -924         30   119.48   120.58      0.251
     1515257       -924         37   131.54   132.64      0.281
     1666116       -924         44   144.81   145.91      0.304
     1828098       -924         46   159.41   160.51      0.289
     2013769       -924         52   175.47   176.57      0.296
     2216445       -924         61   193.13   194.23      0.316
     2439072       -924         74   212.56   213.66      0.348
     2689494       -924         80   233.93   235.03      0.342
     2962338       -924         89   257.44   258.54      0.346
     3262427       -924         97   283.30   284.40      0.342
     3590305       -924        110   311.74   312.84      0.353
     3950606       -924        121   343.03   344.13      0.353
     4343593       -924        130   377.45   378.55      0.344
     4777350       -924        148   415.31   416.41      0.356
     5254552       -924        155   456.96   458.06      0.339
     5776953       -924        166   502.77   503.87       0.33
     6359745       -924        192   553.16   554.26      0.347
     6991106       -924        213   608.59   609.69       0.35
     7695412       -924        228   669.56   670.66      0.341
     8461938       -924        249   736.63   737.73      0.338
     9314571       -924        274   810.41   811.51      0.338
    10247721       -924        303   891.57   892.67       0.34
    11280089       -924        350   980.84   981.94      0.357
    12399243       -924        381  1079.04  1080.14      0.353
    13643585       -924        413  1187.06  1188.16      0.348
    15023031       -924        444  1305.88  1306.98       0.34
    16526347       -924        485  1436.58  1437.68      0.338
    16985367       -924        500  1476.21  1477.31      0.339
Time to solution 2.95242s, assuming true minimum is -924
