N=8
Mode: 1
Seed: 483
Search strategy: 0
Initialising random weight matrix with 502 working nodes
502 working nodes out of 512
States are 0,1
Weight-choosing mode: 5
Min time to run: 0.5s
Max time to run: 1e+10s
Solutions are independent
           1       -860          0     0.00     0.00       -nan
           9       -862          0     0.00     0.00       -nan
          11       -864          0     0.00     0.00       -nan
          30       -866          0     0.00     0.00       -nan
         249       -868          0     0.00     0.03       -nan
         379       -870          0     0.00     0.05       -nan
        1203       -872          0     0.00     0.12       -nan
        6871       -874          0     0.00     0.62       -nan
       60986       -874         16     5.00     5.62        3.2
      115450       -874         25    10.01    10.63        2.5
      168457       -874         37    15.01    15.63       2.47
      222721       -874         49    20.02    20.64       2.45
      276697       -874         59    25.02    25.64       2.36
      330054       -874         73    30.02    30.64       2.43
      384883       -874         86    35.02    35.64       2.46
      439564       -874        103    40.02    40.64       2.57
      494584       -874        115    45.02    45.64       2.55
      548965       -874        132    50.02    50.64       2.64
      604745       -874        151    55.09    55.71       2.74
      666890       -874        169    60.67    61.29       2.79
      734040       -874        188    66.80    67.42       2.81
      808637       -874        210    73.55    74.17       2.86
      890164       -874        231    80.97    81.59       2.85
      979581       -874        261    89.13    89.75       2.93
     1075480       -874        286    98.11    98.73       2.92
     1184490       -874        322   107.99   108.61       2.98
     1307030       -874        351   118.86   119.48       2.95
     1438952       -874        383   130.81   131.43       2.93
     1579828       -874        423   143.96   144.58       2.94
     1737224       -874        468   158.42   159.04       2.95
     1858533       -874        500   169.57   170.19       2.95
Time to solution 0.33914s, assuming true minimum is -874
