N=8
Mode: 1
Seed: 484
Search strategy: 0
Initialising random weight matrix with 502 working nodes
502 working nodes out of 512
States are 0,1
Weight-choosing mode: 5
Min time to run: 0.5s
Max time to run: 1e+10s
Solutions are independent
           1       -880          0     0.00     0.00       -nan
           8       -884          0     0.00     0.00       -nan
          11       -890          0     0.00     0.00       -nan
          35       -892          0     0.00     0.01       -nan
          97       -894          0     0.00     0.01       -nan
         681       -896          0     0.00     0.07       -nan
        1222       -898          0     0.00     0.13       -nan
       29369       -900          0     0.00     2.67       -nan
       87251       -900          2     5.00     7.67        0.4
      146132       -900          6    10.00    12.67        0.6
      200842       -902          0     0.00    17.44       -nan
      261151       -902          0     5.00    22.44          0
      320256       -902          0    10.00    27.44          0
      381207       -902          1    15.00    32.44     0.0667
      442000       -902          2    20.00    37.44        0.1
      502784       -902          2    25.00    42.44       0.08
      561419       -902          2    30.00    47.44     0.0667
      619884       -902          3    35.00    52.44     0.0857
      685415       -902          3    40.25    57.69     0.0745
      758347       -902          3    46.02    63.46     0.0652
      834392       -902          4    52.37    69.81     0.0764
      915749       -902          4    59.36    76.80     0.0674
     1005227       -902          5    67.04    84.48     0.0746
     1107983       -902          6    75.49    92.93     0.0795
     1215477       -902          7    84.79   102.23     0.0826
     1341996       -902          7    95.02   112.46     0.0737
     1478001       -902          7   106.27   123.71     0.0659
     1624317       -902          9   118.65   136.09     0.0759
     1784088       -902         10   132.26   149.70     0.0756
     1967776       -902         10   147.23   164.67     0.0679
     2164092       -902         15   163.70   181.14     0.0916
     2380273       -902         16   181.82   199.26      0.088
     2618173       -902         16   201.75   219.19     0.0793
     2882383       -902         16   223.67   241.11     0.0715
     3169847       -902         18   247.79   265.23     0.0726
     3494637       -902         18   274.32   291.76     0.0656
     3844101       -902         19   303.50   320.94     0.0626
     4229572       -902         22   335.60   353.04     0.0656
     4656264       -902         25   370.91   388.35     0.0674
     5117831       -902         27   409.75   427.19     0.0659
     5620266       -902         32   452.47   469.91     0.0707
     6179924       -902         36   499.47   516.91     0.0721
     6805084       -902         40   551.17   568.61     0.0726
     7490295       -902         47   608.04   625.48     0.0773
     8234006       -902         54   670.59   688.03     0.0805
     9054124       -902         62   739.40   756.84     0.0839
     9961619       -902         70   815.09   832.53     0.0859
    10960739       -902         74   898.35   915.79     0.0824
    12053245       -902         83   989.93  1007.37     0.0838
    13262781       -902         92  1090.67  1108.11     0.0844
    14572722       -902        104  1201.49  1218.93     0.0866
    16015682       -902        112  1323.39  1340.83     0.0846
    17615866       -902        122  1457.48  1474.92     0.0837
    19376695       -902        133  1604.98  1622.42     0.0829
    21325747       -902        142  1767.23  1784.67     0.0804
    23441802       -902        158  1945.70  1963.14     0.0812
    25782922       -902        172  2142.02  2159.46     0.0803
    28360292       -902        181  2357.97  2375.41     0.0768
    31199564       -902        198  2595.52  2612.96     0.0763
    34324826       -902        219  2856.82  2874.26     0.0767
    37757821       -902        238  3144.25  3161.69     0.0757
    41521278       -902        270  3460.42  3477.86      0.078
    45658683       -902        298  3808.21  3825.65     0.0783
    50269114       -902        328  4190.78  4208.22     0.0783
    55290842       -902        357  4611.61  4629.05     0.0774
    60867231       -902        398  5074.52  5091.96     0.0784
    66973965       -902        449  5583.72  5601.16     0.0804
    72609765       -902        500  6057.75  6075.19     0.0825
Time to solution 12.1155s, assuming true minimum is -902
