N=8
Mode: 1
Seed: 485
Search strategy: 0
Initialising random weight matrix with 502 working nodes
502 working nodes out of 512
States are 0,1
Weight-choosing mode: 5
Min time to run: 0.5s
Max time to run: 1e+10s
Solutions are independent
           1      -1084          0     0.00     0.00       -nan
           2      -1096          0     0.00     0.00       -nan
           4      -1108          0     0.00     0.00       -nan
          25      -1116          0     0.00     0.00       -nan
         236      -1118          0     0.00     0.02       -nan
         347      -1120          0     0.00     0.04       -nan
         730      -1122          0     0.00     0.07       -nan
        1443      -1124          0     0.00     0.14       -nan
        1501      -1126          0     0.00     0.14       -nan
        5402      -1128          0     0.00     0.47       -nan
       30145      -1130          0     0.00     2.73       -nan
       85380      -1130          6     5.00     7.73        1.2
      143436      -1130         12    10.00    12.73        1.2
      199531      -1130         16    15.00    17.73       1.07
      256954      -1130         19    20.00    22.73       0.95
      312847      -1130         24    25.00    27.73       0.96
      368537      -1130         27    30.01    32.74        0.9
      425231      -1130         29    35.01    37.74      0.828
      480393      -1130         31    40.01    42.74      0.775
      534862      -1130         34    45.01    47.74      0.755
      592175      -1130         39    50.01    52.74       0.78
      651267      -1130         46    55.29    58.02      0.832
      715196      -1130         50    61.10    63.83      0.818
      786665      -1130         56    67.49    70.22       0.83
      864636      -1130         60    74.52    77.25      0.805
      950645      -1130         67    82.25    84.98      0.815
     1044179      -1130         75    90.75    93.48      0.826
     1147699      -1130         80   100.10   102.83      0.799
     1260351      -1130         88   110.39   113.12      0.797
     1386186      -1130         97   121.71   124.44      0.797
     1523146      -1130        105   134.16   136.89      0.783
     1675927      -1130        115   147.85   150.58      0.778
     1843428      -1130        139   162.91   165.64      0.853
     2030335      -1130        153   179.48   182.21      0.852
     2232406      -1130        165   197.71   200.44      0.835
     2455236      -1130        182   217.76   220.49      0.836
     2703262      -1130        207   239.81   242.54      0.863
     2973276      -1130        229   264.07   266.80      0.867
     3271827      -1130        249   290.75   293.48      0.856
     3597050      -1130        267   320.10   322.83      0.834
     3957242      -1130        305   352.39   355.12      0.866
     4352720      -1130        336   387.91   390.64      0.866
     4789636      -1130        367   426.98   429.71       0.86
     5273579      -1130        403   469.96   472.69      0.858
     5801737      -1130        440   517.23   519.96      0.851
     6381928      -1130        483   569.23   571.96      0.849
     6494683      -1130        500   579.33   582.06      0.863
Time to solution 1.15866s, assuming true minimum is -1130
