N=8
Mode: 1
Seed: 486
Search strategy: 0
Initialising random weight matrix with 502 working nodes
502 working nodes out of 512
States are 0,1
Weight-choosing mode: 5
Min time to run: 0.5s
Max time to run: 1e+10s
Solutions are independent
           1       -958          0     0.00     0.00       -nan
          18       -960          0     0.00     0.00       -nan
          30       -962          0     0.00     0.00       -nan
          90       -964          0     0.00     0.01       -nan
         107       -968          0     0.00     0.02       -nan
        1317       -970          0     0.00     0.13       -nan
        2522       -972          0     0.00     0.25       -nan
       14745       -974          0     0.00     1.35       -nan
       67613       -974          6     5.00     6.35        1.2
      119636       -974         12    10.00    11.35        1.2
      172411       -974         21    15.00    16.35        1.4
      224009       -974         27    20.00    21.35       1.35
      277103       -974         31    25.00    26.35       1.24
      330533       -974         40    30.00    31.35       1.33
      383689       -974         48    35.00    36.35       1.37
      436645       -974         55    40.00    41.35       1.38
      489220       -974         60    45.00    46.35       1.33
      541740       -974         64    50.00    51.35       1.28
      594954       -974         69    55.14    56.49       1.25
      654009       -974         75    60.79    62.14       1.23
      719349       -974         82    67.01    68.36       1.22
      791729       -974         89    73.85    75.20       1.21
      871062       -974        100    81.38    82.73       1.23
      958575       -974        110    89.66    91.01       1.23
     1054367       -974        124    98.77   100.12       1.26
     1158411       -974        135   108.79   110.14       1.24
     1270410       -974        148   119.81   121.16       1.24
     1395853       -974        157   131.93   133.28       1.19
     1533616       -974        173   145.26   146.61       1.19
     1690502       -974        193   159.93   161.28       1.21
     1860010       -974        206   176.06   177.41       1.17
     2044726       -974        221   193.81   195.16       1.14
     2252386       -974        240   213.33   214.68       1.13
     2480060       -974        274   234.80   236.15       1.17
     2729179       -974        297   258.42   259.77       1.15
     3001766       -974        322   284.40   285.75       1.13
     3305752       -974        370   312.98   314.33       1.18
     3635930       -974        419   344.42   345.77       1.22
     3996794       -974        458   379.00   380.35       1.21
     4347993       -974        500   412.64   413.99       1.21
Time to solution 0.82528s, assuming true minimum is -974
