N=8
Mode: 1
Seed: 487
Search strategy: 0
Initialising random weight matrix with 502 working nodes
502 working nodes out of 512
States are 0,1
Weight-choosing mode: 5
Min time to run: 0.5s
Max time to run: 1e+10s
Solutions are independent
           1       -932          0     0.00     0.00       -nan
           2       -950          0     0.00     0.00       -nan
          14       -956          0     0.00     0.00       -nan
          33       -964          0     0.00     0.01       -nan
         396       -966          0     0.00     0.05       -nan
         998       -970          0     0.00     0.10       -nan
        2169       -972          0     0.00     0.20       -nan
       12033       -974          0     0.00     1.07       -nan
       68739       -974         10     5.00     6.07          2
      125011       -974         21    10.00    11.07        2.1
      184128       -974         32    15.00    16.07       2.13
      243334       -974         52    20.00    21.07        2.6
      301194       -974         62    25.00    26.07       2.48
      360083       -974         78    30.00    31.07        2.6
      418613       -974         86    35.00    36.07       2.46
      476255       -974        102    40.00    41.07       2.55
      532754       -974        110    45.00    46.07       2.44
      590015       -974        121    50.00    51.07       2.42
      649621       -974        133    55.11    56.18       2.41
      713337       -974        145    60.73    61.80       2.39
      785580       -974        166    66.91    67.98       2.48
      864363       -974        185    73.71    74.78       2.51
      953401       -974        205    81.19    82.26       2.52
     1046144       -974        227    89.42    90.49       2.54
     1150615       -974        258    98.47    99.54       2.62
     1264751       -974        278   108.43   109.50       2.56
     1388846       -974        296   119.38   120.45       2.48
     1527332       -974        331   131.43   132.50       2.52
     1679326       -974        359   144.68   145.75       2.48
     1848728       -974        394   159.26   160.33       2.47
     2034671       -974        430   175.30   176.37       2.45
     2239389       -974        479   192.94   194.01       2.48
     2405050       -974        500   207.40   208.47       2.41
Time to solution 0.4148s, assuming true minimum is -974
