N=8
Mode: 1
Seed: 490
Search strategy: 0
Initialising random weight matrix with 502 working nodes
502 working nodes out of 512
States are 0,1
Weight-choosing mode: 5
Min time to run: 0.5s
Max time to run: 1e+10s
Solutions are independent
           1      -1010          0     0.00     0.00       -nan
           9      -1012          0     0.00     0.00       -nan
          47      -1016          0     0.00     0.01       -nan
         125      -1018          0     0.00     0.02       -nan
         246      -1020          0     0.00     0.02       -nan
        1129      -1022          0     0.00     0.10       -nan
        4306      -1024          0     0.00     0.36       -nan
        4878      -1026          0     0.00     0.41       -nan
       62937      -1026         17     5.00     5.41        3.4
      120864      -1026         42    10.00    10.41        4.2
      180058      -1026         59    15.00    15.41       3.93
      238190      -1026         77    20.00    20.41       3.85
      296336      -1026         96    25.00    25.41       3.84
      355069      -1026        119    30.00    30.41       3.97
      413348      -1026        135    35.00    35.41       3.86
      470400      -1026        155    40.00    40.41       3.88
      529462      -1026        178    45.00    45.41       3.96
      588429      -1026        198    50.00    50.41       3.96
      647601      -1026        217    55.05    55.46       3.94
      712119      -1026        245    60.60    61.01       4.04
      783380      -1026        273    66.71    67.12       4.09
      861071      -1026        298    73.43    73.84       4.06
      946886      -1026        325    80.82    81.23       4.02
     1042007      -1026        359    88.95    89.36       4.04
     1146968      -1026        394    97.89    98.30       4.02
     1261603      -1026        431   107.73   108.14          4
     1389672      -1026        473   118.55   118.96       3.99
     1487374      -1026        500   126.91   127.32       3.94
Time to solution 0.25382s, assuming true minimum is -1026
