N=8
Mode: 1
Seed: 493
Search strategy: 0
Initialising random weight matrix with 502 working nodes
502 working nodes out of 512
States are 0,1
Weight-choosing mode: 5
Min time to run: 0.5s
Max time to run: 1e+10s
Solutions are independent
           1      -1034          0     0.00     0.00       -nan
           2      -1040          0     0.00     0.00       -nan
           3      -1044          0     0.00     0.00       -nan
          46      -1046          0     0.00     0.01       -nan
         228      -1048          0     0.00     0.02       -nan
         694      -1050          0     0.00     0.07       -nan
        8871      -1052          0     0.00     0.78       -nan
       65936      -1052         22     5.00     5.78        4.4
      122170      -1052         49    10.01    10.79        4.9
      179960      -1052         68    15.01    15.79       4.53
      236768      -1052         99    20.01    20.79       4.95
      294474      -1052        129    25.01    25.79       5.16
      351414      -1052        156    30.01    30.79        5.2
      408500      -1052        178    35.01    35.79       5.08
      465411      -1052        209    40.01    40.79       5.22
      522932      -1052        241    45.01    45.79       5.35
      579712      -1052        261    50.01    50.79       5.22
      637948      -1052        288    55.09    55.87       5.23
      702600      -1052        322    60.68    61.46       5.31
      771630      -1052        357    66.83    67.61       5.34
      849375      -1052        391    73.60    74.38       5.31
      934877      -1052        438    81.04    81.82        5.4
     1027554      -1052        486    89.23    90.01       5.45
     1068666      -1052        500    92.69    93.47       5.39
Time to solution 0.18538s, assuming true minimum is -1052
