N=8
Mode: 1
Seed: 5
Search strategy: 0
Initialising random weight matrix with 502 working nodes
502 working nodes out of 512
States are 0,1
Weight-choosing mode: 5
Min time to run: 0.5s
Max time to run: 1e+10s
Solutions are independent
           1       -894          0     0.00     0.00       -nan
           3       -900          0     0.00     0.00       -nan
          66       -910          0     0.00     0.01       -nan
         944       -912          0     0.00     0.09       -nan
       24731       -914          0     0.00     2.14       -nan
       78850       -914         11     5.00     7.14        2.2
      135510       -914         27    10.00    12.14        2.7
      190969       -914         42    15.01    17.15        2.8
      245344       -914         59    20.01    22.15       2.95
      300640       -914         70    25.01    27.15        2.8
      354015       -914         89    30.01    32.15       2.97
      406776       -914        106    35.01    37.15       3.03
      460190       -914        123    40.01    42.15       3.07
      513622       -914        142    45.01    47.15       3.15
      567510       -914        157    50.01    52.15       3.14
      622667       -914        177    55.23    57.37        3.2
      684233       -914        199    60.97    63.11       3.26
      749952       -914        216    67.29    69.43       3.21
      824067       -914        232    74.24    76.38       3.12
      904150       -914        251    81.88    84.02       3.07
      994817       -914        281    90.29    92.43       3.11
     1092325       -914        310    99.54   101.68       3.11
     1199317       -914        346   109.71   111.85       3.15
     1318621       -914        379   120.90   123.04       3.13
     1451819       -914        421   133.21   135.35       3.16
     1595501       -914        461   146.75   148.89       3.14
     1730695       -914        500   159.46   161.60       3.14
Time to solution 0.31892s, assuming true minimum is -914
