N=8
Mode: 1
Seed: 505
Search strategy: 0
Initialising random weight matrix with 502 working nodes
502 working nodes out of 512
States are 0,1
Weight-choosing mode: 5
Min time to run: 0.5s
Max time to run: 1e+10s
Solutions are independent
           1       -946          0     0.00     0.00       -nan
           2       -956          0     0.00     0.00       -nan
           5       -958          0     0.00     0.00       -nan
           8       -960          0     0.00     0.00       -nan
          30       -964          0     0.00     0.00       -nan
          96       -968          0     0.00     0.02       -nan
         314       -970          0     0.00     0.04       -nan
         446       -972          0     0.00     0.05       -nan
        1238       -974          0     0.00     0.12       -nan
        2192       -976          0     0.00     0.20       -nan
       54503       -976          8     5.00     5.20        1.6
      107677       -976         13    10.00    10.20        1.3
      160286       -976         15    15.00    15.20          1
      213108       -976         19    20.00    20.20       0.95
      266629       -976         24    25.00    25.20       0.96
      319889       -976         31    30.00    30.20       1.03
      371682       -976         36    35.00    35.20       1.03
      424680       -976         44    40.00    40.20        1.1
      477576       -976         52    45.00    45.20       1.16
      530859       -976         57    50.00    50.20       1.14
      584325       -976         65    55.03    55.23       1.18
      642798       -976         72    60.56    60.76       1.19
      708323       -976         82    66.64    66.84       1.23
      778450       -976         90    73.33    73.53       1.23
      857432       -976        101    80.69    80.89       1.25
      944651       -976        115    88.78    88.98        1.3
     1040310       -976        127    97.68    97.88        1.3
     1145521       -976        141   107.47   107.67       1.31
     1261979       -976        166   118.24   118.44        1.4
     1386931       -976        181   130.09   130.29       1.39
     1527664       -976        198   143.12   143.32       1.38
     1684410       -976        219   157.46   157.66       1.39
     1853858       -976        235   173.23   173.43       1.36
     2042025       -976        260   190.58   190.78       1.36
     2244736       -976        282   209.66   209.86       1.35
     2468126       -976        318   230.65   230.85       1.38
     2712176       -976        342   253.74   253.94       1.35
     2985372       -976        374   279.14   279.34       1.34
     3283144       -976        422   307.08   307.28       1.37
     3613135       -976        463   337.81   338.01       1.37
     3844374       -976        500   359.22   359.42       1.39
Time to solution 0.71844s, assuming true minimum is -976
