N=8
Mode: 1
Seed: 51
Search strategy: 0
Initialising random weight matrix with 502 working nodes
502 working nodes out of 512
States are 0,1
Weight-choosing mode: 5
Min time to run: 1000s
Max time to run: 10000s
Groundtruth: -942
           1       -896          1     0.00
           2       -918          1     0.00
           9       -922          1     0.00
         110       -926          1     0.02
         686       -928          1     0.12
        1257       -932          1     0.23
        4077       -934          1     0.74
       29010       -938          1     5.32
       48489       -940          1     8.89
       75691       -940          1    13.89
      102941       -940          1    18.89
      130190       -940          2    23.89
      157393       -940          2    28.89
      184635       -940          2    33.89
      211958       -940          2    38.89
      239207       -940          2    43.89
      266355       -940          2    48.89
      293604       -940          2    53.89
      322970       -940          2    59.28
      355214       -940          2    65.21
      390819       -940          2    71.74
      429953       -940          2    78.92
      473017       -940          2    86.82
      520399       -940          2    95.51
      572511       -940          2   105.07
      629751       -940          3   115.58
      692749       -940          4   127.14
      761994       -940          5   139.86
      838183       -940          6   153.85
      921995       -940          8   169.24
     1014133       -940          8   186.17
     1115573       -940          8   204.79
     1227048       -940          8   225.27
     1349825       -940          8   247.80
     1484847       -940          8   272.59
     1633391       -940          8   299.85
     1796681       -940          8   329.84
     1976481       -940          8   362.83
     2174107       -940          8   399.12
     2391596       -940          8   439.04
     2630933       -940         10   482.95
     2894054       -940         11   531.25
     3183457       -940         14   584.38
     3501747       -940         14   642.82
     3852300       -940         14   707.11
     4237683       -940         16   777.83
     4661631       -940         16   855.62
     5127854       -940         16   941.19
     5640621       -940         18  1035.31
     6204612       -940         20  1138.85
     6825029       -940         22  1252.74
     7507707       -940         24  1378.02
     8258711       -940         27  1515.83
     9084548       -940         33  1667.42
     9992813       -940         35  1834.17
    10992103       -940         35  2017.59
    11998127       -942          1  2202.20
    13195553       -942          1  2422.42
    14515659       -942          1  2664.67
    15966605       -942          1  2931.14
    17564185       -942          1  3224.26
    19321175       -942          1  3546.69
    21253173       -942          1  3901.36
    23378363       -942          2  4291.50
    25717049       -942          4  4720.66
    28289981       -942          4  5192.73
    31115853       -942          4  5712.01
    34212687       -942          4  6283.22
    37636584       -942          5  6911.55
    41402742       -942          5  7602.71
    45542985       -942          5  8362.99
    50096668       -942          5  9199.29
    54457979       -942          5 10000.00
Time to solution 2000s, assuming true minimum is -942
