N=8
Mode: 1
Seed: 519
Search strategy: 0
Initialising random weight matrix with 502 working nodes
502 working nodes out of 512
States are 0,1
Weight-choosing mode: 5
Min time to run: 0.5s
Max time to run: 1e+10s
Solutions are independent
           1       -968          0     0.00     0.00       -nan
           3       -976          0     0.00     0.00       -nan
           5       -984          0     0.00     0.00       -nan
         350       -986          0     0.00     0.03       -nan
        9231       -988          0     0.00     0.86       -nan
       65115       -988         12     5.00     5.86        2.4
      120353       -988         31    10.00    10.86        3.1
      176314       -988         50    15.00    15.86       3.33
      232141       -988         62    20.00    20.86        3.1
      288847       -988         78    25.00    25.86       3.12
      345820       -988         97    30.00    30.86       3.23
      402097       -988        123    35.00    35.86       3.51
      459746       -988        134    40.00    40.86       3.35
      515277       -988        156    45.00    45.86       3.47
      571255       -988        173    50.00    50.86       3.46
      628515       -988        190    55.09    55.95       3.45
      690753       -988        213    60.69    61.55       3.51
      760493       -988        235    66.85    67.71       3.52
      837151       -988        258    73.63    74.49        3.5
      923601       -988        277    81.08    81.94       3.42
     1016801       -988        312    89.28    90.14       3.49
     1118405       -988        340    98.30    99.16       3.46
     1230728       -988        386   108.22   109.08       3.57
     1352085       -988        427   119.13   119.99       3.58
     1487276       -988        465   131.13   131.99       3.55
     1608892       -988        500   141.95   142.81       3.52
Time to solution 0.2839s, assuming true minimum is -988
