N=8
Mode: 1
Seed: 522
Search strategy: 0
Initialising random weight matrix with 502 working nodes
502 working nodes out of 512
States are 0,1
Weight-choosing mode: 5
Min time to run: 0.5s
Max time to run: 1e+10s
Solutions are independent
           1       -962          0     0.00     0.00       -nan
           2       -992          0     0.00     0.00       -nan
          26       -994          0     0.00     0.00       -nan
          39      -1000          0     0.00     0.00       -nan
          44      -1004          0     0.00     0.00       -nan
        2517      -1006          0     0.00     0.21       -nan
       10696      -1008          0     0.00     0.90       -nan
       71397      -1008         11     5.00     5.90        2.2
      130461      -1008         19    10.00    10.90        1.9
      189781      -1008         28    15.00    15.90       1.87
      249199      -1008         37    20.00    20.90       1.85
      307182      -1008         45    25.00    25.90        1.8
      366767      -1008         55    30.00    30.90       1.83
      425261      -1008         63    35.00    35.90        1.8
      484656      -1008         70    40.00    40.90       1.75
      545530      -1008         77    45.00    45.90       1.71
      604317      -1008         82    50.00    50.90       1.64
      664878      -1008         91    55.09    55.99       1.65
      731259      -1008         97    60.69    61.59        1.6
      803771      -1008        107    66.85    67.75        1.6
      884773      -1008        114    73.63    74.53       1.55
      975602      -1008        130    81.09    81.99        1.6
     1074487      -1008        148    89.29    90.19       1.66
     1180743      -1008        155    98.31    99.21       1.58
     1299865      -1008        171   108.24   109.14       1.58
     1429512      -1008        186   119.16   120.06       1.56
     1574741      -1008        206   131.17   132.07       1.57
     1729973      -1008        224   144.38   145.28       1.55
     1905027      -1008        248   158.91   159.81       1.56
     2095807      -1008        266   174.90   175.80       1.52
     2305586      -1008        291   192.49   193.39       1.51
     2537945      -1008        317   211.83   212.73        1.5
     2789322      -1008        357   233.11   234.01       1.53
     3066775      -1008        386   256.52   257.42        1.5
     3375574      -1008        434   282.27   283.17       1.54
     3713376      -1008        471   310.59   311.49       1.52
     3905140      -1008        500   326.74   327.64       1.53
Time to solution 0.65348s, assuming true minimum is -1008
