N=8
Mode: 1
Seed: 523
Search strategy: 0
Initialising random weight matrix with 502 working nodes
502 working nodes out of 512
States are 0,1
Weight-choosing mode: 5
Min time to run: 0.5s
Max time to run: 1e+10s
Solutions are independent
           1       -994          0     0.00     0.00       -nan
           5      -1002          0     0.00     0.00       -nan
          96      -1006          0     0.00     0.01       -nan
         507      -1008          0     0.00     0.06       -nan
        1900      -1010          0     0.00     0.19       -nan
       56086      -1010         39     5.00     5.19        7.8
      109762      -1010         69    10.01    10.20       6.89
      162917      -1010         98    15.01    15.20       6.53
      216791      -1010        131    20.01    20.20       6.55
      268931      -1010        158    25.01    25.20       6.32
      324715      -1010        195    30.01    30.20        6.5
      378550      -1010        230    35.01    35.20       6.57
      433119      -1010        255    40.01    40.20       6.37
      486926      -1010        283    45.01    45.20       6.29
      540830      -1010        314    50.01    50.20       6.28
      595210      -1010        337    55.04    55.23       6.12
      654606      -1010        371    60.57    60.76       6.13
      722186      -1010        405    66.65    66.84       6.08
      793947      -1010        445    73.34    73.53       6.07
      872899      -1010        490    80.70    80.89       6.07
      902105      -1010        500    83.38    83.57          6
Time to solution 0.16676s, assuming true minimum is -1010
