N=8
Mode: 1
Seed: 524
Search strategy: 0
Initialising random weight matrix with 502 working nodes
502 working nodes out of 512
States are 0,1
Weight-choosing mode: 5
Min time to run: 0.5s
Max time to run: 1e+10s
Solutions are independent
           1       -962          0     0.00     0.00       -nan
           5       -964          0     0.00     0.00       -nan
          28       -966          0     0.00     0.00       -nan
          30       -972          0     0.00     0.00       -nan
         112       -974          0     0.00     0.01       -nan
         322       -976          0     0.00     0.04       -nan
         656       -978          0     0.00     0.08       -nan
        2020       -980          0     0.00     0.22       -nan
       53642       -980         11     5.00     5.22        2.2
      105655       -980         30    10.00    10.22          3
      158488       -980         43    15.00    15.22       2.87
      211057       -980         58    20.00    20.22        2.9
      264096       -980         72    25.00    25.22       2.88
      317305       -980         91    30.00    30.22       3.03
      369069       -980        111    35.00    35.22       3.17
      422050       -980        129    40.00    40.22       3.23
      473944       -980        144    45.00    45.22        3.2
      525115       -980        159    50.00    50.22       3.18
      576994       -980        180    55.03    55.25       3.27
      635283       -980        204    60.56    60.78       3.37
      697784       -980        219    66.64    66.86       3.29
      768061       -980        245    73.33    73.55       3.34
      846419       -980        279    80.69    80.91       3.46
      931189       -980        306    88.79    89.01       3.45
     1022645       -980        339    97.70    97.92       3.47
     1126714       -980        382   107.50   107.72       3.55
     1238635       -980        419   118.28   118.50       3.54
     1362649       -980        468   130.14   130.36        3.6
     1447432       -980        500   138.45   138.67       3.61
Time to solution 0.2769s, assuming true minimum is -980
