N=8
Mode: 1
Seed: 525
Search strategy: 0
Initialising random weight matrix with 502 working nodes
502 working nodes out of 512
States are 0,1
Weight-choosing mode: 5
Min time to run: 0.5s
Max time to run: 1e+10s
Solutions are independent
           1       -942          0     0.00     0.00       -nan
           5       -950          0     0.00     0.00       -nan
         110       -952          0     0.00     0.01       -nan
         253       -960          0     0.00     0.03       -nan
        2511       -962          0     0.00     0.21       -nan
       29704       -964          0     0.00     2.49       -nan
       88320       -964          7     5.00     7.49        1.4
      145416       -964         11    10.00    12.49        1.1
      202954       -964         18    15.01    17.50        1.2
      261044       -964         25    20.01    22.50       1.25
      319009       -964         28    25.01    27.50       1.12
      376084       -964         32    30.01    32.50       1.07
      434391       -964         38    35.01    37.50       1.09
      492809       -964         43    40.01    42.50       1.07
      549759       -964         51    45.01    47.50       1.13
      607827       -964         54    50.01    52.50       1.08
      667674       -964         57    55.27    57.76       1.03
      733141       -964         61    61.05    63.54      0.999
      805923       -964         68    67.41    69.90       1.01
      888329       -964         73    74.41    76.90      0.981
      978861       -964         80    82.11    84.60      0.974
     1074246       -964         87    90.57    93.06      0.961
     1181579       -964         95    99.88   102.37      0.951
     1300986       -964        100   110.12   112.61      0.908
     1432698       -964        110   121.39   123.88      0.906
     1574423       -964        121   133.78   136.27      0.904
     1732508       -964        133   147.41   149.90      0.902
     1908336       -964        146   162.41   164.90      0.899
     2101381       -964        165   178.91   181.40      0.922
     2315017       -964        181   197.06   199.55      0.919
     2547717       -964        202   217.02   219.51      0.931
     2803777       -964        226   238.98   241.47      0.946
     3082287       -964        245   263.13   265.62      0.931
     3393255       -964        274   289.70   292.19      0.946
     3738480       -964        306   318.92   321.41      0.959
     4112036       -964        339   351.07   353.56      0.966
     4519842       -964        376   386.43   388.92      0.973
     4977233       -964        419   425.33   427.82      0.985
     5474247       -964        464   468.12   470.61      0.991
     5925826       -964        500   506.56   509.05      0.987
Time to solution 1.01312s, assuming true minimum is -964
