N=8
Mode: 1
Seed: 527
Search strategy: 0
Initialising random weight matrix with 502 working nodes
502 working nodes out of 512
States are 0,1
Weight-choosing mode: 5
Min time to run: 0.5s
Max time to run: 1e+10s
Solutions are independent
           1       -912          0     0.00     0.00       -nan
           3       -916          0     0.00     0.00       -nan
          16       -922          0     0.00     0.00       -nan
          18       -924          0     0.00     0.00       -nan
          39       -926          0     0.00     0.00       -nan
         136       -928          0     0.00     0.02       -nan
         173       -930          0     0.00     0.02       -nan
        1729       -932          0     0.00     0.16       -nan
       58506       -932         26     5.00     5.16        5.2
      114785       -932         52    10.00    10.16        5.2
      169778       -932         82    15.00    15.16       5.47
      225442       -932        118    20.00    20.16        5.9
      281051       -932        140    25.00    25.16        5.6
      299034       -934          0     0.00    26.82       -nan
      352656       -934          0     5.00    31.82          0
      408239       -934          2    10.00    36.82        0.2
      462894       -934          3    15.00    41.82        0.2
      516067       -934          4    20.00    46.82        0.2
      569742       -934          5    25.00    51.82        0.2
      627022       -934          5    30.19    57.01      0.166
      690784       -934          7    35.90    62.72      0.195
      758916       -934          8    42.18    69.00       0.19
      834427       -934          9    49.08    75.90      0.183
      918610       -934          9    56.68    83.50      0.159
     1008307       -934         11    65.04    91.86      0.169
     1110605       -934         12    74.23   101.05      0.162
     1218193       -934         13    84.34   111.16      0.154
     1336342       -934         17    95.46   122.28      0.178
     1467536       -934         19   107.69   134.51      0.176
     1612481       -934         20   121.15   147.97      0.165
     1772281       -934         23   135.95   162.77      0.169
     1949305       -934         26   152.23   179.05      0.171
     2143625       -934         29   170.14   196.96       0.17
     2353559       -934         29   189.84   216.66      0.153
     2591053       -934         31   211.51   238.33      0.147
     2851390       -934         34   235.35   262.17      0.144
     3136127       -934         37   261.57   288.39      0.141
     3441903       -934         44   290.41   317.23      0.152
     3789999       -934         51   322.14   348.96      0.158
     4172158       -934         57   357.04   383.86       0.16
     4585548       -934         59   395.43   422.25      0.149
     5041897       -934         68   437.66   464.48      0.155
     5543785       -934         74   484.11   510.93      0.153
     6104160       -934         84   535.21   562.03      0.157
     6718765       -934         94   591.42   618.24      0.159
     7399875       -934        104   653.25   680.07      0.159
     8139473       -934        114   721.26   748.08      0.158
     8950405       -934        125   796.07   822.89      0.157
     9836980       -934        134   878.36   905.18      0.153
    10826912       -934        155   968.88   995.70       0.16
    11909897       -934        164  1068.46  1095.28      0.153
    13097615       -934        186  1177.99  1204.81      0.158
    14403691       -934        207  1298.48  1325.30      0.159
    15835990       -934        232  1431.02  1457.84      0.162
    17427859       -934        262  1576.81  1603.63      0.166
    19170235       -934        291  1737.18  1764.00      0.168
    21090022       -934        314  1913.58  1940.40      0.164
    23190521       -934        342  2107.62  2134.44      0.162
    25509241       -934        382  2321.07  2347.89      0.165
    28057202       -934        422  2555.86  2582.68      0.165
    30847562       -934        460  2814.13  2840.95      0.163
    33084284       -934        500  3019.48  3046.30      0.166
Time to solution 6.03896s, assuming true minimum is -934
