N=8
Mode: 1
Seed: 529
Search strategy: 0
Initialising random weight matrix with 502 working nodes
502 working nodes out of 512
States are 0,1
Weight-choosing mode: 5
Min time to run: 0.5s
Max time to run: 1e+10s
Solutions are independent
           1       -940          0     0.00     0.00       -nan
           4       -950          0     0.00     0.00       -nan
          10       -952          0     0.00     0.00       -nan
         184       -954          0     0.00     0.01       -nan
         962       -956          0     0.00     0.09       -nan
         977       -958          0     0.00     0.10       -nan
       57030       -958         37     5.00     5.10        7.4
      113396       -958         77    10.00    10.10        7.7
      169950       -958        113    15.00    15.10       7.53
      226150       -958        143    20.00    20.10       7.15
      282698       -958        177    25.00    25.10       7.08
      339009       -958        202    30.00    30.10       6.73
      394958       -958        237    35.00    35.10       6.77
      450480       -958        279    40.00    40.10       6.97
      507733       -958        312    45.00    45.10       6.93
      564306       -958        351    50.00    50.10       7.02
      622035       -958        393    55.02    55.12       7.14
      684089       -958        429    60.54    60.64       7.09
      749976       -958        476    66.61    66.71       7.15
      783141       -958        500    69.51    69.61       7.19
Time to solution 0.13902s, assuming true minimum is -958
