N=8
Mode: 1
Seed: 535
Search strategy: 0
Initialising random weight matrix with 502 working nodes
502 working nodes out of 512
States are 0,1
Weight-choosing mode: 5
Min time to run: 0.5s
Max time to run: 1e+10s
Solutions are independent
           1       -914          0     0.00     0.00       -nan
           2       -926          0     0.00     0.00       -nan
           6       -932          0     0.00     0.00       -nan
          46       -936          0     0.00     0.00       -nan
         166       -938          0     0.00     0.02       -nan
        2672       -940          0     0.00     0.22       -nan
       26999       -942          0     0.00     2.27       -nan
       84454       -942         12     5.00     7.27        2.4
      143369       -942         21    10.00    12.27        2.1
      201428       -942         36    15.00    17.27        2.4
      259173       -942         48    20.00    22.27        2.4
      318513       -942         64    25.00    27.27       2.56
      377437       -942         76    30.00    32.27       2.53
      436734       -942         93    35.00    37.27       2.66
      495646       -942        108    40.00    42.27        2.7
      554580       -942        121    45.00    47.27       2.69
      612696       -942        130    50.00    52.27        2.6
      673678       -942        141    55.23    57.50       2.55
      741624       -942        153    60.99    63.26       2.51
      817650       -942        170    67.32    69.59       2.53
      899883       -942        186    74.28    76.55        2.5
      988433       -942        202    81.94    84.21       2.47
     1086179       -942        220    90.37    92.64       2.43
     1196048       -942        240    99.64   101.91       2.41
     1316285       -942        270   109.84   112.11       2.46
     1449818       -942        297   121.06   123.33       2.45
     1594858       -942        328   133.40   135.67       2.46
     1752947       -942        360   146.97   149.24       2.45
     1927436       -942        391   161.90   164.17       2.42
     2118453       -942        421   178.32   180.59       2.36
     2330259       -942        464   196.38   198.65       2.36
     2490353       -942        500   210.16   212.43       2.38
Time to solution 0.42032s, assuming true minimum is -942
