N=8
Mode: 1
Seed: 538
Search strategy: 0
Initialising random weight matrix with 502 working nodes
502 working nodes out of 512
States are 0,1
Weight-choosing mode: 5
Min time to run: 0.5s
Max time to run: 1e+10s
Solutions are independent
           1       -936          0     0.00     0.00       -nan
           3       -942          0     0.00     0.00       -nan
           4       -952          0     0.00     0.00       -nan
        1043       -954          0     0.00     0.10       -nan
        3116       -956          0     0.00     0.29       -nan
       59692       -956         30     5.00     5.29          6
      116524       -956         54    10.00    10.29        5.4
      173904       -956         88    15.00    15.29       5.87
      230587       -956        121    20.00    20.29       6.05
      287898       -956        155    25.00    25.29        6.2
      344349       -956        184    30.00    30.29       6.13
      401471       -956        214    35.00    35.29       6.11
      459552       -956        245    40.00    40.29       6.12
      517190       -956        274    45.00    45.29       6.09
      572741       -956        305    50.00    50.29        6.1
      630430       -956        348    55.03    55.32       6.32
      692653       -956        384    60.57    60.86       6.34
      761990       -956        427    66.66    66.95       6.41
      838671       -956        465    73.36    73.65       6.34
      887421       -956        500    77.53    77.82       6.45
Time to solution 0.15506s, assuming true minimum is -956
