N=8
Mode: 1
Seed: 541
Search strategy: 0
Initialising random weight matrix with 502 working nodes
502 working nodes out of 512
States are 0,1
Weight-choosing mode: 5
Min time to run: 0.5s
Max time to run: 1e+10s
Solutions are independent
           1       -944          0     0.00     0.00       -nan
          14       -948          0     0.00     0.00       -nan
          18       -954          0     0.00     0.00       -nan
          65       -958          0     0.00     0.01       -nan
         276       -962          0     0.00     0.03       -nan
         754       -966          0     0.00     0.06       -nan
        1796       -968          0     0.00     0.18       -nan
       55292       -968         29     5.00     5.18        5.8
      107851       -968         50    10.00    10.18          5
      160942       -968         73    15.00    15.18       4.87
      213977       -968        100    20.00    20.18          5
      265838       -968        138    25.00    25.18       5.52
      318731       -968        167    30.00    30.18       5.57
      371551       -968        191    35.00    35.18       5.46
      424235       -968        215    40.00    40.18       5.38
      477528       -968        242    45.00    45.18       5.38
      531859       -968        275    50.00    50.18        5.5
      585534       -968        306    55.02    55.20       5.56
      645408       -968        335    60.55    60.73       5.53
      710133       -968        362    66.63    66.81       5.43
      780455       -968        399    73.32    73.50       5.44
      859863       -968        442    80.68    80.86       5.48
      944792       -968        484    88.77    88.95       5.45
      972918       -968        500    91.47    91.65       5.47
Time to solution 0.18294s, assuming true minimum is -968
