N=8
Mode: 1
Seed: 543
Search strategy: 0
Initialising random weight matrix with 502 working nodes
502 working nodes out of 512
States are 0,1
Weight-choosing mode: 5
Min time to run: 0.5s
Max time to run: 1e+10s
Solutions are independent
           1       -916          0     0.00     0.00       -nan
           2       -932          0     0.00     0.00       -nan
         116       -934          0     0.00     0.01       -nan
         195       -936          0     0.00     0.02       -nan
         261       -940          0     0.00     0.03       -nan
       15295       -942          0     0.00     1.39       -nan
       70293       -942         24     5.00     6.39        4.8
      126072       -942         53    10.00    11.39        5.3
      180823       -942         91    15.00    16.39       6.07
      236277       -942        129    20.00    21.39       6.45
      291079       -942        166    25.00    26.39       6.64
      346243       -942        203    30.00    31.39       6.77
      400875       -942        238    35.00    36.39        6.8
      455710       -942        269    40.00    41.39       6.72
      510933       -942        303    45.00    46.39       6.73
      566095       -942        333    50.00    51.39       6.66
      623321       -942        364    55.14    56.53        6.6
      685036       -942        392    60.80    62.19       6.45
      752968       -942        434    67.02    68.41       6.48
      829521       -942        484    73.87    75.26       6.55
      868496       -942        500    77.56    78.95       6.45
Time to solution 0.15512s, assuming true minimum is -942
