N=8
Mode: 1
Seed: 546
Search strategy: 0
Initialising random weight matrix with 502 working nodes
502 working nodes out of 512
States are 0,1
Weight-choosing mode: 5
Min time to run: 0.5s
Max time to run: 1e+10s
Solutions are independent
           1       -956          0     0.00     0.00       -nan
           9       -962          0     0.00     0.00       -nan
          13       -966          0     0.00     0.00       -nan
         132       -968          0     0.00     0.02       -nan
         142       -970          0     0.00     0.02       -nan
         229       -974          0     0.00     0.03       -nan
         601       -976          0     0.00     0.07       -nan
       56181       -976         23     5.00     5.07        4.6
      111228       -976         49    10.00    10.07        4.9
      161035       -978          0     0.00    14.66       -nan
      215678       -978          1     5.00    19.66        0.2
      271433       -978          4    10.00    24.66        0.4
      326961       -978          6    15.00    29.66        0.4
      381438       -978          9    20.00    34.66       0.45
      435496       -978         11    25.00    39.66       0.44
      490380       -978         14    30.00    44.66      0.467
      544797       -978         19    35.00    49.66      0.543
      598074       -978         22    40.00    54.66       0.55
      657662       -978         25    45.47    60.13       0.55
      725224       -978         28    51.49    66.15      0.544
      797888       -978         34    58.11    72.77      0.585
      878253       -978         37    65.39    80.05      0.566
      967623       -978         45    73.40    88.06      0.613
     1062836       -978         49    82.21    96.87      0.596
     1170877       -978         59    91.90   106.56      0.642
     1289674       -978         70   102.56   117.22      0.683
     1419016       -978         81   114.29   128.95      0.709
     1560684       -978         87   127.19   141.85      0.684
     1718200       -978         95   141.38   156.04      0.672
     1889965       -978        107   156.99   171.65      0.682
     2076904       -978        121   174.16   188.82      0.695
     2286534       -978        130   193.05   207.71      0.673
     2516695       -978        143   213.83   228.49      0.669
     2769569       -978        167   236.68   251.34      0.706
     3035353       -978        181   261.82   276.48      0.691
     3341998       -978        202   289.47   304.13      0.698
     3675825       -978        224   319.89   334.55        0.7
     4045422       -978        253   353.35   368.01      0.716
     4450767       -978        287   390.16   404.82      0.736
     4892049       -978        309   430.65   445.31      0.718
     5375012       -978        345   475.19   489.85      0.726
     5912481       -978        380   524.18   538.84      0.725
     6499402       -978        420   578.07   592.73      0.727
     7148305       -978        457   637.35   652.01      0.717
     7803739       -978        500   696.99   711.65      0.717
Time to solution 1.39398s, assuming true minimum is -978
