N=8
Mode: 1
Seed: 548
Search strategy: 0
Initialising random weight matrix with 502 working nodes
502 working nodes out of 512
States are 0,1
Weight-choosing mode: 5
Min time to run: 0.5s
Max time to run: 1e+10s
Solutions are independent
           1       -880          0     0.00     0.00       -nan
          21       -888          0     0.00     0.00       -nan
          26       -890          0     0.00     0.00       -nan
         178       -894          0     0.00     0.02       -nan
         306       -896          0     0.00     0.04       -nan
         653       -898          0     0.00     0.07       -nan
        2426       -900          0     0.00     0.25       -nan
       51056       -900         29     5.00     5.25        5.8
      100746       -900         59    10.00    10.25        5.9
      147958       -900         82    15.00    15.25       5.47
      197034       -900        112    20.00    20.25        5.6
      245730       -900        144    25.00    25.25       5.76
      295146       -900        167    30.00    30.25       5.57
      343566       -900        208    35.00    35.25       5.94
      392234       -900        248    40.00    40.25        6.2
      441739       -900        279    45.00    45.25        6.2
      490240       -900        307    50.00    50.25       6.14
      540077       -900        341    55.03    55.28        6.2
      595109       -900        381    60.56    60.81       6.29
      656591       -900        420    66.65    66.90        6.3
      721385       -900        464    73.35    73.60       6.33
      785800       -900        500    79.79    80.04       6.27
Time to solution 0.15958s, assuming true minimum is -900
