N=8
Mode: 1
Seed: 55
Search strategy: 0
Initialising random weight matrix with 502 working nodes
502 working nodes out of 512
States are 0,1
Weight-choosing mode: 5
Min time to run: 0.5s
Max time to run: 1e+10s
Solutions are independent
           1       -956          0     0.00     0.00       -nan
           2       -970          0     0.00     0.00       -nan
           3       -974          0     0.00     0.00       -nan
           9       -978          0     0.00     0.00       -nan
         107       -980          0     0.00     0.01       -nan
         146       -984          0     0.00     0.02       -nan
         410       -986          0     0.00     0.04       -nan
        1818       -988          0     0.00     0.16       -nan
       55348       -988         25     5.00     5.16          5
      109343       -988         50    10.00    10.16          5
      163754       -988         76    15.00    15.16       5.07
      214990       -988         92    20.00    20.16        4.6
      267030       -988        117    25.00    25.16       4.68
      321366       -988        139    30.00    30.16       4.63
      374605       -988        168    35.00    35.16        4.8
      429358       -988        192    40.00    40.16        4.8
      484054       -988        216    45.00    45.16        4.8
      536227       -988        240    50.00    50.16        4.8
      589734       -988        255    55.02    55.18       4.63
      649707       -988        287    60.54    60.70       4.74
      715634       -988        312    66.62    66.78       4.68
      787242       -988        336    73.30    73.46       4.58
      865095       -988        379    80.65    80.81        4.7
      951503       -988        425    88.74    88.90       4.79
     1045174       -988        462    97.64    97.80       4.73
     1148539       -988        496   107.43   107.59       4.62
     1151948       -988        500   107.73   107.89       4.64
Time to solution 0.21546s, assuming true minimum is -988
