N=8
Mode: 1
Seed: 551
Search strategy: 0
Initialising random weight matrix with 502 working nodes
502 working nodes out of 512
States are 0,1
Weight-choosing mode: 5
Min time to run: 0.5s
Max time to run: 1e+10s
Solutions are independent
           1       -972          0     0.00     0.00       -nan
          25       -978          0     0.00     0.00       -nan
         539       -980          0     0.00     0.06       -nan
        1481       -982          0     0.00     0.15       -nan
       56109       -982         52     5.00     5.15       10.4
       59187       -984          0     0.00     5.44       -nan
      114273       -984          5     5.01    10.45      0.998
      169003       -984          9    10.01    15.45      0.899
      222158       -984         11    15.01    20.45      0.733
      276430       -984         12    20.01    25.45        0.6
      330585       -984         13    25.01    30.45       0.52
      384185       -984         15    30.01    35.45        0.5
      438268       -984         17    35.01    40.45      0.486
      490608       -984         18    40.01    45.45       0.45
      543748       -984         22    45.01    50.45      0.489
      598545       -984         23    50.06    55.50      0.459
      657024       -984         27    55.62    61.06      0.485
      723481       -984         31    61.73    67.17      0.502
      797155       -984         35    68.45    73.89      0.511
      878002       -984         41    75.84    81.28      0.541
      966090       -984         43    83.97    89.41      0.512
     1062558       -984         47    92.92    98.36      0.506
     1169702       -984         52   102.76   108.20      0.506
     1290846       -984         59   113.59   119.03      0.519
     1418383       -984         65   125.50   130.94      0.518
     1561391       -984         73   138.60   144.04      0.527
     1716127       -984         79   153.01   158.45      0.516
     1887521       -984         89   168.86   174.30      0.527
     2075927       -984         97   186.30   191.74      0.521
     2283933       -984        110   205.48   210.92      0.535
     2514056       -984        119   226.58   232.02      0.525
     2768112       -984        132   249.79   255.23      0.528
     3046834       -984        153   275.32   280.76      0.556
     3353787       -984        171   303.40   308.84      0.564
     3693096       -984        195   334.29   339.73      0.583
     4061878       -984        226   368.27   373.71      0.614
     4466652       -984        256   405.65   411.09      0.631
     4910165       -984        283   446.76   452.20      0.633
     5397156       -984        308   491.98   497.42      0.626
     5934762       -984        340   541.73   547.17      0.628
     6527982       -984        369   596.45   601.89      0.619
     7183762       -984        404   656.64   662.08      0.615
     7900328       -984        441   722.85   728.29       0.61
     8686794       -984        482   795.68   801.12      0.606
     9021719       -984        500   826.11   831.55      0.605
Time to solution 1.65222s, assuming true minimum is -984
