N=8
Mode: 1
Seed: 553
Search strategy: 0
Initialising random weight matrix with 502 working nodes
502 working nodes out of 512
States are 0,1
Weight-choosing mode: 5
Min time to run: 0.5s
Max time to run: 1e+10s
Solutions are independent
           1       -864          0     0.00     0.00       -nan
           3       -878          0     0.00     0.00       -nan
          28       -882          0     0.00     0.00       -nan
          77       -886          0     0.00     0.01       -nan
         129       -890          0     0.00     0.02       -nan
         155       -892          0     0.00     0.02       -nan
         183       -894          0     0.00     0.02       -nan
         185       -896          0     0.00     0.02       -nan
        1507       -900          0     0.00     0.15       -nan
        4751       -902          0     0.00     0.42       -nan
       60180       -902         13     5.00     5.42        2.6
      114650       -902         20    10.00    10.42          2
      169990       -902         34    15.00    15.42       2.27
      225372       -902         46    20.00    20.42        2.3
      279989       -902         59    25.00    25.42       2.36
      334371       -902         73    30.00    30.42       2.43
      388888       -902         77    35.00    35.42        2.2
      442554       -902         83    40.00    40.42       2.08
      496319       -902         91    45.00    45.42       2.02
      552684       -902        105    50.00    50.42        2.1
      608504       -902        114    55.05    55.47       2.07
      670333       -902        129    60.60    61.02       2.13
      736912       -902        141    66.71    67.13       2.11
      811766       -902        153    73.43    73.85       2.08
      891370       -902        167    80.82    81.24       2.07
      981573       -902        187    88.95    89.37        2.1
     1081095       -902        210    97.89    98.31       2.15
     1190399       -902        231   107.73   108.15       2.14
     1308581       -902        248   118.55   118.97       2.09
     1439486       -902        275   130.45   130.87       2.11
     1581737       -902        293   143.54   143.96       2.04
     1738451       -902        324   157.94   158.36       2.05
     1914022       -902        351   173.78   174.20       2.02
     2105757       -902        393   191.20   191.62       2.06
     2315807       -902        433   210.37   210.79       2.06
     2545496       -902        469   231.45   231.87       2.03
     2728602       -902        500   248.52   248.94       2.01
Time to solution 0.49704s, assuming true minimum is -902
