N=8
Mode: 1
Seed: 557
Search strategy: 0
Initialising random weight matrix with 502 working nodes
502 working nodes out of 512
States are 0,1
Weight-choosing mode: 5
Min time to run: 0.5s
Max time to run: 1e+10s
Solutions are independent
           1      -1008          0     0.00     0.00       -nan
           2      -1010          0     0.00     0.00       -nan
          15      -1022          0     0.00     0.00       -nan
         542      -1024          0     0.00     0.05       -nan
        5612      -1026          0     0.00     0.50       -nan
       28483      -1028          0     0.00     2.60       -nan
       82486      -1028          9     5.00     7.60        1.8
      137387      -1028         20    10.00    12.60          2
      192340      -1028         31    15.00    17.60       2.07
      211130      -1030          0     0.00    19.27       -nan
      267073      -1030          3     5.00    24.27        0.6
      322410      -1030          5    10.00    29.27        0.5
      377377      -1030          7    15.00    34.27      0.467
      435382      -1030          9    20.00    39.27       0.45
      489224      -1030         11    25.00    44.27       0.44
      546613      -1030         14    30.00    49.27      0.467
      601401      -1030         16    35.00    54.27      0.457
      662098      -1030         20    40.43    59.70      0.495
      727609      -1030         22    46.40    65.67      0.474
      801883      -1030         26    52.97    72.24      0.491
      882409      -1030         27    60.20    79.47      0.449
      971646      -1030         28    68.15    87.42      0.411
     1067238      -1030         34    76.90    96.17      0.442
     1172930      -1030         42    86.52   105.79      0.485
     1292815      -1030         43    97.10   116.37      0.443
     1425238      -1030         47   108.74   128.01      0.432
     1567045      -1030         50   121.55   140.82      0.411
     1724031      -1030         53   135.64   154.91      0.391
     1898142      -1030         59   151.14   170.41       0.39
     2087823      -1030         66   168.19   187.46      0.392
     2300446      -1030         72   186.94   206.21      0.385
     2528722      -1030         79   207.57   226.84      0.381
     2780424      -1030         87   230.26   249.53      0.378
     3061830      -1030         98   255.22   274.49      0.384
     3361985      -1030        107   282.67   301.94      0.379
     3696700      -1030        118   312.87   332.14      0.377
     4068910      -1030        136   346.09   365.36      0.393
     4477368      -1030        157   382.63   401.90       0.41
     4918199      -1030        173   422.83   442.10      0.409
     5402381      -1030        186   467.05   486.32      0.398
     5942653      -1030        207   515.69   534.96      0.401
     6532997      -1030        226   569.19   588.46      0.397
     7185135      -1030        252   628.04   647.31      0.401
     7903068      -1030        282   692.78   712.05      0.407
     8698856      -1030        303   763.99   783.26      0.397
     9566989      -1030        330   842.32   861.59      0.392
    10513845      -1030        365   928.48   947.75      0.393
    11565445      -1030        397  1023.26  1042.53      0.388
    12720936      -1030        437  1127.52  1146.79      0.388
    13996999      -1030        481  1242.20  1261.47      0.387
    14447791      -1030        500  1282.63  1301.90       0.39
Time to solution 2.56526s, assuming true minimum is -1030
