N=8
Mode: 1
Seed: 558
Search strategy: 0
Initialising random weight matrix with 502 working nodes
502 working nodes out of 512
States are 0,1
Weight-choosing mode: 5
Min time to run: 0.5s
Max time to run: 1e+10s
Solutions are independent
           1       -970          0     0.00     0.00       -nan
          46       -972          0     0.00     0.00       -nan
          88       -976          0     0.00     0.01       -nan
        1472       -978          0     0.00     0.15       -nan
       11104       -980          0     0.00     1.15       -nan
       55984       -980         24     5.00     6.15        4.8
       98394       -980         35    10.00    11.15        3.5
      143205       -980         56    15.00    16.15       3.73
      187420       -980         74    20.00    21.15        3.7
      232754       -980         97    25.00    26.15       3.88
      278522       -980        125    30.00    31.15       4.17
      323297       -980        147    35.00    36.15        4.2
      367263       -980        170    40.00    41.15       4.25
      409783       -980        194    45.00    46.15       4.31
      453876       -980        214    50.00    51.15       4.28
      499243       -980        235    55.12    56.27       4.26
      549607       -980        262    60.75    61.90       4.31
      605983       -980        290    66.94    68.09       4.33
      665080       -980        315    73.75    74.90       4.27
      731955       -980        357    81.25    82.40       4.39
      803983       -980        383    89.50    90.65       4.28
      885048       -980        423    98.57    99.72       4.29
      975052       -980        465   108.55   109.70       4.28
     1056344       -980        500   117.66   118.81       4.25
Time to solution 0.23532s, assuming true minimum is -980
