N=8
Mode: 1
Seed: 564
Search strategy: 0
Initialising random weight matrix with 502 working nodes
502 working nodes out of 512
States are 0,1
Weight-choosing mode: 5
Min time to run: 0.5s
Max time to run: 1e+10s
Solutions are independent
           1       -924          0     0.00     0.00       -nan
           2       -942          0     0.00     0.00       -nan
           3       -944          0     0.00     0.00       -nan
           4       -956          0     0.00     0.00       -nan
         327       -958          0     0.00     0.04       -nan
         940       -960          0     0.00     0.09       -nan
         964       -962          0     0.00     0.09       -nan
        4875       -964          0     0.00     0.43       -nan
       59882       -964          8     5.00     5.43        1.6
      113262       -964         15    10.00    10.43        1.5
      167259       -964         22    15.00    15.43       1.47
      222348       -964         28    20.00    20.43        1.4
      276713       -964         32    25.00    25.43       1.28
      330700       -964         42    30.00    30.43        1.4
      385388       -964         53    35.00    35.43       1.51
      438849       -964         57    40.00    40.43       1.43
      491354       -964         68    45.00    45.43       1.51
      545967       -964         76    50.00    50.43       1.52
      599834       -964         82    55.05    55.48       1.49
      661412       -964         93    60.60    61.03       1.53
      726254       -964        102    66.71    67.14       1.53
      797779       -964        113    73.43    73.86       1.54
      881214       -964        123    80.82    81.25       1.52
      971042       -964        134    88.95    89.38       1.51
     1066966       -964        146    97.89    98.32       1.49
     1173102       -964        151   107.73   108.16        1.4
     1290536       -964        160   118.55   118.98       1.35
     1419983       -964        182   130.45   130.88        1.4
     1562715       -964        199   143.54   143.97       1.39
     1716340       -964        215   157.94   158.37       1.36
     1888642       -964        239   173.78   174.21       1.38
     2077885       -964        263   191.21   191.64       1.38
     2286299       -964        287   210.38   210.81       1.36
     2513542       -964        314   231.47   231.90       1.36
     2763023       -964        345   254.67   255.10       1.35
     3040821       -964        384   280.18   280.61       1.37
     3342109       -964        415   308.25   308.68       1.35
     3676174       -964        451   339.12   339.55       1.33
     4049591       -964        495   373.08   373.51       1.33
     4062529       -964        500   374.26   374.69       1.34
Time to solution 0.74852s, assuming true minimum is -964
