N=8
Mode: 1
Seed: 568
Search strategy: 0
Initialising random weight matrix with 502 working nodes
502 working nodes out of 512
States are 0,1
Weight-choosing mode: 5
Min time to run: 0.5s
Max time to run: 1e+10s
Solutions are independent
           1       -894          0     0.00     0.00       -nan
           2       -902          0     0.00     0.00       -nan
           3       -928          0     0.00     0.00       -nan
          79       -942          0     0.00     0.01       -nan
        1018       -944          0     0.00     0.09       -nan
       59327       -944         24     5.00     5.09        4.8
      118232       -944         45    10.00    10.09        4.5
      178823       -944         72    15.00    15.09        4.8
      238813       -944         96    20.00    20.09        4.8
      296117       -944        116    25.00    25.09       4.64
      356099       -944        146    30.00    30.09       4.87
      414897       -944        174    35.00    35.09       4.97
      473204       -944        198    40.00    40.09       4.95
      531795       -944        226    45.00    45.09       5.02
      590809       -944        260    50.00    50.09        5.2
      649500       -944        286    55.01    55.10        5.2
      714618       -944        308    60.53    60.62       5.09
      785715       -944        347    66.60    66.69       5.21
      863780       -944        372    73.27    73.36       5.08
      950037       -944        411    80.61    80.70        5.1
     1045828       -944        454    88.69    88.78       5.12
     1150904       -944        485    97.57    97.66       4.97
     1187975       -944        500   100.65   100.74       4.97
Time to solution 0.2013s, assuming true minimum is -944
