N=8
Mode: 1
Seed: 57
Search strategy: 0
Initialising random weight matrix with 502 working nodes
502 working nodes out of 512
States are 0,1
Weight-choosing mode: 5
Min time to run: 0.5s
Max time to run: 1e+10s
Solutions are independent
           1       -970          0     0.00     0.00       -nan
           2       -978          0     0.00     0.00       -nan
           3       -986          0     0.00     0.00       -nan
         111       -988          0     0.00     0.01       -nan
         412       -992          0     0.00     0.04       -nan
         494       -994          0     0.00     0.04       -nan
         584       -996          0     0.00     0.06       -nan
         829       -998          0     0.00     0.08       -nan
        4929      -1000          0     0.00     0.44       -nan
       11789      -1002          0     0.00     1.02       -nan
       69485      -1002          6     5.00     6.02        1.2
      129898      -1002         13    10.00    11.02        1.3
      189391      -1002         17    15.00    16.02       1.13
      248833      -1002         26    20.00    21.02        1.3
      308449      -1002         33    25.00    26.02       1.32
      367784      -1002         38    30.00    31.02       1.27
      427932      -1002         43    35.00    36.02       1.23
      485949      -1002         53    40.00    41.02       1.32
      544807      -1002         58    45.00    46.02       1.29
      604102      -1002         66    50.00    51.02       1.32
      665277      -1002         74    55.11    56.13       1.34
      731194      -1002         82    60.73    61.75       1.35
      804430      -1002         91    66.91    67.93       1.36
      887338      -1002        100    73.71    74.73       1.36
      977362      -1002        114    81.19    82.21        1.4
     1073780      -1002        122    89.42    90.44       1.36
     1182006      -1002        130    98.47    99.49       1.32
     1299710      -1002        145   108.42   109.44       1.34
     1428593      -1002        156   119.37   120.39       1.31
     1573270      -1002        168   131.41   132.43       1.28
     1729644      -1002        181   144.66   145.68       1.25
     1901270      -1002        198   159.23   160.25       1.24
     2093778      -1002        233   175.26   176.28       1.33
     2304173      -1002        261   192.89   193.91       1.35
     2532768      -1002        280   212.29   213.31       1.32
     2788980      -1002        314   233.63   234.65       1.34
     3066034      -1002        347   257.10   258.12       1.35
     3374537      -1002        383   282.92   283.94       1.35
     3713188      -1002        429   311.32   312.34       1.38
     4085719      -1002        462   342.56   343.58       1.35
     4420539      -1002        500   370.87   371.89       1.35
Time to solution 0.74174s, assuming true minimum is -1002
