N=8
Mode: 1
Seed: 570
Search strategy: 0
Initialising random weight matrix with 502 working nodes
502 working nodes out of 512
States are 0,1
Weight-choosing mode: 5
Min time to run: 0.5s
Max time to run: 1e+10s
Solutions are independent
           1       -874          0     0.00     0.00       -nan
           2       -884          0     0.00     0.00       -nan
           8       -890          0     0.00     0.00       -nan
           9       -900          0     0.00     0.00       -nan
          10       -916          0     0.00     0.00       -nan
        3028       -918          0     0.00     0.28       -nan
       57975       -918         23     5.00     5.28        4.6
      112333       -918         55    10.01    10.29       5.49
      166487       -918         86    15.01    15.29       5.73
      221341       -918        111    20.01    20.29       5.55
      274914       -918        140    25.01    25.29        5.6
      330786       -918        174    30.01    30.29        5.8
      384533       -918        201    35.01    35.29       5.74
      438529       -918        230    40.01    40.29       5.75
      492139       -918        259    45.01    45.29       5.75
      546912       -918        290    50.01    50.29        5.8
      602561       -918        323    55.04    55.32       5.87
      664191       -918        359    60.58    60.86       5.93
      731024       -918        394    66.67    66.95       5.91
      802635       -918        428    73.37    73.65       5.83
      882664       -918        466    80.74    81.02       5.77
      930476       -918        500    84.90    85.18       5.89
Time to solution 0.1698s, assuming true minimum is -918
