N=8
Mode: 1
Seed: 571
Search strategy: 0
Initialising random weight matrix with 502 working nodes
502 working nodes out of 512
States are 0,1
Weight-choosing mode: 5
Min time to run: 0.5s
Max time to run: 1e+10s
Solutions are independent
           1       -944          0     0.00     0.00       -nan
           2       -960          0     0.00     0.00       -nan
           6       -964          0     0.00     0.00       -nan
          90       -966          0     0.00     0.02       -nan
         114       -970          0     0.00     0.02       -nan
         201       -976          0     0.00     0.02       -nan
        3987       -978          0     0.00     0.35       -nan
       19296       -980          0     0.00     1.65       -nan
       77784       -980          5     5.00     6.65          1
      132867       -980          9    10.00    11.65        0.9
      187740       -980         10    15.00    16.65      0.667
      243485       -980         13    20.00    21.65       0.65
      302004       -980         19    25.00    26.65       0.76
      359292       -980         23    30.00    31.65      0.767
      417058       -980         25    35.00    36.65      0.714
      475271       -980         29    40.00    41.65      0.725
      532163       -980         36    45.00    46.65        0.8
      590097       -980         42    50.00    51.65       0.84
      648404       -980         42    55.17    56.82      0.761
      713407       -980         45    60.86    62.51      0.739
      784490       -980         46    67.12    68.77      0.685
      862011       -980         49    74.00    75.65      0.662
      949309       -980         56    81.57    83.22      0.687
     1044569       -980         62    89.90    91.55       0.69
     1150528       -980         70    99.06   100.71      0.707
     1263450       -980         80   109.14   110.79      0.733
     1391981       -980         92   120.22   121.87      0.765
     1529280       -980        105   132.41   134.06      0.793
     1683697       -980        115   145.82   147.47      0.789
     1853114       -980        127   160.57   162.22      0.791
     2038218       -980        141   176.80   178.45      0.798
     2241684       -980        153   194.65   196.30      0.786
     2468004       -980        166   214.29   215.94      0.775
     2714565       -980        184   235.89   237.54       0.78
     2991066       -980        207   259.65   261.30      0.797
     3288020       -980        228   285.79   287.44      0.798
     3614460       -980        253   314.54   316.19      0.804
     3980383       -980        280   346.16   347.81      0.809
     4375383       -980        308   380.95   382.60      0.809
     4815064       -980        340   419.22   420.87      0.811
     5296326       -980        372   461.31   462.96      0.806
     5825005       -980        403   507.61   509.26      0.794
     6406909       -980        447   558.54   560.19        0.8
     7047866       -980        489   614.56   616.21      0.796
     7204967       -980        500   628.14   629.79      0.796
Time to solution 1.25628s, assuming true minimum is -980
