N=8
Mode: 1
Seed: 572
Search strategy: 0
Initialising random weight matrix with 502 working nodes
502 working nodes out of 512
States are 0,1
Weight-choosing mode: 5
Min time to run: 0.5s
Max time to run: 1e+10s
Solutions are independent
           1       -880          0     0.00     0.00       -nan
           4       -882          0     0.00     0.00       -nan
           5       -886          0     0.00     0.00       -nan
          28       -894          0     0.00     0.00       -nan
          34       -904          0     0.00     0.01       -nan
         551       -910          0     0.00     0.06       -nan
        1128       -912          0     0.00     0.11       -nan
        5570       -914          0     0.00     0.49       -nan
       60336       -914         13     5.00     5.49        2.6
      114262       -914         30    10.00    10.49          3
      169429       -914         46    15.00    15.49       3.07
      224614       -914         60    20.01    20.50          3
      279811       -914         70    25.01    25.50        2.8
      334995       -914         83    30.01    30.50       2.77
      388450       -914         91    35.01    35.50        2.6
      443666       -914        104    40.01    40.50        2.6
      499010       -914        119    45.01    45.50       2.64
      554231       -914        135    50.01    50.50        2.7
      609395       -914        154    55.07    55.56        2.8
      670882       -914        172    60.63    61.12       2.84
      739215       -914        190    66.75    67.24       2.85
      811901       -914        204    73.48    73.97       2.78
      891947       -914        218    80.88    81.37        2.7
      981946       -914        236    89.02    89.51       2.65
     1081020       -914        263    97.98    98.47       2.68
     1186936       -914        291   107.83   108.32        2.7
     1304908       -914        321   118.67   119.16        2.7
     1434942       -914        359   130.59   131.08       2.75
     1580324       -914        401   143.70   144.19       2.79
     1738522       -914        439   158.12   158.61       2.78
     1912419       -914        484   173.99   174.48       2.78
     1956449       -914        500   177.97   178.46       2.81
Time to solution 0.35594s, assuming true minimum is -914
