N=8
Mode: 1
Seed: 574
Search strategy: 0
Initialising random weight matrix with 502 working nodes
502 working nodes out of 512
States are 0,1
Weight-choosing mode: 5
Min time to run: 0.5s
Max time to run: 1e+10s
Solutions are independent
           1       -914          0     0.00     0.00       -nan
           2       -934          0     0.00     0.00       -nan
         308       -936          0     0.00     0.03       -nan
        1217       -938          0     0.00     0.11       -nan
        1923       -940          0     0.00     0.17       -nan
       24766       -942          0     0.00     2.16       -nan
       82515       -942         30     5.00     7.16          6
      141906       -942         55    10.00    12.16        5.5
      201214       -942         92    15.00    17.16       6.13
      260077       -942        124    20.00    22.16        6.2
      319668       -942        149    25.00    27.16       5.96
      378315       -942        185    30.00    32.16       6.17
      438946       -942        213    35.00    37.16       6.09
      497479       -942        235    40.00    42.16       5.88
      557048       -942        274    45.00    47.16       6.09
      615956       -942        306    50.00    52.16       6.12
      677890       -942        350    55.22    57.38       6.34
      745508       -942        390    60.96    63.12        6.4
      821656       -942        423    67.28    69.44       6.29
      905299       -942        462    74.23    76.39       6.22
      991322       -942        500    81.54    83.70       6.13
Time to solution 0.16308s, assuming true minimum is -942
