N=8
Mode: 1
Seed: 575
Search strategy: 0
Initialising random weight matrix with 502 working nodes
502 working nodes out of 512
States are 0,1
Weight-choosing mode: 5
Min time to run: 0.5s
Max time to run: 1e+10s
Solutions are independent
           1       -870          0     0.00     0.00       -nan
           5       -876          0     0.00     0.00       -nan
          25       -884          0     0.00     0.00       -nan
         248       -888          0     0.00     0.02       -nan
         272       -890          0     0.00     0.03       -nan
         507       -894          0     0.00     0.05       -nan
        1560       -896          0     0.00     0.16       -nan
       57319       -896         16     5.00     5.16        3.2
      112003       -896         41    10.00    10.16        4.1
      167413       -896         57    15.00    15.16        3.8
      222842       -896         72    20.00    20.16        3.6
      278734       -896         85    25.00    25.16        3.4
      334731       -896        105    30.00    30.16        3.5
      391313       -896        129    35.00    35.16       3.69
      447007       -896        146    40.00    40.16       3.65
      502827       -896        161    45.00    45.16       3.58
      558389       -896        175    50.00    50.16        3.5
      613455       -896        195    55.02    55.18       3.54
      675741       -896        219    60.54    60.70       3.62
      745063       -896        239    66.62    66.78       3.59
      821232       -896        261    73.30    73.46       3.56
      902473       -896        288    80.65    80.81       3.57
      992997       -896        320    88.74    88.90       3.61
     1092577       -896        356    97.64    97.80       3.65
     1200762       -896        384   107.43   107.59       3.57
     1319597       -896        423   118.19   118.35       3.58
     1452322       -896        460   130.03   130.19       3.54
     1589814       -896        500   142.38   142.54       3.51
Time to solution 0.28476s, assuming true minimum is -896
