N=8
Mode: 1
Seed: 576
Search strategy: 0
Initialising random weight matrix with 502 working nodes
502 working nodes out of 512
States are 0,1
Weight-choosing mode: 5
Min time to run: 0.5s
Max time to run: 1e+10s
Solutions are independent
           1       -964          0     0.00     0.00       -nan
           2       -968          0     0.00     0.00       -nan
           3       -982          0     0.00     0.00       -nan
          89       -986          0     0.00     0.01       -nan
         355       -988          0     0.00     0.04       -nan
         632       -990          0     0.00     0.06       -nan
       10738       -992          0     0.00     1.04       -nan
       61546       -992         13     5.00     6.04        2.6
      112404       -992         26    10.00    11.04        2.6
      163789       -992         41    15.00    16.04       2.73
      215181       -992         58    20.00    21.04        2.9
      266380       -992         72    25.00    26.04       2.88
      317113       -992         83    30.00    31.04       2.77
      367588       -992         94    35.00    36.04       2.69
      418230       -992        106    40.00    41.04       2.65
      467911       -992        113    45.00    46.04       2.51
      518676       -992        125    50.00    51.04        2.5
      568572       -992        133    55.11    56.15       2.41
      626099       -992        148    60.73    61.77       2.44
      689033       -992        161    66.91    67.95       2.41
      758803       -992        182    73.71    74.75       2.47
      835140       -992        206    81.19    82.23       2.54
      919511       -992        227    89.42    90.46       2.54
     1011071       -992        250    98.47    99.51       2.54
     1112710       -992        276   108.43   109.47       2.55
     1221612       -992        297   119.38   120.42       2.49
     1342163       -992        327   131.43   132.47       2.49
     1478649       -992        372   144.68   145.72       2.57
     1625878       -992        411   159.26   160.30       2.58
     1789858       -992        461   175.30   176.34       2.63
     1925776       -992        500   188.73   189.77       2.65
Time to solution 0.37746s, assuming true minimum is -992
