N=8
Mode: 1
Seed: 58
Search strategy: 0
Initialising random weight matrix with 502 working nodes
502 working nodes out of 512
States are 0,1
Weight-choosing mode: 5
Min time to run: 1000s
Max time to run: 10000s
Groundtruth: -964
           1       -944          1     0.00
          10       -950          1     0.00
          61       -952          1     0.01
        2393       -954          1     0.45
        2770       -958          1     0.52
       29110       -958          3     5.52
       55515       -958          3    10.52
       81894       -958          4    15.52
      108292       -958          4    20.52
      134632       -958          5    25.52
      161081       -958          8    30.52
      187474       -958          8    35.52
      213862       -958          9    40.52
      240312       -958         10    45.52
      266691       -958         12    50.52
      293410       -958         14    55.58
      322811       -958         14    61.14
      329625       -960          1    62.43
      362668       -960          2    68.68
      398948       -960          2    75.55
      438817       -960          3    83.11
      482693       -960          5    91.43
      531004       -960          6   100.58
      584230       -960          7   110.64
      642662       -960          7   121.71
      706977       -960          7   133.89
      777745       -960          8   147.28
      852107       -962          1   161.36
      937233       -962          1   177.50
     1030975       -962          1   195.26
     1134171       -962          1   214.79
     1247484       -962          1   236.27
     1372270       -962          2   259.90
     1509400       -962          2   285.89
     1660375       -962          2   314.48
     1826376       -962          2   345.93
     2009090       -962          2   380.53
     2210250       -962          2   418.59
     2431420       -962          2   460.45
     2674609       -962          2   506.50
     2942125       -962          3   557.16
     3236440       -962          3   612.88
     3560318       -962          4   674.17
     3916599       -962          5   741.59
     4308326       -962          6   815.75
     4738620       -962          6   897.33
     5212200       -962          7   987.07
     5733595       -962          7  1085.78
     6306691       -962          8  1194.36
     6937108       -962          8  1313.80
     7630605       -962         11  1445.18
     7713082       -964          1  1460.82
     8484270       -964          1  1606.91
     9332513       -964          1  1767.61
    10265738       -964          2  1944.38
    11292373       -964          2  2138.82
    12422223       -964          2  2352.71
    13664313       -964          2  2587.99
    15030876       -964          2  2846.79
    16533918       -964          2  3131.47
    18184714       -964          2  3444.62
    20003354       -964          2  3789.09
    22003852       -964          2  4168.00
    24204427       -964          2  4584.80
    26625055       -964          2  5043.29
    29288509       -964          2  5547.62
    32213188       -964          2  6102.39
    35435123       -964          3  6712.63
    38978953       -964          3  7383.90
    42876692       -964          3  8122.29
    47166709       -964          3  8934.52
    51884010       -964          3  9827.98
    52792445       -964          3 10000.00
Time to solution 3333.33s, assuming true minimum is -964
