N=8
Mode: 1
Seed: 584
Search strategy: 0
Initialising random weight matrix with 502 working nodes
502 working nodes out of 512
States are 0,1
Weight-choosing mode: 5
Min time to run: 0.5s
Max time to run: 1e+10s
Solutions are independent
           1       -858          0     0.00     0.00       -nan
          21       -862          0     0.00     0.00       -nan
          41       -868          0     0.00     0.00       -nan
         135       -870          0     0.00     0.02       -nan
         205       -872          0     0.00     0.02       -nan
        1287       -874          0     0.00     0.11       -nan
       12149       -876          0     0.00     1.06       -nan
       70690       -876          6     5.01     6.07        1.2
      128702       -876         12    10.01    11.07        1.2
      186271       -876         15    15.01    16.07      0.999
      242988       -876         20    20.01    21.07          1
      300223       -876         25    25.01    26.07          1
      357493       -876         33    30.01    31.07        1.1
      414456       -876         40    35.01    36.07       1.14
      473603       -876         45    40.01    41.07       1.12
      531854       -876         48    45.01    46.07       1.07
      590380       -876         54    50.01    51.07       1.08
      649844       -876         57    55.12    56.18       1.03
      715658       -876         68    60.74    61.80       1.12
      786599       -876         74    66.92    67.98       1.11
      868086       -876         82    73.72    74.78       1.11
      954084       -876         90    81.20    82.26       1.11
     1049356       -876        100    89.43    90.49       1.12
     1155680       -876        116    98.48    99.54       1.18
     1272059       -876        125   108.44   109.50       1.15
     1398032       -876        142   119.39   120.45       1.19
     1537345       -876        163   131.44   132.50       1.24
     1693797       -876        180   144.69   145.75       1.24
     1864827       -876        196   159.27   160.33       1.23
     2050308       -876        219   175.31   176.37       1.25
     2254168       -876        247   192.95   194.01       1.28
     2478303       -876        275   212.36   213.42       1.29
     2730212       -876        300   233.71   234.77       1.28
     3002671       -876        326   257.19   258.25       1.27
     3303396       -876        358   283.02   284.08       1.26
     3634279       -876        400   311.43   312.49       1.28
     3997397       -876        448   342.68   343.74       1.31
     4395398       -876        483   377.06   378.12       1.28
     4499653       -876        500   385.91   386.97        1.3
Time to solution 0.77182s, assuming true minimum is -876
