N=8
Mode: 1
Seed: 585
Search strategy: 0
Initialising random weight matrix with 502 working nodes
502 working nodes out of 512
States are 0,1
Weight-choosing mode: 5
Min time to run: 0.5s
Max time to run: 1e+10s
Solutions are independent
           1       -940          0     0.00     0.00       -nan
           5       -944          0     0.00     0.00       -nan
           6       -954          0     0.00     0.00       -nan
          14       -958          0     0.00     0.00       -nan
          76       -962          0     0.00     0.01       -nan
        3781       -966          0     0.00     0.33       -nan
       58396       -966         13     5.00     5.33        2.6
      112408       -966         25    10.00    10.33        2.5
      167947       -966         39    15.00    15.33        2.6
      222460       -966         51    20.00    20.33       2.55
      274653       -966         55    25.00    25.33        2.2
      328943       -966         70    30.00    30.33       2.33
      383885       -966         77    35.00    35.33        2.2
      436970       -966         89    40.00    40.33       2.23
      491952       -966         99    45.00    45.33        2.2
      544547       -966        104    50.00    50.33       2.08
      596322       -966        110    55.04    55.37          2
      657090       -966        128    60.58    60.91       2.11
      721577       -966        143    66.68    67.01       2.14
      793250       -966        153    73.39    73.72       2.08
      872134       -966        160    80.77    81.10       1.98
      958261       -966        176    88.89    89.22       1.98
     1053664       -966        195    97.82    98.15       1.99
     1158818       -966        216   107.64   107.97       2.01
     1272937       -966        229   118.44   118.77       1.93
     1400653       -966        251   130.32   130.65       1.93
     1540715       -966        279   143.39   143.72       1.95
     1696518       -966        307   157.77   158.10       1.95
     1864841       -966        334   173.58   173.91       1.92
     2052415       -966        373   190.98   191.31       1.95
     2258596       -966        409   210.12   210.45       1.95
     2489120       -966        452   231.17   231.50       1.96
     2703002       -966        500   250.92   251.25       1.99
Time to solution 0.50184s, assuming true minimum is -966
