N=8
Mode: 1
Seed: 59
Search strategy: 0
Initialising random weight matrix with 502 working nodes
502 working nodes out of 512
States are 0,1
Weight-choosing mode: 5
Min time to run: 1000s
Max time to run: 50000s
Groundtruth: -922
           1       -862          1     0.00
           2       -874          1     0.00
           3       -880          1     0.00
           5       -894          1     0.00
          17       -898          1     0.00
          40       -906          1     0.00
         244       -908          1     0.04
        2083       -912          1     0.38
        9616       -916          1     1.73
       37385       -916          1     6.73
       65215       -916          3    11.73
       92986       -916          3    16.73
      120747       -916          4    21.73
      148593       -916          4    26.73
      176438       -916          4    31.73
      204367       -916          4    36.74
      232157       -916          5    41.74
      259968       -916          5    46.74
      287805       -916          5    51.74
      316683       -916          5    56.92
      348372       -916          5    62.62
      383301       -916          7    68.89
      421633       -916          7    75.78
      463807       -916          8    83.36
      510317       -916          8    91.70
      561392       -916          8   100.87
      570772       -918          1   102.55
      627876       -918          1   112.81
      690630       -918          2   124.10
      759687       -918          2   136.51
      835748       -918          2   150.17
      919278       -918          3   165.19
     1011157       -918          4   181.71
     1112481       -918          4   199.89
     1223660       -918          5   219.88
     1346036       -918          5   241.87
     1480593       -918          6   266.06
     1628621       -918          6   292.67
     1791335       -918          6   321.94
     1970444       -918          7   354.14
     2167477       -918          7   389.56
     2384145       -918          7   428.52
     2622622       -918          7   471.38
     2884866       -918          7   518.52
     3173671       -918          7   570.38
     3491003       -918          9   627.42
     3508007       -920          1   630.47
     3858514       -920          1   693.52
     4244565       -920          1   762.88
     4669009       -920          1   839.17
     5135824       -920          1   923.09
     5649378       -920          1  1015.40
     6214588       -920          1  1116.94
     6835990       -920          1  1228.64
     7519270       -920          1  1351.51
     8268937       -920          2  1486.67
     9096116       -920          2  1635.34
    10006254       -920          2  1798.88
    11007412       -920          2  1978.77
    12108637       -920          2  2176.65
    13319262       -920          3  2394.32
    14651683       -920          3  2633.76
    16115573       -920          3  2897.14
    17725921       -920          3  3186.86
    19493547       -920          4  3505.55
    21443182       -920          5  3856.11
    23585988       -920          5  4241.73
    25944057       -920          6  4665.91
    28539855       -920          7  5132.51
    31395236       -920          8  5645.77
    34536386       -920          9  6210.35
    37992291       -920         11  6831.39
    41789262       -920         11  7514.53
    45969528       -920         11  8265.99
    50566592       -920         15  9092.59
    55624114       -920         16 10001.85
    61187217       -920         16 11002.04
    67307297       -920         17 12102.25
    74039743       -920         18 13312.48
    81444240       -920         20 14643.73
    89589455       -920         25 16108.11
    98550835       -920         27 17718.93
   108407736       -920         28 19490.83
   119252050       -920         29 21439.92
   131174940       -920         31 23583.92
   144292059       -920         32 25942.32
   158719603       -920         33 28536.56
   174593505       -920         41 31390.22
   192055807       -920         47 34529.25
   211263732       -920         52 37982.18
   224890149       -922          1 40433.18
   247378177       -922          1 44476.50
   272117058       -922          1 48924.15
   278100763       -922          1 50000.00
Time to solution 50000s, assuming true minimum is -922
