N=8
Mode: 1
Seed: 593
Search strategy: 0
Initialising random weight matrix with 502 working nodes
502 working nodes out of 512
States are 0,1
Weight-choosing mode: 5
Min time to run: 0.5s
Max time to run: 1e+10s
Solutions are independent
           1      -1002          0     0.00     0.00       -nan
          11      -1012          0     0.00     0.00       -nan
          13      -1024          0     0.00     0.00       -nan
          56      -1030          0     0.00     0.00       -nan
         579      -1032          0     0.00     0.06       -nan
        1113      -1034          0     0.00     0.10       -nan
        2557      -1036          0     0.00     0.22       -nan
        6217      -1038          0     0.00     0.58       -nan
       62394      -1038          4     5.00     5.58        0.8
      118069      -1038          9    10.00    10.58        0.9
      173874      -1038         18    15.00    15.58        1.2
      228690      -1038         22    20.00    20.58        1.1
      282994      -1038         24    25.00    25.58       0.96
      338198      -1038         27    30.00    30.58        0.9
      391423      -1038         29    35.00    35.58      0.829
      445637      -1038         31    40.00    40.58      0.775
      499710      -1038         32    45.00    45.58      0.711
      554460      -1038         33    50.00    50.58       0.66
      610268      -1038         38    55.06    55.64       0.69
      672173      -1038         43    60.63    61.21      0.709
      739275      -1038         46    66.76    67.34      0.689
      814624      -1038         48    73.50    74.08      0.653
      896660      -1038         53    80.91    81.49      0.655
      984399      -1038         59    89.06    89.64      0.662
     1084871      -1038         63    98.03    98.61      0.643
     1196115      -1038         73   107.90   108.48      0.677
     1314494      -1038         78   118.75   119.33      0.657
     1445635      -1038         84   130.69   131.27      0.643
     1587796      -1038         90   143.82   144.40      0.626
     1744274      -1038         96   158.27   158.85      0.607
     1915707      -1038        101   174.16   174.74       0.58
     2106975      -1038        110   191.64   192.22      0.574
     2313854      -1038        121   210.87   211.45      0.574
     2545878      -1038        132   232.02   232.60      0.569
     2800968      -1038        144   255.28   255.86      0.564
     3078352      -1038        152   280.87   281.45      0.541
     3384125      -1038        160   309.02   309.60      0.518
     3722944      -1038        179   339.99   340.57      0.526
     4093553      -1038        196   374.05   374.63      0.524
     4505871      -1038        229   411.52   412.10      0.556
     4960332      -1038        255   452.74   453.32      0.563
     5454397      -1038        272   498.08   498.66      0.546
     5998741      -1038        300   547.95   548.53      0.547
     6598830      -1038        331   602.81   603.39      0.549
     7262134      -1038        362   663.15   663.73      0.546
     7988663      -1038        403   729.53   730.11      0.552
     8784515      -1038        446   802.55   803.13      0.556
     9666572      -1038        495   882.87   883.45      0.561
     9741824      -1038        500   889.77   890.35      0.562
Time to solution 1.77954s, assuming true minimum is -1038
