N=8
Mode: 1
Seed: 594
Search strategy: 0
Initialising random weight matrix with 502 working nodes
502 working nodes out of 512
States are 0,1
Weight-choosing mode: 5
Min time to run: 0.5s
Max time to run: 1e+10s
Solutions are independent
           1       -848          0     0.00     0.00       -nan
           2       -850          0     0.00     0.00       -nan
           3       -864          0     0.00     0.00       -nan
           4       -866          0     0.00     0.00       -nan
          14       -868          0     0.00     0.00       -nan
          41       -872          0     0.00     0.01       -nan
         368       -874          0     0.00     0.05       -nan
         390       -876          0     0.00     0.05       -nan
        7371       -878          0     0.00     0.78       -nan
       55801       -878         18     5.00     5.78        3.6
      104271       -878         34    10.01    10.79        3.4
      152954       -878         53    15.01    15.79       3.53
      201550       -878         68    20.01    20.79        3.4
      250689       -878         93    25.01    25.79       3.72
      298866       -878        119    30.01    30.79       3.97
      346966       -878        138    35.01    35.79       3.94
      396747       -878        162    40.01    40.79       4.05
      445886       -878        181    45.01    45.79       4.02
      493223       -878        211    50.01    50.79       4.22
      542579       -878        239    55.09    55.87       4.34
      596905       -878        257    60.68    61.46       4.24
      657180       -878        286    66.83    67.61       4.28
      721830       -878        310    73.60    74.38       4.21
      793797       -878        341    81.04    81.82       4.21
      876218       -878        375    89.23    90.01        4.2
      964628       -878        410    98.24    99.02       4.17
     1062695       -878        450   108.15   108.93       4.16
     1168696       -878        494   119.05   119.83       4.15
     1182678       -878        500   120.56   121.34       4.15
Time to solution 0.24112s, assuming true minimum is -878
