N=8
Mode: 1
Seed: 599
Search strategy: 0
Initialising random weight matrix with 502 working nodes
502 working nodes out of 512
States are 0,1
Weight-choosing mode: 5
Min time to run: 0.5s
Max time to run: 1e+10s
Solutions are independent
           1       -974          0     0.00     0.00       -nan
           2       -982          0     0.00     0.00       -nan
         112       -984          0     0.00     0.01       -nan
         281       -986          0     0.00     0.03       -nan
         376       -988          0     0.00     0.04       -nan
         472       -994          0     0.00     0.05       -nan
       56572       -994         23     5.00     5.05        4.6
      114497       -994         40    10.00    10.05          4
      170937       -994         62    15.00    15.05       4.13
      228560       -994         77    20.00    20.05       3.85
      284817       -994        102    25.00    25.05       4.08
      340983       -994        136    30.00    30.05       4.53
      397262       -994        157    35.00    35.05       4.49
      453418       -994        186    40.00    40.05       4.65
      508483       -994        205    45.00    45.05       4.56
      564747       -994        227    50.00    50.05       4.54
      619988       -994        244    55.01    55.06       4.44
      681143       -994        274    60.52    60.57       4.53
      749283       -994        292    66.58    66.63       4.39
      825727       -994        326    73.25    73.30       4.45
      909442       -994        360    80.59    80.64       4.47
      999889       -994        398    88.66    88.71       4.49
     1098936       -994        434    97.54    97.59       4.45
     1209057       -994        480   107.30   107.35       4.47
     1261657       -994        500   112.00   112.05       4.46
Time to solution 0.224s, assuming true minimum is -994
