N=8
Mode: 1
Seed: 607
Search strategy: 0
Initialising random weight matrix with 502 working nodes
502 working nodes out of 512
States are 0,1
Weight-choosing mode: 5
Min time to run: 0.5s
Max time to run: 1e+10s
Solutions are independent
           1       -926          0     0.00     0.00       -nan
           2       -930          0     0.00     0.00       -nan
           3       -940          0     0.00     0.00       -nan
           5       -946          0     0.00     0.00       -nan
         463       -948          0     0.00     0.04       -nan
        1760       -950          0     0.00     0.19       -nan
       30368       -952          0     0.00     2.91       -nan
       82848       -952          3     5.00     7.91        0.6
      136502       -952         12    10.00    12.91        1.2
      189423       -952         17    15.00    17.91       1.13
      242719       -952         22    20.00    22.91        1.1
      294933       -952         26    25.00    27.91       1.04
      346449       -952         33    30.00    32.91        1.1
      398412       -952         37    35.00    37.91       1.06
      453203       -952         43    40.00    42.91       1.07
      506143       -952         47    45.00    47.91       1.04
      559775       -952         52    50.00    52.91       1.04
      614137       -952         57    55.30    58.21       1.03
      675154       -952         65    61.13    64.04       1.06
      742791       -952         73    67.54    70.45       1.08
      818048       -952         82    74.59    77.50        1.1
      899397       -952         93    82.34    85.25       1.13
      990019       -952        101    90.87    93.78       1.11
     1088017       -952        108   100.25   103.16       1.08
     1197434       -952        116   110.57   113.48       1.05
     1318607       -952        132   121.92   124.83       1.08
     1451884       -952        155   134.41   137.32       1.15
     1599722       -952        175   148.15   151.06       1.18
     1757672       -952        190   163.26   166.17       1.16
     1930388       -952        208   179.88   182.79       1.16
     2126544       -952        232   198.16   201.07       1.17
     2336437       -952        247   218.27   221.18       1.13
     2567354       -952        261   240.39   243.30       1.09
     2822932       -952        287   264.73   267.64       1.08
     3101736       -952        315   291.50   294.41       1.08
     3408545       -952        338   320.95   323.86       1.05
     3750735       -952        367   353.34   356.25       1.04
     4130299       -952        411   388.97   391.88       1.06
     4543803       -952        449   428.16   431.07       1.05
     4929153       -952        500   464.22   467.13       1.08
Time to solution 0.92844s, assuming true minimum is -952
