N=8
Mode: 1
Seed: 61
Search strategy: 0
Initialising random weight matrix with 502 working nodes
502 working nodes out of 512
States are 0,1
Weight-choosing mode: 5
Min time to run: 1000s
Max time to run: 10000s
Groundtruth: -942
           1       -886          1     0.00
           2       -888          1     0.00
           4       -892          1     0.00
           5       -894          1     0.00
           6       -922          1     0.00
         191       -930          1     0.03
         315       -934          1     0.06
       28183       -934          3     5.06
       56039       -934          6    10.06
       83856       -934          9    15.06
       85052       -936          1    15.27
      112858       -936          2    20.27
      140719       -936          3    25.27
      168511       -936          4    30.27
      196412       -936          4    35.27
      197195       -938          1    35.41
      224982       -938          1    40.41
      252842       -938          2    45.41
      280701       -938          2    50.41
      308823       -938          2    55.46
      339728       -938          2    61.01
      369940       -940          1    66.44
      406911       -940          1    73.09
      447642       -940          1    80.40
      492492       -940          1    88.45
      541786       -940          1    97.30
      595891       -940          1   107.03
      655569       -940          2   117.74
      721206       -940          2   129.52
      793297       -940          3   142.48
      872695       -940          4   156.73
      959858       -940          4   172.41
     1055906       -940          5   189.66
     1161532       -940          6   208.63
     1277794       -940          6   229.50
     1405680       -940          6   252.46
     1546230       -940          6   277.71
     1700472       -940          6   305.49
     1870494       -940          6   336.04
     2057673       -940          7   369.65
     2263586       -940          7   406.62
     2490009       -940          8   447.29
     2739200       -940         10   492.02
     3013085       -940         10   541.23
     3313883       -940         13   595.36
     3645365       -940         13   654.90
     4009727       -940         14   720.39
     4410718       -940         15   792.43
     4852068       -940         15   871.68
     5337091       -940         15   958.85
     5870671       -940         15  1054.74
     6457684       -940         17  1160.22
     6739877       -942          1  1210.93
     7413986       -942          1  1332.03
     8155829       -942          1  1465.24
     8971355       -942          1  1611.77
     9868442       -942          2  1772.95
    10855586       -942          2  1950.25
    11941410       -942          2  2145.28
    13136305       -942          2  2359.81
    14449626       -942          3  2595.80
    15894914       -942          3  2855.39
    17484750       -942          3  3140.93
    19233450       -942          3  3455.03
    21156314       -942          3  3800.54
    23272266       -942          5  4180.60
    25600391       -942          5  4598.67
    28160694       -942          5  5058.54
    30977038       -942          6  5564.40
    34075180       -942          6  6120.84
    37481938       -942          9  6732.93
    41230138       -942          9  7406.23
    42516363       -942         10  7637.27
Time to solution 763.727s, assuming true minimum is -942
