N=8
Mode: 1
Seed: 611
Search strategy: 0
Initialising random weight matrix with 502 working nodes
502 working nodes out of 512
States are 0,1
Weight-choosing mode: 5
Min time to run: 0.5s
Max time to run: 1e+10s
Solutions are independent
           1       -942          0     0.00     0.00       -nan
           2       -946          0     0.00     0.00       -nan
          13       -948          0     0.00     0.00       -nan
          15       -954          0     0.00     0.00       -nan
         124       -958          0     0.00     0.01       -nan
         126       -960          0     0.00     0.01       -nan
         270       -964          0     0.00     0.03       -nan
         291       -966          0     0.00     0.03       -nan
         518       -968          0     0.00     0.05       -nan
       61857       -968         34     5.00     5.05        6.8
      124526       -968         72    10.00    10.05        7.2
      185827       -968        115    15.00    15.05       7.67
      247856       -968        154    20.00    20.05        7.7
      310112       -968        184    25.00    25.05       7.36
      372311       -968        226    30.00    30.05       7.53
      433672       -968        266    35.00    35.05        7.6
      495869       -968        302    40.00    40.05       7.55
      558655       -968        335    45.00    45.05       7.44
      620086       -968        370    50.00    50.05        7.4
      682287       -968        414    55.01    55.06       7.53
      750322       -968        453    60.52    60.57       7.49
      812090       -968        500    65.52    65.57       7.63
Time to solution 0.13104s, assuming true minimum is -968
