N=8
Mode: 1
Seed: 612
Search strategy: 0
Initialising random weight matrix with 502 working nodes
502 working nodes out of 512
States are 0,1
Weight-choosing mode: 5
Min time to run: 0.5s
Max time to run: 1e+10s
Solutions are independent
           1       -924          0     0.00     0.00       -nan
           2       -948          0     0.00     0.00       -nan
           5       -950          0     0.00     0.00       -nan
           9       -954          0     0.00     0.00       -nan
          10       -960          0     0.00     0.00       -nan
         306       -962          0     0.00     0.03       -nan
         629       -964          0     0.00     0.06       -nan
        3142       -966          0     0.00     0.30       -nan
       14787       -968          0     0.00     1.44       -nan
       66067       -968         11     5.00     6.44        2.2
      118881       -968         23    10.01    11.45        2.3
      172707       -968         32    15.01    16.45       2.13
      223853       -968         35    20.01    21.45       1.75
      276203       -968         43    25.01    26.45       1.72
      329357       -968         53    30.01    31.45       1.77
      382021       -968         58    35.01    36.45       1.66
      431620       -968         63    40.01    41.45       1.57
      483483       -968         69    45.01    46.45       1.53
      536120       -968         75    50.01    51.45        1.5
      589538       -968         80    55.16    56.60       1.45
      649540       -968         88    60.83    62.27       1.45
      714316       -968         98    67.06    68.50       1.46
      786157       -968        107    73.92    75.36       1.45
      865280       -968        123    81.46    82.90       1.51
      951025       -968        134    89.76    91.20       1.49
     1046457       -968        150    98.89   100.33       1.52
     1154167       -968        167   108.93   110.37       1.53
     1267994       -968        183   119.97   121.41       1.53
     1394827       -968        196   132.12   133.56       1.48
     1532322       -968        213   145.48   146.92       1.46
     1682855       -968        233   160.18   161.62       1.45
     1848498       -968        255   176.35   177.79       1.45
     2033865       -968        283   194.13   195.57       1.46
     2233799       -968        301   213.69   215.13       1.41
     2456891       -968        336   235.21   236.65       1.43
     2706384       -968        383   258.88   260.32       1.48
     2975484       -968        413   284.92   286.36       1.45
     3276506       -968        448   313.56   315.00       1.43
     3600321       -968        484   345.06   346.50        1.4
     3699581       -968        500   354.58   356.02       1.41
Time to solution 0.70916s, assuming true minimum is -968
