N=8
Mode: 1
Seed: 617
Search strategy: 0
Initialising random weight matrix with 502 working nodes
502 working nodes out of 512
States are 0,1
Weight-choosing mode: 5
Min time to run: 0.5s
Max time to run: 1e+10s
Solutions are independent
           1       -908          0     0.00     0.00       -nan
           2       -912          0     0.00     0.00       -nan
           3       -918          0     0.00     0.00       -nan
           4       -928          0     0.00     0.00       -nan
           6       -932          0     0.00     0.00       -nan
          11       -936          0     0.00     0.00       -nan
         231       -938          0     0.00     0.02       -nan
         242       -942          0     0.00     0.02       -nan
         319       -944          0     0.00     0.03       -nan
        3872       -946          0     0.00     0.37       -nan
        7049       -948          0     0.00     0.66       -nan
       60945       -948         20     5.00     5.66          4
      114785       -948         37    10.00    10.66        3.7
      166643       -948         52    15.00    15.66       3.47
      218962       -948         62    20.00    20.66        3.1
      272337       -948         77    25.00    25.66       3.08
      324752       -948         93    30.00    30.66        3.1
      378991       -948        115    35.00    35.66       3.29
      432819       -948        134    40.00    40.66       3.35
      483763       -948        146    45.00    45.66       3.24
      536675       -948        170    50.00    50.66        3.4
      591615       -948        192    55.07    55.73       3.49
      650641       -948        212    60.65    61.31        3.5
      716154       -948        234    66.79    67.45        3.5
      787043       -948        254    73.54    74.20       3.45
      866166       -948        278    80.96    81.62       3.43
      953758       -948        304    89.13    89.79       3.41
     1050039       -948        341    98.11    98.77       3.48
     1156030       -948        377   107.99   108.65       3.49
     1271009       -948        409   118.86   119.52       3.44
     1398434       -948        449   130.82   131.48       3.43
     1535802       -948        489   143.97   144.63        3.4
     1559844       -948        500   146.20   146.86       3.42
Time to solution 0.2924s, assuming true minimum is -948
