N=8
Mode: 1
Seed: 621
Search strategy: 0
Initialising random weight matrix with 502 working nodes
502 working nodes out of 512
States are 0,1
Weight-choosing mode: 5
Min time to run: 0.5s
Max time to run: 1e+10s
Solutions are independent
           1       -974          0     0.00     0.00       -nan
           3       -992          0     0.00     0.00       -nan
         176       -994          0     0.00     0.02       -nan
         241       -998          0     0.00     0.02       -nan
         280      -1000          0     0.00     0.03       -nan
         553      -1002          0     0.00     0.06       -nan
        2387      -1006          0     0.00     0.20       -nan
       59959      -1006          8     5.00     5.20        1.6
      118644      -1006         14    10.00    10.20        1.4
      178667      -1006         22    15.00    15.20       1.47
      238506      -1006         35    20.00    20.20       1.75
      296227      -1006         43    25.00    25.20       1.72
      354900      -1006         53    30.00    30.20       1.77
      412641      -1006         62    35.00    35.20       1.77
      473406      -1006         74    40.00    40.20       1.85
      532932      -1006         88    45.00    45.20       1.96
      592181      -1006         95    50.00    50.20        1.9
      650812      -1006        102    55.03    55.23       1.85
      716301      -1006        117    60.56    60.76       1.93
      789193      -1006        130    66.64    66.84       1.95
      867171      -1006        139    73.33    73.53        1.9
      955160      -1006        152    80.69    80.89       1.88
     1050914      -1006        168    88.78    88.98       1.89
     1156981      -1006        184    97.68    97.88       1.88
     1272101      -1006        202   107.47   107.67       1.88
     1398329      -1006        220   118.24   118.44       1.86
     1536573      -1006        236   130.09   130.29       1.81
     1690307      -1006        262   143.12   143.32       1.83
     1858359      -1006        279   157.46   157.66       1.77
     2045387      -1006        306   173.23   173.43       1.77
     2249241      -1006        344   190.58   190.78       1.81
     2475800      -1006        379   209.66   209.86       1.81
     2726931      -1006        416   230.65   230.85        1.8
     2999691      -1006        460   253.74   253.94       1.81
     3295468      -1006        493   279.14   279.34       1.77
     3331425      -1006        500   282.22   282.42       1.77
Time to solution 0.56444s, assuming true minimum is -1006
