N=8
Mode: 1
Seed: 625
Search strategy: 0
Initialising random weight matrix with 502 working nodes
502 working nodes out of 512
States are 0,1
Weight-choosing mode: 5
Min time to run: 0.5s
Max time to run: 1e+10s
Solutions are independent
           1       -922          0     0.00     0.00       -nan
           3       -926          0     0.00     0.00       -nan
           8       -934          0     0.00     0.00       -nan
          40       -936          0     0.00     0.01       -nan
          41       -938          0     0.00     0.01       -nan
          58       -942          0     0.00     0.01       -nan
          98       -944          0     0.00     0.01       -nan
         303       -946          0     0.00     0.03       -nan
         405       -948          0     0.00     0.04       -nan
        8857       -950          0     0.00     0.78       -nan
       65526       -950         19     5.00     5.78        3.8
      122886       -950         31    10.01    10.79        3.1
      181114       -950         60    15.01    15.79          4
      238270       -950         74    20.01    20.79        3.7
      295020       -950         91    25.01    25.79       3.64
      352538       -950        113    30.01    30.79       3.77
      411008       -950        132    35.01    35.79       3.77
      468782       -950        148    40.01    40.79        3.7
      525587       -950        166    45.01    45.79       3.69
      583108       -950        182    50.01    50.79       3.64
      642534       -950        204    55.09    55.87        3.7
      705753       -950        222    60.68    61.46       3.66
      775910       -950        238    66.83    67.61       3.56
      852773       -950        257    73.60    74.38       3.49
      938240       -950        280    81.04    81.82       3.46
     1032444       -950        312    89.23    90.01        3.5
     1135815       -950        335    98.24    99.02       3.41
     1249182       -950        361   108.15   108.93       3.34
     1372546       -950        400   119.05   119.83       3.36
     1508886       -950        434   131.04   131.82       3.31
     1661364       -950        483   144.23   145.01       3.35
     1706513       -950        500   148.08   148.86       3.38
Time to solution 0.29616s, assuming true minimum is -950
