N=8
Mode: 1
Seed: 631
Search strategy: 0
Initialising random weight matrix with 502 working nodes
502 working nodes out of 512
States are 0,1
Weight-choosing mode: 5
Min time to run: 0.5s
Max time to run: 1e+10s
Solutions are independent
           1       -958          0     0.00     0.00       -nan
           2       -970          0     0.00     0.00       -nan
           3       -978          0     0.00     0.00       -nan
          97       -984          0     0.00     0.02       -nan
         293       -988          0     0.00     0.06       -nan
        1796       -990          0     0.00     0.28       -nan
        1955       -992          0     0.00     0.30       -nan
       43213       -994          0     0.00     4.82       -nan
      103158       -994          6     5.00     9.82        1.2
      161196       -994         11    10.00    14.82        1.1
      220180       -994         16    15.00    19.82       1.07
      280146       -994         24    20.00    24.82        1.2
      339736       -994         31    25.00    29.82       1.24
      397103       -994         38    30.00    34.82       1.27
      456165       -994         46    35.00    39.82       1.31
      513975       -994         48    40.00    44.82        1.2
      573114       -994         54    45.00    49.82        1.2
      633116       -994         64    50.00    54.82       1.28
      696189       -994         66    55.49    60.31       1.19
      767012       -994         80    61.53    66.35        1.3
      843637       -994         80    68.17    72.99       1.17
      928872       -994         82    75.47    80.29       1.09
     1021769       -994         87    83.50    88.32       1.04
     1124132       -994         97    92.34    97.16       1.05
     1237612       -994        104   102.06   106.88       1.02
     1364009       -994        107   112.75   117.57      0.949
     1504857       -994        126   124.51   129.33       1.01
     1657172       -994        135   137.45   142.27      0.982
     1824092       -994        147   151.68   156.50      0.969
     2008791       -994        160   167.33   172.15      0.956
     2212416       -994        172   184.55   189.37      0.932
     2434205       -994        187   203.49   208.31      0.919
     2680015       -994        220   224.33   229.15      0.981
     2948923       -994        248   247.25   252.07          1
     3244752       -994        271   272.46   277.28      0.995
     3569647       -994        303   300.19   305.01       1.01
     3931090       -994        345   330.70   335.52       1.04
     4328373       -994        374   364.26   369.08       1.03
     4765158       -994        415   401.17   405.99       1.03
     5244437       -994        449   441.77   446.59       1.02
     5773472       -994        499   486.43   491.25       1.03
     5779644       -994        500   486.95   491.77       1.03
Time to solution 0.9739s, assuming true minimum is -994
