N=8
Mode: 1
Seed: 633
Search strategy: 0
Initialising random weight matrix with 502 working nodes
502 working nodes out of 512
States are 0,1
Weight-choosing mode: 5
Min time to run: 0.5s
Max time to run: 1e+10s
Solutions are independent
           1      -1012          0     0.00     0.00       -nan
           2      -1018          0     0.00     0.00       -nan
           3      -1036          0     0.00     0.00       -nan
          11      -1040          0     0.00     0.00       -nan
          34      -1048          0     0.00     0.00       -nan
        2702      -1050          0     0.00     0.25       -nan
       61019      -1050         39     5.00     5.25        7.8
      118367      -1050         66    10.00    10.25        6.6
      174967      -1050         95    15.00    15.25       6.33
      232512      -1050        132    20.00    20.25        6.6
      289204      -1050        168    25.00    25.25       6.72
      347536      -1050        208    30.00    30.25       6.93
      404892      -1050        239    35.00    35.25       6.83
      462376      -1050        281    40.00    40.25       7.03
      520702      -1050        317    45.00    45.25       7.04
      577351      -1050        356    50.00    50.25       7.12
      634580      -1050        391    55.03    55.28       7.11
      696383      -1050        432    60.56    60.81       7.13
      764499      -1050        475    66.65    66.90       7.13
      794443      -1050        500    69.27    69.52       7.22
Time to solution 0.13854s, assuming true minimum is -1050
