N=8
Mode: 1
Seed: 635
Search strategy: 0
Initialising random weight matrix with 502 working nodes
502 working nodes out of 512
States are 0,1
Weight-choosing mode: 5
Min time to run: 0.5s
Max time to run: 1e+10s
Solutions are independent
           1      -1020          0     0.00     0.00       -nan
          28      -1022          0     0.00     0.00       -nan
         218      -1024          0     0.00     0.02       -nan
        2081      -1026          0     0.00     0.20       -nan
       54846      -1026         34     5.00     5.20        6.8
      107058      -1026         72    10.00    10.20        7.2
      159447      -1026        105    15.00    15.20          7
      211242      -1026        138    20.00    20.20        6.9
      265033      -1026        175    25.00    25.20          7
      318773      -1026        207    30.00    30.20        6.9
      370382      -1026        244    35.00    35.20       6.97
      424145      -1026        290    40.00    40.20       7.25
      476713      -1026        326    45.00    45.20       7.24
      529914      -1026        360    50.00    50.20        7.2
      582974      -1026        395    55.03    55.23       7.18
      641840      -1026        429    60.56    60.76       7.08
      706183      -1026        477    66.64    66.84       7.16
      747738      -1026        500    70.59    70.79       7.08
Time to solution 0.14118s, assuming true minimum is -1026
