N=8
Mode: 1
Seed: 638
Search strategy: 0
Initialising random weight matrix with 502 working nodes
502 working nodes out of 512
States are 0,1
Weight-choosing mode: 5
Min time to run: 0.5s
Max time to run: 1e+10s
Solutions are independent
           1       -920          0     0.00     0.00       -nan
           5       -924          0     0.00     0.00       -nan
          11       -930          0     0.00     0.00       -nan
          13       -936          0     0.00     0.00       -nan
          14       -940          0     0.00     0.00       -nan
          72       -942          0     0.00     0.01       -nan
         123       -944          0     0.00     0.02       -nan
        1103       -948          0     0.00     0.12       -nan
       55103       -948         21     5.00     5.12        4.2
       57961       -950          0     0.00     5.36       -nan
      111147       -950          0     5.00    10.36          0
      168441       -950          1    10.00    15.36        0.1
      223468       -950          1    15.00    20.36     0.0667
      275019       -950          4    20.00    25.36        0.2
      331145       -950          6    25.00    30.36       0.24
      383791       -950          6    30.00    35.36        0.2
      438523       -950          6    35.00    40.36      0.171
      492773       -950          7    40.00    45.36      0.175
      545970       -950          8    45.00    50.36      0.178
      603431       -950          9    50.04    55.40       0.18
      661096       -950          9    55.59    60.95      0.162
      727583       -950         10    61.69    67.05      0.162
      799428       -950         11    68.40    73.76      0.161
      880314       -950         11    75.78    81.14      0.145
      967151       -950         12    83.90    89.26      0.143
     1062593       -950         14    92.83    98.19      0.151
     1170310       -950         14   102.65   108.01      0.136
     1287486       -950         17   113.46   118.82       0.15
     1413929       -950         18   125.35   130.71      0.144
     1553933       -950         19   138.43   143.79      0.137
     1707544       -950         21   152.81   158.17      0.137
     1881340       -950         23   168.63   173.99      0.136
     2070858       -950         25   186.03   191.39      0.134
     2274460       -950         28   205.17   210.53      0.136
     2501744       -950         30   226.23   231.59      0.133
     2749405       -950         31   249.39   254.75      0.124
     3028354       -950         34   274.87   280.23      0.124
     3331969       -950         37   302.90   308.26      0.122
     3663478       -950         42   333.73   339.09      0.126
     4032724       -950         47   367.64   373.00      0.128
     4440276       -950         50   404.94   410.30      0.123
     4892844       -950         58   445.98   451.34       0.13
     5380333       -950         65   491.12   496.48      0.132
     5918859       -950         72   540.77   546.13      0.133
     6509902       -950         78   595.39   600.75      0.131
     7155915       -950         86   655.47   660.83      0.131
     7875202       -950         90   721.56   726.92      0.125
     8663048       -950         99   794.26   799.62      0.125
     9531881       -950        104   874.23   879.59      0.119
    10489280       -950        124   962.19   967.55      0.129
    11542255       -950        131  1058.95  1064.31      0.124
    12699671       -950        147  1165.39  1170.75      0.126
    13970081       -950        165  1282.47  1287.83      0.129
    15366984       -950        186  1411.26  1416.62      0.132
    16887749       -950        200  1552.93  1558.29      0.129
    18575630       -950        225  1708.76  1714.12      0.132
    20417004       -950        241  1880.18  1885.54      0.128
    22475254       -950        262  2068.74  2074.10      0.127
    24731544       -950        294  2276.15  2281.51      0.129
    27207963       -950        328  2504.31  2509.67      0.131
    29940016       -950        366  2755.28  2760.64      0.133
    32935462       -950        402  3031.35  3036.71      0.133
    36218398       -950        449  3335.03  3340.39      0.135
    39848731       -950        485  3669.07  3674.43      0.132
    41308989       -950        500  3803.42  3808.78      0.131
Time to solution 7.60684s, assuming true minimum is -950
