N=8
Mode: 1
Seed: 640
Search strategy: 0
Initialising random weight matrix with 502 working nodes
502 working nodes out of 512
States are 0,1
Weight-choosing mode: 5
Min time to run: 0.5s
Max time to run: 1e+10s
Solutions are independent
           1       -922          0     0.00     0.00       -nan
           2       -934          0     0.00     0.00       -nan
           3       -940          0     0.00     0.00       -nan
           4       -942          0     0.00     0.00       -nan
          26       -944          0     0.00     0.00       -nan
          40       -946          0     0.00     0.01       -nan
          72       -948          0     0.00     0.01       -nan
         104       -950          0     0.00     0.02       -nan
         234       -952          0     0.00     0.02       -nan
         245       -954          0     0.00     0.02       -nan
        1236       -956          0     0.00     0.12       -nan
        4270       -960          0     0.00     0.38       -nan
        8429       -962          0     0.00     0.73       -nan
       14681       -964          0     0.00     1.28       -nan
       74589       -964          0     5.00     6.28          0
      134004       -964          0    10.01    11.29          0
      193198       -964          2    15.01    16.29      0.133
      253714       -964          3    20.01    21.29       0.15
      313184       -964          3    25.01    26.29       0.12
      371147       -964          3    30.01    31.29        0.1
      433366       -964          3    35.01    36.29     0.0857
      494978       -964          3    40.01    41.29      0.075
      556726       -964          3    45.01    46.29     0.0667
      616541       -964          4    50.01    51.29       0.08
      678769       -964          6    55.14    56.42      0.109
      747881       -964          6    60.79    62.07     0.0987
      821078       -964          6    67.00    68.28     0.0896
      903454       -964          7    73.83    75.11     0.0948
      993493       -964          9    81.35    82.63      0.111
     1098416       -964         10    89.62    90.90      0.112
     1211658       -964         10    98.72   100.00      0.101
     1335264       -964         10   108.73   110.01      0.092
     1464949       -964         11   119.74   121.02     0.0919
     1610417       -964         16   131.85   133.13      0.121
     1766371       -964         17   145.17   146.45      0.117
     1942849       -964         20   159.82   161.10      0.125
     2136857       -964         26   175.93   177.21      0.148
     2352135       -964         29   193.66   194.94       0.15
     2598608       -964         30   213.16   214.44      0.141
     2859206       -964         33   234.61   235.89      0.141
     3145983       -964         39   258.20   259.48      0.151
     3454001       -964         41   284.15   285.43      0.144
     3807485       -964         45   312.70   313.98      0.144
     4189155       -964         53   344.10   345.38      0.154
     4602213       -964         65   378.64   379.92      0.172
     5060205       -964         74   416.64   417.92      0.178
     5565289       -964         84   458.44   459.72      0.183
     6116268       -964         94   504.42   505.70      0.186
     6722554       -964        106   554.99   556.27      0.191
     7394362       -964        123   610.62   611.90      0.201
     8139442       -964        133   671.81   673.09      0.198
     8959880       -964        142   739.12   740.40      0.192
     9863720       -964        162   813.16   814.44      0.199
    10846428       -964        177   894.61   895.89      0.198
    11943010       -964        196   984.20   985.48      0.199
    13138774       -964        211  1082.75  1084.03      0.195
    14446843       -964        239  1191.16  1192.44      0.201
    15888084       -964        263  1310.41  1311.69      0.201
    17488419       -964        295  1441.58  1442.86      0.205
    19238612       -964        323  1585.87  1587.15      0.204
    21152039       -964        346  1744.59  1745.87      0.198
    23244289       -964        387  1919.18  1920.46      0.202
    25586063       -964        438  2111.23  2112.51      0.207
    28140191       -964        495  2322.49  2323.77      0.213
    28373715       -964        500  2341.64  2342.92      0.214
Time to solution 4.68328s, assuming true minimum is -964
