N=8
Mode: 1
Seed: 641
Search strategy: 0
Initialising random weight matrix with 502 working nodes
502 working nodes out of 512
States are 0,1
Weight-choosing mode: 5
Min time to run: 0.5s
Max time to run: 1e+10s
Solutions are independent
           1       -896          0     0.00     0.00       -nan
           7       -898          0     0.00     0.00       -nan
          11       -900          0     0.00     0.00       -nan
          51       -902          0     0.00     0.01       -nan
          76       -908          0     0.00     0.01       -nan
         131       -910          0     0.00     0.02       -nan
         288       -912          0     0.00     0.04       -nan
        2302       -914          0     0.00     0.24       -nan
       14067       -916          0     0.00     1.30       -nan
       15773       -918          0     0.00     1.46       -nan
       67432       -918          4     5.00     6.46        0.8
      124789       -918          6    10.00    11.46        0.6
      181063       -918         11    15.00    16.46      0.733
      235046       -918         19    20.00    21.46       0.95
      289327       -918         21    25.00    26.46       0.84
      345350       -918         27    30.00    31.46        0.9
      400671       -918         33    35.00    36.46      0.943
      454681       -918         35    40.00    41.46      0.875
      508340       -918         41    45.00    46.46      0.911
      563910       -918         44    50.00    51.46       0.88
      621148       -918         49    55.15    56.61      0.888
      685133       -918         53    60.82    62.28      0.871
      754702       -918         59    67.05    68.51       0.88
      830316       -918         66    73.91    75.37      0.893
      912095       -918         71    81.45    82.91      0.872
     1004582       -918         75    89.75    91.21      0.836
     1105148       -918         81    98.88   100.34      0.819
     1216496       -918         88   108.92   110.38      0.808
     1339435       -918        102   119.96   121.42       0.85
     1474138       -918        112   132.11   133.57      0.848
     1621283       -918        122   145.47   146.93      0.839
     1781298       -918        133   160.17   161.63       0.83
     1959149       -918        143   176.34   177.80      0.811
     2158213       -918        160   194.13   195.59      0.824
     2372442       -918        173   213.69   215.15       0.81
     2608565       -918        195   235.21   236.67      0.829
     2870028       -918        220   258.88   260.34       0.85
     3155967       -918        242   284.92   286.38      0.849
     3473649       -918        266   313.56   315.02      0.848
     3821088       -918        295   345.07   346.53      0.855
     4201761       -918        326   379.73   381.19      0.859
     4623832       -918        356   417.85   419.31      0.852
     5085644       -918        387   459.79   461.25      0.842
     5596525       -918        425   505.92   507.38       0.84
     6161390       -918        482   556.66   558.12      0.866
     6402434       -918        500   578.34   579.80      0.865
Time to solution 1.15668s, assuming true minimum is -918
