N=8
Mode: 1
Seed: 642
Search strategy: 0
Initialising random weight matrix with 502 working nodes
502 working nodes out of 512
States are 0,1
Weight-choosing mode: 5
Min time to run: 0.5s
Max time to run: 1e+10s
Solutions are independent
           1       -930          0     0.00     0.00       -nan
           2       -942          0     0.00     0.00       -nan
         351       -946          0     0.00     0.03       -nan
         405       -948          0     0.00     0.04       -nan
        1745       -950          0     0.00     0.16       -nan
       58682       -950         25     5.00     5.16          5
      115645       -950         38    10.00    10.16        3.8
      172504       -950         54    15.00    15.16        3.6
      228687       -950         77    20.00    20.16       3.85
      284347       -950         94    25.00    25.16       3.76
      340547       -950        115    30.00    30.16       3.83
      396468       -950        135    35.00    35.16       3.86
      451477       -950        149    40.00    40.16       3.73
      507580       -950        174    45.00    45.16       3.87
      564119       -950        198    50.00    50.16       3.96
      620054       -950        220    55.02    55.18          4
      680938       -950        243    60.54    60.70       4.01
      749095       -950        271    66.62    66.78       4.07
      825198       -950        307    73.30    73.46       4.19
      907322       -950        345    80.65    80.81       4.28
      996375       -950        375    88.74    88.90       4.23
     1095292       -950        413    97.64    97.80       4.23
     1204262       -950        446   107.43   107.59       4.15
     1325401       -950        492   118.19   118.35       4.16
     1334761       -950        500   119.02   119.18        4.2
Time to solution 0.23804s, assuming true minimum is -950
