N=8
Mode: 1
Seed: 645
Search strategy: 0
Initialising random weight matrix with 502 working nodes
502 working nodes out of 512
States are 0,1
Weight-choosing mode: 5
Min time to run: 0.5s
Max time to run: 1e+10s
Solutions are independent
           1       -908          0     0.00     0.00       -nan
           2       -914          0     0.00     0.00       -nan
           4       -922          0     0.00     0.00       -nan
           5       -924          0     0.00     0.00       -nan
          10       -928          0     0.00     0.00       -nan
          55       -934          0     0.00     0.01       -nan
          56       -936          0     0.00     0.01       -nan
          99       -938          0     0.00     0.02       -nan
         218       -940          0     0.00     0.03       -nan
         632       -942          0     0.00     0.07       -nan
        4565       -944          0     0.00     0.45       -nan
       55714       -944         10     5.00     5.45          2
      104412       -944         14    10.00    10.45        1.4
      154594       -944         27    15.00    15.45        1.8
      203970       -944         36    20.00    20.45        1.8
      254271       -944         44    25.00    25.45       1.76
      304868       -944         52    30.00    30.45       1.73
      354022       -944         59    35.00    35.45       1.69
      403730       -944         68    40.00    40.45        1.7
      454477       -944         82    45.00    45.45       1.82
      503719       -944         87    50.00    50.45       1.74
      553932       -944         98    55.05    55.50       1.78
      609024       -944        107    60.61    61.06       1.77
      669497       -944        120    66.72    67.17        1.8
      734227       -944        132    73.44    73.89        1.8
      807991       -944        140    80.83    81.28       1.73
      887823       -944        149    88.96    89.41       1.67
      977300       -944        166    97.91    98.36        1.7
     1073922       -944        178   107.75   108.20       1.65
     1184340       -944        200   118.58   119.03       1.69
     1302637       -944        224   130.49   130.94       1.72
     1429457       -944        234   143.59   144.04       1.63
     1571588       -944        249   158.00   158.45       1.58
     1729811       -944        276   173.85   174.30       1.59
     1902402       -944        297   191.29   191.74       1.55
     2091549       -944        332   210.47   210.92       1.58
     2301163       -944        362   231.57   232.02       1.56
     2532004       -944        394   254.78   255.23       1.55
     2788064       -944        436   280.31   280.76       1.56
     3067850       -944        482   308.39   308.84       1.56
     3175268       -944        500   319.31   319.76       1.57
Time to solution 0.63862s, assuming true minimum is -944
