N=8
Mode: 1
Seed: 646
Search strategy: 0
Initialising random weight matrix with 502 working nodes
502 working nodes out of 512
States are 0,1
Weight-choosing mode: 5
Min time to run: 0.5s
Max time to run: 1e+10s
Solutions are independent
           1      -1012          0     0.00     0.00       -nan
           7      -1018          0     0.00     0.00       -nan
          14      -1034          0     0.00     0.00       -nan
          37      -1038          0     0.00     0.00       -nan
         733      -1040          0     0.00     0.06       -nan
        1694      -1042          0     0.00     0.15       -nan
        1809      -1044          0     0.00     0.16       -nan
       55991      -1044          8     5.00     5.16        1.6
      110304      -1044         19    10.00    10.16        1.9
      164362      -1044         34    15.00    15.16       2.27
      219896      -1044         44    20.00    20.16        2.2
      273986      -1044         55    25.00    25.16        2.2
      329021      -1044         69    30.00    30.16        2.3
      381880      -1044         80    35.00    35.16       2.29
      437214      -1044         89    40.00    40.16       2.23
      491498      -1044        100    45.00    45.16       2.22
      545510      -1044        106    50.00    50.16       2.12
      600832      -1044        115    55.02    55.18       2.09
      660329      -1044        129    60.54    60.70       2.13
      725690      -1044        141    66.62    66.78       2.12
      799384      -1044        151    73.30    73.46       2.06
      880801      -1044        164    80.65    80.81       2.03
      968684      -1044        182    88.74    88.90       2.05
     1063871      -1044        198    97.64    97.80       2.03
     1169368      -1044        223   107.43   107.59       2.08
     1287151      -1044        241   118.19   118.35       2.04
     1416851      -1044        270   130.03   130.19       2.08
     1555676      -1044        290   143.05   143.21       2.03
     1706037      -1044        313   157.38   157.54       1.99
     1879009      -1044        351   173.14   173.30       2.03
     2068975      -1044        396   190.48   190.64       2.08
     2276736      -1044        435   209.55   209.71       2.08
     2503950      -1044        491   230.53   230.69       2.13
     2556650      -1044        500   235.33   235.49       2.12
Time to solution 0.47066s, assuming true minimum is -1044
