N=8
Mode: 1
Seed: 649
Search strategy: 0
Initialising random weight matrix with 502 working nodes
502 working nodes out of 512
States are 0,1
Weight-choosing mode: 5
Min time to run: 0.5s
Max time to run: 1e+10s
Solutions are independent
           1       -896          0     0.00     0.00       -nan
           2       -898          0     0.00     0.00       -nan
           3       -920          0     0.00     0.00       -nan
          31       -922          0     0.00     0.01       -nan
          32       -926          0     0.00     0.01       -nan
         561       -930          0     0.00     0.06       -nan
        7019       -932          0     0.00     0.66       -nan
       47661       -934          0     0.00     4.32       -nan
      103571       -934          9     5.00     9.32        1.8
      159743       -934         23    10.00    14.32        2.3
      215696       -934         34    15.00    19.32       2.27
      272061       -934         51    20.00    24.32       2.55
      327654       -934         66    25.00    29.32       2.64
      381695       -934         82    30.00    34.32       2.73
      436632       -934         92    35.00    39.32       2.63
      491365       -934        104    40.00    44.32        2.6
      547593       -934        124    45.00    49.32       2.76
      602617       -934        138    50.00    54.32       2.76
      661978       -934        157    55.44    59.76       2.83
      728130       -934        170    61.42    65.74       2.77
      800929       -934        186    68.00    72.32       2.74
      878000       -934        199    75.24    79.56       2.64
      966168       -934        219    83.20    87.52       2.63
     1063494       -934        244    91.96    96.28       2.65
     1169389       -934        269   101.59   105.91       2.65
     1289192       -934        306   112.19   116.51       2.73
     1417376       -934        336   123.85   128.17       2.71
     1561328       -934        369   136.67   140.99        2.7
     1717286       -934        406   150.77   155.09       2.69
     1887674       -934        448   166.28   170.60       2.69
     2076041       -934        481   183.34   187.66       2.62
     2165004       -934        500   191.41   195.73       2.61
Time to solution 0.38282s, assuming true minimum is -934
