N=8
Mode: 1
Seed: 65
Search strategy: 0
Initialising random weight matrix with 502 working nodes
502 working nodes out of 512
States are 0,1
Weight-choosing mode: 5
Min time to run: 1000s
Max time to run: 50000s
Groundtruth: -992
           1       -920          1     0.00
           2       -960          1     0.00
           9       -968          1     0.00
         552       -970          1     0.10
         813       -972          1     0.15
         955       -976          1     0.17
        3889       -978          1     0.72
        5904       -982          1     1.08
       28373       -984          1     5.16
       55920       -984          1    10.16
       83500       -984          1    15.16
      102369       -986          1    18.59
      121783       -988          1    22.12
      149298       -988          1    27.12
      176855       -988          1    32.13
      204356       -988          1    37.13
      231836       -988          1    42.13
      259342       -988          1    47.13
      286901       -988          1    52.13
      315653       -988          1    57.35
      347207       -988          1    63.09
      381818       -988          1    69.40
      419987       -988          1    76.35
      462215       -988          1    83.99
      508904       -988          1    92.39
      560164       -988          1   101.63
      616762       -988          1   111.80
      678819       -988          1   122.98
      747180       -988          1   135.28
      822373       -988          1   148.81
      904982       -988          1   163.70
      995798       -988          1   180.07
     1095885       -988          2   198.08
     1205761       -988          2   217.89
     1326383       -988          2   239.68
     1459122       -988          2   263.65
     1603747       -988          2   290.02
     1763271       -988          2   319.03
     1938553       -988          2   350.94
     2131816       -988          2   386.04
     2344797       -988          2   424.65
     2578530       -988          2   467.12
     2835620       -988          2   513.84
     3118684       -988          2   565.23
     3429455       -988          2   621.76
     3769231       -988          2   683.94
     4145056       -988          2   752.34
     4558979       -988          2   827.58
     5014983       -988          2   910.34
     5516944       -988          3  1001.38
     6068431       -988          5  1101.52
     6658545       -988          5  1211.68
     7328283       -988          5  1332.85
     8054865       -988          6  1466.14
     8861167       -988          6  1612.76
     9746624       -988          6  1774.04
    10724841       -988          7  1951.45
    11798335       -988          8  2146.60
    12978791       -988         10  2361.26
    14286092       -988         11  2597.39
    15726030       -988         12  2857.13
    17306234       -988         14  3142.85
    19042559       -988         14  3457.14
    20953429       -988         15  3802.86
    23048705       -988         17  4183.15
    25356658       -988         17  4601.47
    27640831       -988         17  5061.62
    30433490       -988         17  5567.79
    32509615       -990          1  5944.79
    35784954       -990          1  6539.27
    39390509       -990          1  7193.20
    43347395       -990          1  7912.52
    47707578       -990          1  8703.78
    52496071       -990          1  9574.16
    57769033       -990          1 10531.58
    63511350       -990          1 11584.74
    69883542       -990          2 12743.22
    76908632       -990          2 14017.55
    84625625       -990          4 15419.31
    93098573       -990          5 16961.25
   102439508       -990          6 18657.38
   112718635       -990          7 20523.12
   123958164       -990          8 22575.44
   136373888       -990          9 24832.99
   150029205       -990         10 27316.29
   165048595       -990         11 30047.92
   167698448       -992          1 30528.98
   184507489       -992          1 33581.88
   202952853       -992          1 36940.07
   223377758       -992          1 40634.08
   245728554       -992          1 44697.49
   270319415       -992          1 49167.24
   274897377       -992          1 50000.00
Time to solution 50000s, assuming true minimum is -992
