N=8
Mode: 1
Seed: 650
Search strategy: 0
Initialising random weight matrix with 502 working nodes
502 working nodes out of 512
States are 0,1
Weight-choosing mode: 5
Min time to run: 0.5s
Max time to run: 1e+10s
Solutions are independent
           1       -992          0     0.00     0.00       -nan
           4      -1000          0     0.00     0.00       -nan
          35      -1006          0     0.00     0.00       -nan
          94      -1010          0     0.00     0.01       -nan
         285      -1012          0     0.00     0.03       -nan
        9129      -1014          0     0.00     0.82       -nan
       63626      -1014         25     5.00     5.82          5
      119913      -1014         42    10.00    10.82        4.2
      173746      -1014         62    15.00    15.82       4.13
      229545      -1014         81    20.00    20.82       4.05
      285729      -1014         94    25.00    25.82       3.76
      341020      -1014        109    30.00    30.82       3.63
      395802      -1014        121    35.00    35.82       3.46
      451121      -1014        137    40.00    40.82       3.42
      505904      -1014        155    45.00    45.82       3.44
      560677      -1014        176    50.00    50.82       3.52
      617714      -1014        199    55.09    55.91       3.61
      679402      -1014        218    60.69    61.51       3.59
      746243      -1014        233    66.85    67.67       3.49
      820010      -1014        256    73.62    74.44       3.48
      902373      -1014        296    81.07    81.89       3.65
      991995      -1014        331    89.26    90.08       3.71
     1089557      -1014        357    98.27    99.09       3.63
     1197909      -1014        380   108.18   109.00       3.51
     1319039      -1014        414   119.08   119.90       3.48
     1450776      -1014        460   131.08   131.90       3.51
     1564104      -1014        500   141.36   142.18       3.54
Time to solution 0.28272s, assuming true minimum is -1014
