N=8
Mode: 1
Seed: 657
Search strategy: 0
Initialising random weight matrix with 502 working nodes
502 working nodes out of 512
States are 0,1
Weight-choosing mode: 5
Min time to run: 0.5s
Max time to run: 1e+10s
Solutions are independent
           1       -956          0     0.00     0.00       -nan
           2       -974          0     0.00     0.00       -nan
           4       -986          0     0.00     0.00       -nan
           6       -990          0     0.00     0.00       -nan
           8       -998          0     0.00     0.00       -nan
          37      -1002          0     0.00     0.00       -nan
         342      -1006          0     0.00     0.04       -nan
         355      -1012          0     0.00     0.04       -nan
       58348      -1012         23     5.00     5.04        4.6
      115495      -1012         45    10.00    10.04        4.5
      173618      -1012         68    15.00    15.04       4.53
      231549      -1012         89    20.00    20.04       4.45
      290534      -1012        117    25.00    25.04       4.68
      348073      -1012        141    30.00    30.04        4.7
      404587      -1012        154    35.00    35.04        4.4
      462444      -1012        179    40.00    40.04       4.47
      522249      -1012        200    45.00    45.04       4.44
      580340      -1012        223    50.00    50.04       4.46
      639711      -1012        252    55.01    55.05       4.58
      703952      -1012        283    60.52    60.56       4.68
      773327      -1012        324    66.58    66.62       4.87
      850585      -1012        357    73.25    73.29       4.87
      935520      -1012        394    80.58    80.62       4.89
     1028461      -1012        436    88.65    88.69       4.92
     1131625      -1012        469    97.52    97.56       4.81
     1206676      -1012        500   104.08   104.12        4.8
Time to solution 0.20816s, assuming true minimum is -1012
