N=8
Mode: 1
Seed: 661
Search strategy: 0
Initialising random weight matrix with 502 working nodes
502 working nodes out of 512
States are 0,1
Weight-choosing mode: 5
Min time to run: 0.5s
Max time to run: 1e+10s
Solutions are independent
           1       -940          0     0.00     0.00       -nan
           2       -966          0     0.00     0.00       -nan
          24       -968          0     0.00     0.00       -nan
          33       -974          0     0.00     0.01       -nan
        1811       -976          0     0.00     0.17       -nan
        7865       -978          0     0.00     0.75       -nan
       60273       -978         15     5.00     5.75          3
      113611       -978         35    10.00    10.75        3.5
      166092       -978         56    15.00    15.75       3.73
      218776       -978         70    20.00    20.75        3.5
      272238       -978         84    25.00    25.75       3.36
      324833       -978        103    30.00    30.75       3.43
      377269       -978        125    35.00    35.75       3.57
      429719       -978        141    40.00    40.75       3.52
      482760       -978        161    45.00    45.75       3.58
      534647       -978        170    50.00    50.75        3.4
      588089       -978        183    55.08    55.83       3.32
      645895       -978        206    60.67    61.42        3.4
      710830       -978        224    66.82    67.57       3.35
      782035       -978        243    73.58    74.33        3.3
      861089       -978        266    81.02    81.77       3.28
      947279       -978        301    89.20    89.95       3.37
     1041003       -978        342    98.20    98.95       3.48
     1147505       -978        379   108.10   108.85       3.51
     1262818       -978        423   118.99   119.74       3.55
     1389973       -978        465   130.97   131.72       3.55
     1465907       -978        500   138.06   138.81       3.62
Time to solution 0.27612s, assuming true minimum is -978
