N=8
Mode: 1
Seed: 664
Search strategy: 0
Initialising random weight matrix with 502 working nodes
502 working nodes out of 512
States are 0,1
Weight-choosing mode: 5
Min time to run: 0.5s
Max time to run: 1e+10s
Solutions are independent
           1       -994          0     0.00     0.00       -nan
           5      -1006          0     0.00     0.00       -nan
          36      -1008          0     0.00     0.00       -nan
          85      -1010          0     0.00     0.01       -nan
         116      -1014          0     0.00     0.02       -nan
        1442      -1016          0     0.00     0.16       -nan
       50862      -1016         16     5.00     5.16        3.2
      101528      -1016         43    10.00    10.16        4.3
      150434      -1016         56    15.00    15.16       3.73
      199879      -1016         85    20.00    20.16       4.25
      250690      -1016        111    25.00    25.16       4.44
      302130      -1016        132    30.00    30.16        4.4
      351065      -1016        157    35.00    35.16       4.49
      402305      -1016        172    40.00    40.16        4.3
      452448      -1016        200    45.00    45.16       4.44
      503677      -1016        224    50.00    50.16       4.48
      552800      -1016        241    55.02    55.18       4.38
      607967      -1016        265    60.54    60.70       4.38
      669507      -1016        308    66.62    66.78       4.62
      736297      -1016        337    73.30    73.46        4.6
      810561      -1016        371    80.65    80.81        4.6
      891149      -1016        407    88.74    88.90       4.59
      977176      -1016        438    97.64    97.80       4.49
     1074441      -1016        480   107.43   107.59       4.47
     1112771      -1016        500   111.25   111.41       4.49
Time to solution 0.2225s, assuming true minimum is -1016
