N=8
Mode: 1
Seed: 668
Search strategy: 0
Initialising random weight matrix with 502 working nodes
502 working nodes out of 512
States are 0,1
Weight-choosing mode: 5
Min time to run: 0.5s
Max time to run: 1e+10s
Solutions are independent
           1      -1022          0     0.00     0.00       -nan
          17      -1026          0     0.00     0.00       -nan
          19      -1032          0     0.00     0.00       -nan
          39      -1036          0     0.00     0.00       -nan
         156      -1038          0     0.00     0.02       -nan
         259      -1040          0     0.00     0.02       -nan
        1188      -1042          0     0.00     0.12       -nan
        8571      -1044          0     0.00     0.77       -nan
       62182      -1044         29     5.00     5.77        5.8
      115772      -1044         68    10.00    10.77        6.8
      171175      -1044        101    15.00    15.77       6.73
      224861      -1044        150    20.00    20.77        7.5
      278381      -1044        193    25.00    25.77       7.72
      331016      -1044        223    30.00    30.77       7.43
      385309      -1044        252    35.00    35.77        7.2
      438495      -1044        287    40.00    40.77       7.17
      493221      -1044        325    45.00    45.77       7.22
      546497      -1044        353    50.00    50.77       7.06
      602412      -1044        379    55.08    55.85       6.88
      662119      -1044        425    60.67    61.44       7.01
      726951      -1044        462    66.82    67.59       6.91
      790941      -1044        500    72.73    73.50       6.87
Time to solution 0.14546s, assuming true minimum is -1044
