N=8
Mode: 1
Seed: 673
Search strategy: 0
Initialising random weight matrix with 502 working nodes
502 working nodes out of 512
States are 0,1
Weight-choosing mode: 5
Min time to run: 0.5s
Max time to run: 1e+10s
Solutions are independent
           1       -898          0     0.00     0.00       -nan
          15       -906          0     0.00     0.00       -nan
          23       -910          0     0.00     0.00       -nan
          52       -916          0     0.00     0.01       -nan
         373       -918          0     0.00     0.04       -nan
        1649       -920          0     0.00     0.14       -nan
       56048       -920         45     5.00     5.14          9
       57489       -922          0     0.00     5.28       -nan
      107538       -922          1     5.01    10.29        0.2
      159830       -922          4    10.01    15.29        0.4
      210700       -922         10    15.01    20.29      0.666
      263720       -922         17    20.01    25.29       0.85
      316350       -922         23    25.01    30.29       0.92
      367972       -922         32    30.01    35.29       1.07
      420685       -922         38    35.01    40.29       1.09
      472208       -922         41    40.01    45.29       1.02
      522211       -922         43    45.01    50.29      0.955
      572497       -922         46    50.04    55.32      0.919
      629416       -922         55    55.58    60.86       0.99
      691988       -922         62    61.67    66.95       1.01
      762320       -922         70    68.37    73.65       1.02
      836589       -922         75    75.74    81.02       0.99
      918946       -922         80    83.85    89.13      0.954
     1012096       -922         91    92.77    98.05      0.981
     1112684       -922         98   102.58   107.86      0.955
     1221792       -922        108   113.37   118.65      0.953
     1344982       -922        117   125.24   130.52      0.934
     1484615       -922        135   138.30   143.58      0.976
     1634603       -922        151   152.66   157.94      0.989
     1794879       -922        165   168.46   173.74      0.979
     1974851       -922        190   185.84   191.12       1.02
     2171516       -922        208   204.96   210.24       1.01
     2385775       -922        230   225.99   231.27       1.02
     2624239       -922        255   249.12   254.40       1.02
     2883544       -922        278   274.57   279.85       1.01
     3173040       -922        304   302.56   307.84          1
     3490931       -922        340   333.35   338.63       1.02
     3839981       -922        381   367.22   372.50       1.04
     4224294       -922        421   404.48   409.76       1.04
     4651316       -922        484   445.46   450.74       1.09
     4741301       -922        500   454.05   459.33        1.1
Time to solution 0.9081s, assuming true minimum is -922
