N=8
Mode: 1
Seed: 68
Search strategy: 0
Initialising random weight matrix with 502 working nodes
502 working nodes out of 512
States are 0,1
Weight-choosing mode: 5
Min time to run: 1000s
Max time to run: 10000s
Groundtruth: -960
           1       -914          1     0.00
           2       -920          1     0.00
           3       -928          1     0.00
           4       -934          1     0.00
          23       -936          1     0.00
          36       -944          1     0.00
         277       -950          1     0.05
        2030       -952          1     0.36
       17147       -954          1     3.06
       43890       -954          1     8.06
       71866       -954          2    13.06
       85026       -956          1    15.40
      113057       -956          2    20.40
      141045       -956          3    25.40
      169121       -956          3    30.40
      197159       -956          3    35.40
      225237       -956          4    40.40
      253253       -956          6    45.40
      279913       -958          1    50.14
      308054       -958          1    55.16
      339057       -958          1    60.68
      373094       -958          1    66.75
      410569       -958          1    73.43
      451748       -958          1    80.78
      497088       -958          1    88.86
      546896       -958          1    97.75
      601696       -958          2   107.53
      662086       -958          2   118.29
      728343       -958          2   130.12
      801416       -958          2   143.14
      881749       -958          2   157.46
      970012       -958          2   173.21
     1067145       -958          2   190.54
     1173962       -958          2   209.60
     1291383       -958          2   230.56
     1420712       -958          2   253.62
     1562910       -958          2   278.99
     1719293       -958          3   306.89
     1891332       -958          3   337.58
     2080590       -958          3   371.34
     2288782       -958          4   408.48
     2517862       -958          5   449.33
     2769919       -958          5   494.27
     3047269       -958          5   543.70
     3352263       -958          6   598.07
     3687570       -958          6   657.88
     4056316       -958          6   723.67
     4462050       -958          7   796.04
     4908461       -958          8   875.65
     5399122       -958          8   963.22
     5939112       -958          9  1059.55
     6533127       -958         10  1165.51
     7186407       -958         10  1282.07
     7904965       -958         10  1410.28
     8695583       -958         11  1551.31
     9565082       -958         14  1706.45
    10521740       -958         15  1877.10
    11574041       -958         16  2064.81
    12453204       -960          1  2221.54
    13697899       -960          1  2443.70
    15067961       -960          1  2688.07
    16574508       -960          1  2956.88
    18232479       -960          1  3252.57
    20055765       -960          1  3577.83
    22061501       -960          1  3935.62
    24266681       -960          1  4329.19
    26694225       -960          1  4762.11
    29363967       -960          1  5238.33
    32300315       -960          1  5762.17
    35530656       -960          1  6338.39
    39084340       -960          1  6972.23
    42993461       -960          1  7669.46
    47292911       -960          1  8436.41
    52019879       -960          1  9280.06
    56055696       -960          2 10000.00
Time to solution 5000s, assuming true minimum is -960
