N=8
Mode: 1
Seed: 680
Search strategy: 0
Initialising random weight matrix with 502 working nodes
502 working nodes out of 512
States are 0,1
Weight-choosing mode: 5
Min time to run: 0.5s
Max time to run: 1e+10s
Solutions are independent
           1       -894          0     0.00     0.00       -nan
           8       -896          0     0.00     0.00       -nan
          10       -906          0     0.00     0.00       -nan
          31       -908          0     0.00     0.00       -nan
         356       -910          0     0.00     0.03       -nan
         431       -912          0     0.00     0.04       -nan
        1526       -914          0     0.00     0.12       -nan
        6587       -916          0     0.00     0.56       -nan
       62870       -916         12     5.01     5.57        2.4
      119281       -916         24    10.01    10.57        2.4
      176057       -916         44    15.01    15.57       2.93
      233198       -916         63    20.01    20.57       3.15
      289994       -916         77    25.01    25.57       3.08
      346308       -916         92    30.01    30.57       3.07
      404081       -916        105    35.01    35.57          3
      463404       -916        129    40.01    40.57       3.22
      521384       -916        141    45.01    45.57       3.13
      579572       -916        153    50.01    50.57       3.06
      638732       -916        170    55.07    55.63       3.09
      702259       -916        183    60.64    61.20       3.02
      771867       -916        204    66.77    67.33       3.06
      849347       -916        227    73.51    74.07       3.09
      935144       -916        246    80.92    81.48       3.04
     1030889       -916        276    89.07    89.63        3.1
     1135133       -916        313    98.04    98.60       3.19
     1247774       -916        354   107.91   108.47       3.28
     1369313       -916        396   118.76   119.32       3.33
     1506455       -916        432   130.70   131.26       3.31
     1657015       -916        474   143.83   144.39        3.3
     1764113       -916        500   153.28   153.84       3.26
Time to solution 0.30656s, assuming true minimum is -916
