N=8
Mode: 1
Seed: 682
Search strategy: 0
Initialising random weight matrix with 502 working nodes
502 working nodes out of 512
States are 0,1
Weight-choosing mode: 5
Min time to run: 0.5s
Max time to run: 1e+10s
Solutions are independent
           1       -986          0     0.00     0.00       -nan
           5       -998          0     0.00     0.00       -nan
          44      -1004          0     0.00     0.00       -nan
       11013      -1006          0     0.00     1.00       -nan
       66428      -1006          7     5.00     6.00        1.4
      121045      -1006         18    10.00    11.00        1.8
      176276      -1006         21    15.00    16.00        1.4
      231193      -1006         32    20.00    21.00        1.6
      287072      -1006         43    25.00    26.00       1.72
      345090      -1006         54    30.00    31.00        1.8
      400255      -1006         60    35.00    36.00       1.71
      455489      -1006         67    40.00    41.00       1.68
      512767      -1006         79    45.00    46.00       1.76
      568947      -1006         86    50.00    51.00       1.72
      626235      -1006         93    55.10    56.10       1.69
      691443      -1006        102    60.72    61.72       1.68
      761279      -1006        117    66.90    67.90       1.75
      836707      -1006        125    73.70    74.70        1.7
      919931      -1006        138    81.18    82.18        1.7
     1010166      -1006        144    89.40    90.40       1.61
     1111622      -1006        160    98.45    99.45       1.63
     1223112      -1006        184   108.40   109.40        1.7
     1345206      -1006        207   119.35   120.35       1.73
     1479836      -1006        227   131.39   132.39       1.73
     1629482      -1006        252   144.63   145.63       1.74
     1791485      -1006        274   159.20   160.20       1.72
     1969469      -1006        298   175.22   176.22        1.7
     2167963      -1006        337   192.85   193.85       1.75
     2382506      -1006        367   212.24   213.24       1.73
     2620949      -1006        401   233.57   234.57       1.72
     2885563      -1006        431   257.03   258.03       1.68
     3175319      -1006        470   282.84   283.84       1.66
     3286719      -1006        500   292.67   293.67       1.71
Time to solution 0.58534s, assuming true minimum is -1006
