N=8
Mode: 1
Seed: 684
Search strategy: 0
Initialising random weight matrix with 502 working nodes
502 working nodes out of 512
States are 0,1
Weight-choosing mode: 5
Min time to run: 0.5s
Max time to run: 1e+10s
Solutions are independent
           1       -942          0     0.00     0.00       -nan
           9       -944          0     0.00     0.00       -nan
          28       -948          0     0.00     0.00       -nan
          46       -950          0     0.00     0.01       -nan
         299       -954          0     0.00     0.04       -nan
        3088       -956          0     0.00     0.30       -nan
        5913       -958          0     0.00     0.57       -nan
       45619       -960          0     0.00     4.26       -nan
       99558       -960          4     5.00     9.26        0.8
      153290       -960          5    10.00    14.26        0.5
      207707       -960          7    15.00    19.26      0.467
      260881       -960          7    20.00    24.26       0.35
      313194       -960          9    25.00    29.26       0.36
      366648       -960         13    30.01    34.27      0.433
      420571       -960         13    35.01    39.27      0.371
      472627       -960         13    40.01    44.27      0.325
      525985       -960         15    45.01    49.27      0.333
      579906       -960         16    50.01    54.27       0.32
      638241       -960         18    55.44    59.70      0.325
      700550       -960         19    61.41    65.67      0.309
      767563       -960         19    67.98    72.24      0.279
      844924       -960         20    75.21    79.47      0.266
      929218       -960         23    83.16    87.42      0.277
     1022785       -960         28    91.91    96.17      0.305
     1128842       -960         29   101.53   105.79      0.286
     1244358       -960         33   112.11   116.37      0.294
     1369620       -960         36   123.75   128.01      0.291
     1503419       -960         40   136.56   140.82      0.293
     1653554       -960         48   150.65   154.91      0.319
     1820533       -960         50   166.15   170.41      0.301
     2000546       -960         53   183.20   187.46      0.289
     2201047       -960         57   201.95   206.21      0.282
     2424985       -960         64   222.58   226.84      0.288
     2668014       -960         69   245.27   249.53      0.281
     2935483       -960         79   270.23   274.49      0.292
     3230177       -960         91   297.68   301.94      0.306
     3549360       -960         98   327.88   332.14      0.299
     3904071       -960        110   361.10   365.36      0.305
     4299771       -960        120   397.64   401.90      0.302
     4729716       -960        133   437.84   442.10      0.304
     5197647       -960        145   482.06   486.32      0.301
     5718429       -960        162   530.70   534.96      0.305
     6286029       -960        182   584.20   588.46      0.312
     6912605       -960        195   643.05   647.31      0.303
     7606765       -960        219   707.79   712.05      0.309
     8364961       -960        232   779.00   783.26      0.298
     9203963       -960        256   857.33   861.59      0.299
    10118940       -960        274   943.49   947.75       0.29
    11125823       -960        300  1038.27  1042.53      0.289
    12238139       -960        328  1142.53  1146.79      0.287
    13459661       -960        360  1257.21  1261.47      0.286
    14805027       -960        408  1383.36  1387.62      0.295
    16291290       -960        441  1522.13  1526.39       0.29
    17921639       -960        477  1674.77  1679.03      0.285
    18755740       -960        500  1752.52  1756.78      0.285
Time to solution 3.50504s, assuming true minimum is -960
