N=8
Mode: 1
Seed: 685
Search strategy: 0
Initialising random weight matrix with 502 working nodes
502 working nodes out of 512
States are 0,1
Weight-choosing mode: 5
Min time to run: 0.5s
Max time to run: 1e+10s
Solutions are independent
           1       -956          0     0.00     0.00       -nan
          12       -960          0     0.00     0.00       -nan
          56       -964          0     0.00     0.01       -nan
         414       -966          0     0.00     0.05       -nan
         640       -970          0     0.00     0.07       -nan
       53924       -970          8     5.00     5.07        1.6
      106472       -970         15    10.00    10.07        1.5
      156855       -970         22    15.00    15.07       1.47
      209744       -970         35    20.00    20.07       1.75
      261398       -970         49    25.00    25.07       1.96
      312933       -970         59    30.00    30.07       1.97
      366070       -970         69    35.00    35.07       1.97
      417945       -970         81    40.00    40.07       2.02
      469496       -970         92    45.00    45.07       2.04
      521846       -970        101    50.00    50.07       2.02
      571579       -970        115    55.01    55.08       2.09
      630555       -970        127    60.52    60.59        2.1
      694061       -970        141    66.58    66.65       2.12
      764553       -970        151    73.25    73.32       2.06
      840527       -970        169    80.59    80.66        2.1
      923997       -970        181    88.66    88.73       2.04
     1017370       -970        196    97.54    97.61       2.01
     1119741       -970        212   107.31   107.38       1.98
     1232083       -970        241   118.05   118.12       2.04
     1356320       -970        261   129.87   129.94       2.01
     1491765       -970        291   142.87   142.94       2.04
     1640304       -970        314   157.17   157.24          2
     1803922       -970        341   172.90   172.97       1.97
     1983259       -970        374   190.20   190.27       1.97
     2182685       -970        421   209.23   209.30       2.01
     2405436       -970        460   230.17   230.24          2
     2566327       -970        500   245.59   245.66       2.04
Time to solution 0.49118s, assuming true minimum is -970
