N=8
Mode: 1
Seed: 688
Search strategy: 0
Initialising random weight matrix with 502 working nodes
502 working nodes out of 512
States are 0,1
Weight-choosing mode: 5
Min time to run: 0.5s
Max time to run: 1e+10s
Solutions are independent
           1       -956          0     0.00     0.00       -nan
           4       -966          0     0.00     0.00       -nan
          92       -968          0     0.00     0.00       -nan
         221       -970          0     0.00     0.02       -nan
        1363       -972          0     0.00     0.13       -nan
        7433       -974          0     0.00     0.68       -nan
       62969       -974         35     5.00     5.68          7
      117000       -974         70    10.00    10.68          7
      171575       -974        103    15.00    15.68       6.87
      226292       -974        138    20.00    20.68        6.9
      281222       -974        177    25.00    25.68       7.08
      336008       -974        212    30.00    30.68       7.07
      389216       -974        241    35.00    35.68       6.89
      443642       -974        265    40.00    40.68       6.62
      498846       -974        300    45.00    45.68       6.67
      555699       -974        343    50.00    50.68       6.86
      610635       -974        375    55.07    55.75       6.81
      672192       -974        418    60.65    61.33       6.89
      739720       -974        461    66.79    67.47        6.9
      804105       -974        500    72.61    73.29       6.89
Time to solution 0.14522s, assuming true minimum is -974
