N=8
Mode: 1
Seed: 689
Search strategy: 0
Initialising random weight matrix with 502 working nodes
502 working nodes out of 512
States are 0,1
Weight-choosing mode: 5
Min time to run: 0.5s
Max time to run: 1e+10s
Solutions are independent
           1       -968          0     0.00     0.00       -nan
           2       -976          0     0.00     0.00       -nan
           3       -998          0     0.00     0.00       -nan
          20      -1000          0     0.00     0.00       -nan
         414      -1002          0     0.00     0.03       -nan
         415      -1004          0     0.00     0.03       -nan
       16879      -1006          0     0.00     1.54       -nan
       71567      -1006         16     5.00     6.54        3.2
      124302      -1006         23    10.00    11.54        2.3
      177025      -1006         33    15.00    16.54        2.2
      229578      -1006         38    20.00    21.54        1.9
      279917      -1006         42    25.00    26.54       1.68
      335261      -1006         52    30.00    31.54       1.73
      387592      -1006         60    35.00    36.54       1.71
      442273      -1006         75    40.00    41.54       1.88
      494290      -1006         86    45.00    46.54       1.91
      548307      -1006         92    50.00    51.54       1.84
      605129      -1006        106    55.16    56.70       1.92
      664089      -1006        112    60.84    62.38       1.84
      730767      -1006        120    67.08    68.62       1.79
      804437      -1006        135    73.95    75.49       1.83
      885525      -1006        150    81.50    83.04       1.84
      974606      -1006        164    89.81    91.35       1.83
     1069575      -1006        176    98.95   100.49       1.78
     1179489      -1006        190   109.00   110.54       1.74
     1299417      -1006        206   120.06   121.60       1.72
     1431789      -1006        222   132.22   133.76       1.68
     1577290      -1006        250   145.60   147.14       1.72
     1736976      -1006        282   160.32   161.86       1.76
     1905582      -1006        306   176.51   178.05       1.73
     2099490      -1006        347   194.32   195.86       1.79
     2305926      -1006        368   213.91   215.45       1.72
     2535099      -1006        395   235.46   237.00       1.68
     2789901      -1006        438   259.17   260.71       1.69
     3066776      -1006        470   285.25   286.79       1.65
     3253900      -1006        500   302.51   304.05       1.65
Time to solution 0.60502s, assuming true minimum is -1006
