N=8
Mode: 1
Seed: 69
Search strategy: 0
Initialising random weight matrix with 502 working nodes
502 working nodes out of 512
States are 0,1
Weight-choosing mode: 5
Min time to run: 1000s
Max time to run: 10000s
Groundtruth: -972
           1       -958          1     0.00
          28       -960          1     0.00
          46       -964          1     0.00
          66       -966          1     0.01
         150       -968          1     0.02
        1334       -970          1     0.24
        2924       -972          1     0.53
       29718       -972          3     5.53
       56659       -972          4    10.54
       83489       -972          7    15.54
      110360       -972         12    20.54
      137171       -972         13    25.54
      164024       -972         16    30.54
      190886       -972         20    35.54
      217697       -972         23    40.54
      244512       -972         23    45.54
      271361       -972         24    50.54
      298485       -972         24    55.60
      328334       -972         31    61.17
      361198       -972         33    67.29
      397348       -972         37    74.02
      437214       -972         38    81.43
      481013       -972         44    89.58
      529138       -972         47    98.54
      582112       -972         53   108.40
      640430       -972         66   119.25
      704532       -972         76   131.18
      775099       -972         82   144.30
      852604       -972         88   158.74
      937899       -972         97   174.62
     1031961       -972        107   192.09
     1135201       -972        118   211.30
     1248899       -972        128   232.44
     1373842       -972        142   255.69
     1511248       -972        149   281.26
     1662390       -972        170   309.39
     1828705       -972        194   340.33
     2011460       -972        212   374.37
     2212794       -972        232   411.81
     2433990       -972        254   453.00
     2677473       -972        282   498.31
     2945329       -972        312   548.15
     3239982       -972        343   602.97
     3563925       -972        385   663.27
     3920552       -972        445   729.60
     4312441       -972        477   802.57
     4743674       -972        527   882.83
     5218399       -972        580   971.12
     5373513       -972        601  1000.00
Time to solution 1.66389s, assuming true minimum is -972
