N=8
Mode: 1
Seed: 691
Search strategy: 0
Initialising random weight matrix with 502 working nodes
502 working nodes out of 512
States are 0,1
Weight-choosing mode: 5
Min time to run: 0.5s
Max time to run: 1e+10s
Solutions are independent
           1       -920          0     0.00     0.00       -nan
         153       -924          0     0.00     0.02       -nan
         161       -926          0     0.00     0.02       -nan
         177       -928          0     0.00     0.02       -nan
         198       -930          0     0.00     0.02       -nan
        4279       -932          0     0.00     0.40       -nan
        8833       -934          0     0.00     0.77       -nan
       54483       -936          0     0.00     4.77       -nan
      111371       -936          3     5.00     9.77        0.6
      167494       -936          4    10.00    14.77        0.4
      225200       -936          8    15.00    19.77      0.533
      284033       -936         11    20.00    24.77       0.55
      341490       -936         15    25.00    29.77        0.6
      397686       -936         16    30.00    34.77      0.533
      454765       -936         21    35.00    39.77        0.6
      512722       -936         24    40.00    44.77        0.6
      569064       -936         25    45.00    49.77      0.556
      628210       -936         28    50.00    54.77       0.56
      691503       -936         30    55.48    60.25      0.541
      760420       -936         32    61.51    66.28       0.52
      836402       -936         35    68.14    72.91      0.514
      918255       -936         37    75.44    80.21       0.49
     1010883       -936         44    83.47    88.24      0.527
     1112131       -936         48    92.30    97.07       0.52
     1223946       -936         51   102.01   106.78        0.5
     1346417       -936         55   112.69   117.46      0.488
     1479844       -936         58   124.44   129.21      0.466
     1626138       -936         62   137.37   142.14      0.451
     1787268       -936         66   151.59   156.36      0.435
     1963887       -936         71   167.23   172.00      0.425
     2161107       -936         80   184.44   189.21      0.434
     2380501       -936         90   203.37   208.14      0.443
     2619739       -936        101   224.19   228.96      0.451
     2881245       -936        112   247.09   251.86      0.453
     3170089       -936        126   272.28   277.05      0.463
     3488437       -936        141   299.99   304.76       0.47
     3837891       -936        159   330.47   335.24      0.481
     4225871       -936        178   364.00   368.77      0.489
     4650030       -936        194   400.88   405.65      0.484
     5118383       -936        224   441.45   446.22      0.507
     5636545       -936        245   486.08   490.85      0.504
     6200394       -936        273   535.17   539.94       0.51
     6830024       -936        295   589.17   593.94      0.501
     7511222       -936        331   648.57   653.34       0.51
     8268883       -936        371   713.91   718.68       0.52
     9089290       -936        406   785.78   790.55      0.517
     9999982       -936        451   864.84   869.61      0.521
    10998477       -936        499   951.81   956.58      0.524
    11036972       -936        500   955.21   959.98      0.523
Time to solution 1.91042s, assuming true minimum is -936
