N=8
Mode: 1
Seed: 693
Search strategy: 0
Initialising random weight matrix with 502 working nodes
502 working nodes out of 512
States are 0,1
Weight-choosing mode: 5
Min time to run: 0.5s
Max time to run: 1e+10s
Solutions are independent
           1       -940          0     0.00     0.00       -nan
          32       -946          0     0.00     0.00       -nan
         261       -952          0     0.00     0.02       -nan
       10859       -954          0     0.00     0.94       -nan
       67252       -954         13     5.00     5.94        2.6
      126406       -954         23    10.01    10.95        2.3
      182862       -954         29    15.01    15.95       1.93
      242300       -954         46    20.01    20.95        2.3
      301516       -954         58    25.01    25.95       2.32
      358673       -954         63    30.01    30.95        2.1
      417927       -954         78    35.01    35.95       2.23
      475655       -954         90    40.01    40.95       2.25
      533473       -954         97    45.01    45.95       2.16
      590396       -954        109    50.01    50.95       2.18
      649551       -954        125    55.11    56.05       2.27
      714609       -954        142    60.72    61.66       2.34
      787033       -954        154    66.89    67.83        2.3
      865374       -954        171    73.68    74.62       2.32
      951493       -954        189    81.15    82.09       2.33
     1047331       -954        202    89.36    90.30       2.26
     1152676       -954        227    98.39    99.33       2.31
     1267122       -954        254   108.33   109.27       2.34
     1395654       -954        285   119.26   120.20       2.39
     1534810       -954        316   131.29   132.23       2.41
     1687694       -954        348   144.52   145.46       2.41
     1856092       -954        383   159.07   160.01       2.41
     2042425       -954        419   175.08   176.02       2.39
     2250081       -954        465   192.69   193.63       2.41
     2447262       -954        500   209.37   210.31       2.39
Time to solution 0.41874s, assuming true minimum is -954
