N=8
Mode: 1
Seed: 697
Search strategy: 0
Initialising random weight matrix with 502 working nodes
502 working nodes out of 512
States are 0,1
Weight-choosing mode: 5
Min time to run: 0.5s
Max time to run: 1e+10s
Solutions are independent
           1       -964          0     0.00     0.00       -nan
         209       -970          0     0.00     0.04       -nan
        1389       -972          0     0.00     0.14       -nan
       44051       -974          0     0.00     3.99       -nan
       97802       -974          6     5.00     8.99        1.2
      150979       -974         13    10.00    13.99        1.3
      204414       -974         19    15.01    19.00       1.27
      213809       -976          0     0.00    19.81       -nan
      268528       -976          0     5.00    24.81          0
      324095       -976          0    10.00    29.81          0
      378499       -976          1    15.00    34.81     0.0667
      433596       -976          2    20.00    39.81        0.1
      491288       -976          2    25.00    44.81       0.08
      546407       -976          2    30.00    49.81     0.0667
      601703       -976          2    35.00    54.81     0.0571
      659497       -976          2    40.49    60.30     0.0494
      725849       -976          3    46.52    66.33     0.0645
      797447       -976          3    53.16    72.97     0.0564
      874892       -976          3    60.46    80.27     0.0496
      960992       -976          3    68.49    88.30     0.0438
     1058215       -976          3    77.33    97.14     0.0388
     1164043       -976          5    87.05   106.86     0.0574
     1277978       -976          5    97.74   117.55     0.0512
     1403514       -976          5   109.50   129.31     0.0457
     1547157       -976          5   122.44   142.25     0.0408
     1700445       -976          6   136.67   156.48     0.0439
     1865064       -976          6   152.32   172.13     0.0394
     2050298       -976          8   169.54   189.35     0.0472
     2255426       -976          8   188.48   208.29     0.0424
     2486515       -976          8   209.31   229.12     0.0382
     2737529       -976          9   232.23   252.04     0.0388
     3017158       -976         10   257.44   277.25     0.0388
     3320848       -976         11   285.17   304.98     0.0386
     3657451       -976         13   315.67   335.48     0.0412
     4018582       -976         13   349.22   369.03     0.0372
     4423533       -976         14   386.13   405.94     0.0363
     4865087       -976         16   426.73   446.54     0.0375
     5351250       -976         17   471.39   491.20     0.0361
     5893076       -976         19   520.51   540.32     0.0365
     6476605       -976         21   574.55   594.36     0.0366
     7126532       -976         23   633.99   653.80     0.0363
     7838803       -976         25   699.38   719.19     0.0357
     8606913       -976         29   771.30   791.11     0.0376
     9468611       -976         31   850.42   870.23     0.0365
    10420201       -976         39   937.45   957.26     0.0416
    11459513       -976         46  1033.18  1052.99     0.0445
    12606982       -976         50  1138.48  1158.29     0.0439
    13849338       -976         54  1254.31  1274.12     0.0431
    15235392       -976         60  1381.73  1401.54     0.0434
    16757298       -976         70  1521.89  1541.70      0.046
    18431012       -976         76  1676.07  1695.88     0.0453
    20247692       -976         81  1845.66  1865.47     0.0439
    22261432       -976         92  2032.21  2052.02     0.0453
    24483930       -976        112  2237.42  2257.23     0.0501
    26929236       -976        124  2463.15  2482.96     0.0503
    29616190       -976        136  2711.45  2731.26     0.0502
    32584154       -976        152  2984.58  3004.39     0.0509
    35849713       -976        166  3285.02  3304.83     0.0505
    39441934       -976        190  3615.51  3635.32     0.0526
    43361046       -976        206  3979.05  3998.86     0.0518
    47690755       -976        223  4378.94  4398.75     0.0509
    52487746       -976        241  4818.82  4838.63       0.05
    57765100       -976        260  5302.69  5322.50      0.049
    63560583       -976        280  5834.95  5854.76      0.048
    69958592       -976        301  6420.43  6440.24     0.0469
    76950519       -976        327  7064.46  7084.27     0.0463
    84684596       -976        357  7772.89  7792.70     0.0459
    93151815       -976        408  8552.17  8571.98     0.0477
   102424388       -976        451  9409.37  9429.18     0.0479
   112609842       -976        500 10342.75 10362.56     0.0483
Time to solution 20.6855s, assuming true minimum is -976
