N=8
Mode: 1
Seed: 698
Search strategy: 0
Initialising random weight matrix with 502 working nodes
502 working nodes out of 512
States are 0,1
Weight-choosing mode: 5
Min time to run: 0.5s
Max time to run: 1e+10s
Solutions are independent
           1       -906          0     0.00     0.00       -nan
           2       -918          0     0.00     0.00       -nan
           3       -920          0     0.00     0.00       -nan
           7       -922          0     0.00     0.00       -nan
         292       -926          0     0.00     0.03       -nan
         352       -928          0     0.00     0.04       -nan
        3365       -930          0     0.00     0.31       -nan
       47585       -932          0     0.00     4.41       -nan
      101737       -932          1     5.00     9.41        0.2
      155257       -932          1    10.00    14.41        0.1
      210070       -932          2    15.00    19.41      0.133
      266185       -932          2    20.00    24.41        0.1
      319828       -932          2    25.00    29.41       0.08
      374151       -932          3    30.00    34.41        0.1
      429150       -932          4    35.00    39.41      0.114
      482770       -932          4    40.00    44.41        0.1
      537472       -932          5    45.00    49.41      0.111
      589869       -932          5    50.00    54.41        0.1
      650098       -932          5    55.45    59.86     0.0902
      714477       -932          5    61.44    65.85     0.0814
      785637       -932          6    68.03    72.44     0.0882
      865160       -932          7    75.28    79.69      0.093
      951182       -932          8    83.25    87.66     0.0961
     1044655       -932          8    92.02    96.43     0.0869
     1151256       -932          8   101.67   106.08     0.0787
     1265330       -932         10   112.28   116.69     0.0891
     1390620       -932         12   123.95   128.36     0.0968
     1531277       -932         14   136.79   141.20      0.102
     1684140       -932         15   150.91   155.32     0.0994
     1850138       -932         16   166.45   170.86     0.0961
     2041472       -932         16   183.54   187.95     0.0872
     2242534       -932         21   202.34   206.75      0.104
     2465131       -932         23   223.02   227.43      0.103
     2710303       -932         24   245.77   250.18     0.0977
     2983663       -932         26   270.79   275.20      0.096
     3277788       -932         30   298.31   302.72      0.101
     3606131       -932         34   328.59   333.00      0.103
     3971806       -932         40   361.89   366.30      0.111
     4361345       -932         40   398.53   402.94        0.1
     4795236       -932         45   438.83   443.24      0.103
     5272693       -932         47   483.16   487.57     0.0973
     5797037       -932         50   531.92   536.33      0.094
     6377330       -932         57   585.56   589.97     0.0973
     7022734       -932         61   644.56   648.97     0.0946
     7724023       -932         67   709.46   713.87     0.0944
     8490972       -932         70   780.85   785.26     0.0896
     9343337       -932         76   859.38   863.79     0.0884
    10274992       -932         83   945.76   950.17     0.0878
    11302360       -932         91  1040.78  1045.19     0.0874
    12433779       -932        102  1145.30  1149.71     0.0891
    13659537       -932        112  1260.28  1264.69     0.0889
    15012910       -932        122  1386.75  1391.16      0.088
    16527779       -932        134  1525.87  1530.28     0.0878
    18180572       -932        148  1678.90  1683.31     0.0882
    20004072       -932        161  1847.24  1851.65     0.0872
    22018150       -932        185  2032.41  2036.82      0.091
    24227733       -932        201  2236.10  2240.51     0.0899
    26638192       -932        218  2460.16  2464.57     0.0886
    29286279       -932        237  2706.62  2711.03     0.0876
    32214222       -932        255  2977.73  2982.14     0.0856
    35430229       -932        274  3275.95  3280.36     0.0836
    38964258       -932        298  3603.99  3608.40     0.0827
    42860770       -932        322  3964.84  3969.25     0.0812
    47140280       -932        358  4361.77  4366.18     0.0821
    51837676       -932        390  4798.39  4802.80     0.0813
    57024642       -932        436  5278.68  5283.09     0.0826
    62712506       -932        476  5806.99  5811.40      0.082
    66537626       -932        500  6163.65  6168.06     0.0811
Time to solution 12.3273s, assuming true minimum is -932
