N=8
Mode: 1
Seed: 699
Search strategy: 0
Initialising random weight matrix with 502 working nodes
502 working nodes out of 512
States are 0,1
Weight-choosing mode: 5
Min time to run: 0.5s
Max time to run: 1e+10s
Solutions are independent
           1      -1010          0     0.00     0.00       -nan
          16      -1012          0     0.00     0.00       -nan
         127      -1014          0     0.00     0.02       -nan
        1612      -1016          0     0.00     0.18       -nan
        7999      -1018          0     0.00     0.77       -nan
       57624      -1018         22     5.00     5.77        4.4
      109036      -1018         40    10.00    10.77          4
      159836      -1018         68    15.00    15.77       4.53
      211681      -1018         85    20.00    20.77       4.25
      263727      -1018        109    25.00    25.77       4.36
      314532      -1018        122    30.00    30.77       4.07
      365939      -1018        141    35.00    35.77       4.03
      417515      -1018        158    40.00    40.77       3.95
      468118      -1018        177    45.00    45.77       3.93
      519250      -1018        191    50.00    50.77       3.82
      570683      -1018        218    55.08    55.85       3.96
      627363      -1018        246    60.67    61.44       4.05
      689567      -1018        277    66.82    67.59       4.15
      758081      -1018        307    73.58    74.35       4.17
      835052      -1018        345    81.02    81.79       4.26
      918003      -1018        374    89.20    89.97       4.19
     1010633      -1018        399    98.20    98.97       4.06
     1109119      -1018        435   108.10   108.87       4.02
     1221040      -1018        475   118.99   119.76       3.99
     1283594      -1018        500   125.10   125.87          4
Time to solution 0.2502s, assuming true minimum is -1018
