N=8
Mode: 1
Seed: 702
Search strategy: 0
Initialising random weight matrix with 502 working nodes
502 working nodes out of 512
States are 0,1
Weight-choosing mode: 5
Min time to run: 0.5s
Max time to run: 1e+10s
Solutions are independent
           1       -922          0     0.00     0.00       -nan
          14       -924          0     0.00     0.00       -nan
         651       -926          0     0.00     0.06       -nan
        2406       -928          0     0.00     0.22       -nan
        3032       -930          0     0.00     0.28       -nan
       48592       -932          0     0.00     4.27       -nan
      103483       -932         10     5.00     9.27          2
      158629       -932         22    10.00    14.27        2.2
      211919       -932         27    15.00    19.27        1.8
      266490       -932         33    20.00    24.27       1.65
      322036       -932         39    25.00    29.27       1.56
      375979       -932         43    30.00    34.27       1.43
      429213       -932         51    35.00    39.27       1.46
      485170       -932         63    40.00    44.27       1.57
      539237       -932         68    45.00    49.27       1.51
      593534       -932         76    50.00    54.27       1.52
      655056       -932         89    55.43    59.70       1.61
      722014       -932        100    61.40    65.67       1.63
      793836       -932        109    67.97    72.24        1.6
      872535       -932        125    75.20    79.47       1.66
      960083       -932        135    83.15    87.42       1.62
     1058156       -932        152    91.90    96.17       1.65
     1164487       -932        171   101.52   105.79       1.68
     1279159       -932        182   112.10   116.37       1.62
     1410179       -932        202   123.74   128.01       1.63
     1550968       -932        231   136.55   140.82       1.69
     1706475       -932        255   150.64   154.91       1.69
     1877639       -932        281   166.14   170.41       1.69
     2069689       -932        308   183.19   187.46       1.68
     2277443       -932        343   201.94   206.21        1.7
     2505417       -932        376   222.57   226.84       1.69
     2759862       -932        420   245.26   249.53       1.71
     3033111       -932        456   270.22   274.49       1.69
     3306697       -932        500   294.92   299.19        1.7
Time to solution 0.58984s, assuming true minimum is -932
