N=8
Mode: 1
Seed: 703
Search strategy: 0
Initialising random weight matrix with 502 working nodes
502 working nodes out of 512
States are 0,1
Weight-choosing mode: 5
Min time to run: 0.5s
Max time to run: 1e+10s
Solutions are independent
           1       -970          0     0.00     0.00       -nan
           2       -974          0     0.00     0.00       -nan
           3       -986          0     0.00     0.00       -nan
           4       -992          0     0.00     0.00       -nan
          78       -994          0     0.00     0.01       -nan
         137       -996          0     0.00     0.02       -nan
         172       -998          0     0.00     0.02       -nan
         671      -1000          0     0.00     0.07       -nan
        1177      -1002          0     0.00     0.11       -nan
       37285      -1004          0     0.00     3.25       -nan
       91833      -1004          0     5.00     8.25          0
      146673      -1004          5    10.00    13.25        0.5
      202403      -1004          7    15.00    18.25      0.467
      259131      -1004         10    20.00    23.25        0.5
      315183      -1004         12    25.00    28.25       0.48
      370091      -1004         13    30.00    33.25      0.433
      425911      -1004         15    35.00    38.25      0.429
      481399      -1004         16    40.00    43.25        0.4
      535580      -1004         20    45.00    48.25      0.444
      592464      -1004         24    50.00    53.25       0.48
      650848      -1004         29    55.33    58.58      0.524
      716189      -1004         31    61.19    64.44      0.507
      788283      -1004         33    67.64    70.89      0.488
      865426      -1004         36    74.73    77.98      0.482
      951079      -1004         44    82.53    85.78      0.533
     1045693      -1004         50    91.11    94.36      0.549
     1151267      -1004         54   100.55   103.80      0.537
     1268512      -1004         61   110.93   114.18       0.55
     1395839      -1004         73   122.35   125.60      0.597
     1535824      -1004         81   134.91   138.16        0.6
     1690767      -1004         93   148.73   151.98      0.625
     1860113      -1004         98   163.93   167.18      0.598
     2048837      -1004        109   180.65   183.90      0.603
     2252900      -1004        123   199.05   202.30      0.618
     2478809      -1004        137   219.29   222.54      0.625
     2729053      -1004        146   241.55   244.80      0.604
     3003406      -1004        166   266.04   269.29      0.624
     3301718      -1004        183   292.97   296.22      0.625
     3632669      -1004        206   322.60   325.85      0.639
     3993129      -1004        225   355.19   358.44      0.633
     4393876      -1004        243   391.04   394.29      0.621
     4827224      -1004        269   430.47   433.72      0.625
     5309995      -1004        305   473.85   477.10      0.644
     5840638      -1004        329   521.57   524.82      0.631
     6420559      -1004        359   574.06   577.31      0.625
     7063726      -1004        408   631.80   635.05      0.646
     7769392      -1004        452   695.31   698.56       0.65
     8524778      -1004        500   763.62   766.87      0.655
Time to solution 1.52724s, assuming true minimum is -1004
