N=8
Mode: 1
Seed: 705
Search strategy: 0
Initialising random weight matrix with 502 working nodes
502 working nodes out of 512
States are 0,1
Weight-choosing mode: 5
Min time to run: 0.5s
Max time to run: 1e+10s
Solutions are independent
           1       -900          0     0.00     0.00       -nan
           2       -926          0     0.00     0.00       -nan
           7       -930          0     0.00     0.00       -nan
           8       -940          0     0.00     0.00       -nan
         133       -942          0     0.00     0.02       -nan
         223       -944          0     0.00     0.02       -nan
        1032       -946          0     0.00     0.10       -nan
        3353       -948          0     0.00     0.30       -nan
       10325       -950          0     0.00     0.91       -nan
       65387       -950         14     5.00     5.91        2.8
       87759       -952          0     0.00     7.90       -nan
      143773       -952          2     5.00    12.90        0.4
      199521       -952          4    10.00    17.90        0.4
      252044       -952          5    15.00    22.90      0.333
      309039       -952          8    20.00    27.90        0.4
      366127       -952         12    25.00    32.90       0.48
      420833       -952         14    30.00    37.90      0.467
      476615       -952         17    35.00    42.90      0.486
      531014       -952         17    40.00    47.90      0.425
      586374       -952         19    45.00    52.90      0.422
      644611       -952         20    50.30    58.20      0.398
      708318       -952         20    56.13    64.03      0.356
      777928       -952         22    62.54    70.44      0.352
      855555       -952         25    69.59    77.49      0.359
      938824       -952         29    77.34    85.24      0.375
     1035842       -952         33    85.87    93.77      0.384
     1137780       -952         37    95.25   103.15      0.388
     1252618       -952         44   105.57   113.47      0.417
     1378350       -952         48   116.92   124.82      0.411
     1515618       -952         53   129.41   137.31       0.41
     1664758       -952         55   143.15   151.05      0.384
     1831009       -952         63   158.26   166.16      0.398
     2016466       -952         69   174.88   182.78      0.395
     2217587       -952         78   193.16   201.06      0.404
     2438991       -952         80   213.27   221.17      0.375
     2685752       -952         89   235.39   243.29      0.378
     2954805       -952        100   259.72   267.62      0.385
     3249110       -952        108   286.49   294.39      0.377
     3578796       -952        125   315.93   323.83      0.396
     3932137       -952        135   348.32   356.22      0.388
     4325766       -952        155   383.95   391.85      0.404
     4754429       -952        166   423.14   431.04      0.392
     5229768       -952        192   466.25   474.15      0.412
     5749592       -952        218   513.67   521.57      0.424
     6328411       -952        242   565.83   573.73      0.428
     6954438       -952        267   623.21   631.11      0.428
     7644839       -952        287   686.33   694.23      0.418
     8412124       -952        326   755.76   763.66      0.431
     9256750       -952        351   832.13   840.03      0.422
    10182446       -952        389   916.14   924.04      0.425
    11198342       -952        433  1008.55  1016.45      0.429
    12311135       -952        477  1110.20  1118.10       0.43
    13038827       -952        500  1176.81  1184.71      0.425
Time to solution 2.35362s, assuming true minimum is -952
