N=8
Mode: 1
Seed: 71
Search strategy: 0
Initialising random weight matrix with 502 working nodes
502 working nodes out of 512
States are 0,1
Weight-choosing mode: 5
Min time to run: 0.5s
Max time to run: 1e+10s
Solutions are independent
           1       -924          0     0.00     0.00       -nan
           4       -932          0     0.00     0.00       -nan
           5       -936          0     0.00     0.00       -nan
          89       -938          0     0.00     0.01       -nan
          94       -940          0     0.00     0.01       -nan
        2148       -942          0     0.00     0.21       -nan
       11154       -944          0     0.00     1.01       -nan
       14103       -946          0     0.00     1.28       -nan
       16334       -948          0     0.00     1.44       -nan
       76440       -948          8     5.00     6.44        1.6
      137771       -948         15    10.01    11.45        1.5
      194487       -948         20    15.01    16.45       1.33
      254800       -948         25    20.01    21.45       1.25
      313843       -948         33    25.01    26.45       1.32
      372175       -948         38    30.01    31.45       1.27
      430132       -948         38    35.01    36.45       1.09
      489590       -948         43    40.01    41.45       1.07
      549464       -948         47    45.01    46.45       1.04
      609672       -948         52    50.01    51.45       1.04
      670659       -948         55    55.16    56.60      0.997
      737339       -948         64    60.83    62.27       1.05
      810005       -948         70    67.06    68.50       1.04
      890707       -948         77    73.92    75.36       1.04
      979098       -948         88    81.46    82.90       1.08
     1077539       -948         98    89.76    91.20       1.09
     1185929       -948        113    98.89   100.33       1.14
     1307028       -948        121   108.93   110.37       1.11
     1435827       -948        130   119.97   121.41       1.08
     1581804       -948        140   132.12   133.56       1.06
     1739818       -948        151   145.48   146.92       1.04
     1912716       -948        165   160.18   161.62       1.03
     2103698       -948        179   176.35   177.79       1.02
     2311941       -948        189   194.13   195.57      0.974
     2543366       -948        206   213.69   215.13      0.964
     2794972       -948        226   235.21   236.65      0.961
     3073228       -948        252   258.88   260.32      0.973
     3377891       -948        276   284.92   286.36      0.969
     3717777       -948        306   313.56   315.00      0.976
     4091482       -948        329   345.06   346.50      0.953
     4501668       -948        366   379.72   381.16      0.964
     4955997       -948        396   417.84   419.28      0.948
     5449603       -948        441   459.77   461.21      0.959
     5995540       -948        486   505.90   507.34      0.961
     6106347       -948        500   515.33   516.77       0.97
Time to solution 1.03066s, assuming true minimum is -948
