N=8
Mode: 1
Seed: 714
Search strategy: 0
Initialising random weight matrix with 502 working nodes
502 working nodes out of 512
States are 0,1
Weight-choosing mode: 5
Min time to run: 0.5s
Max time to run: 1e+10s
Solutions are independent
           1       -978          0     0.00     0.00       -nan
           2       -980          0     0.00     0.00       -nan
           3       -982          0     0.00     0.00       -nan
          25       -984          0     0.00     0.00       -nan
        1647       -986          0     0.00     0.18       -nan
        5384       -990          0     0.00     0.55       -nan
       57889       -990          7     5.00     5.55        1.4
      108718       -990         11    10.00    10.55        1.1
      161265       -990         17    15.00    15.55       1.13
      214613       -990         24    20.00    20.55        1.2
      264945       -990         27    25.00    25.55       1.08
      318133       -990         31    30.00    30.55       1.03
      369396       -990         37    35.00    35.55       1.06
      420595       -990         42    40.00    40.55       1.05
      472660       -990         46    45.00    45.55       1.02
      525558       -990         54    50.00    50.55       1.08
      577526       -990         62    55.06    55.61       1.13
      633909       -990         69    60.63    61.18       1.14
      696635       -990         78    66.75    67.30       1.17
      766042       -990         86    73.48    74.03       1.17
      843142       -990         92    80.89    81.44       1.14
      928706       -990        101    89.04    89.59       1.13
     1022446       -990        107    98.00    98.55       1.09
     1125002       -990        122   107.86   108.41       1.13
     1237539       -990        137   118.71   119.26       1.15
     1363180       -990        155   130.64   131.19       1.19
     1500991       -990        166   143.76   144.31       1.15
     1651103       -990        187   158.20   158.75       1.18
     1815420       -990        203   174.08   174.63       1.17
     1998355       -990        229   191.55   192.10        1.2
     2198770       -990        251   210.76   211.31       1.19
     2415078       -990        264   231.90   232.45       1.14
     2659447       -990        300   255.15   255.70       1.18
     2923076       -990        330   280.72   281.27       1.18
     3214382       -990        362   308.85   309.40       1.17
     3534686       -990        400   339.79   340.34       1.18
     3886233       -990        439   373.83   374.38       1.17
     4277766       -990        492   411.27   411.82        1.2
     4378388       -990        500   421.13   421.68       1.19
Time to solution 0.84226s, assuming true minimum is -990
