N=8
Mode: 1
Seed: 716
Search strategy: 0
Initialising random weight matrix with 502 working nodes
502 working nodes out of 512
States are 0,1
Weight-choosing mode: 5
Min time to run: 0.5s
Max time to run: 1e+10s
Solutions are independent
           1       -890          0     0.00     0.00       -nan
           3       -892          0     0.00     0.00       -nan
           6       -900          0     0.00     0.00       -nan
          20       -904          0     0.00     0.00       -nan
          22       -908          0     0.00     0.00       -nan
          41       -910          0     0.00     0.01       -nan
          50       -912          0     0.00     0.01       -nan
         537       -914          0     0.00     0.06       -nan
        2747       -918          0     0.00     0.26       -nan
       34653       -920          0     0.00     3.09       -nan
       87837       -922          0     0.00     7.82       -nan
      141354       -922          2     5.00    12.82        0.4
      197584       -922          3    10.00    17.82        0.3
      250150       -922          4    15.00    22.82      0.267
      305123       -922          5    20.00    27.82       0.25
      359696       -922          6    25.00    32.82       0.24
      414318       -922          8    30.00    37.82      0.267
      468610       -922          8    35.00    42.82      0.229
      521386       -922          9    40.00    47.82      0.225
      576619       -922         11    45.00    52.82      0.244
      635482       -922         12    50.29    58.11      0.239
      697496       -922         12    56.11    63.93      0.214
      763853       -922         13    62.51    70.33      0.208
      840931       -922         14    69.55    77.37      0.201
      926957       -922         16    77.29    85.11      0.207
     1019900       -922         17    85.81    93.63      0.198
     1122013       -922         19    95.18   103.00        0.2
     1233049       -922         22   105.49   113.31      0.209
     1354890       -922         24   116.83   124.65      0.205
     1492159       -922         28   129.30   137.12      0.217
     1639587       -922         30   143.02   150.84       0.21
     1802370       -922         33   158.11   165.93      0.209
     1983164       -922         37   174.71   182.53      0.212
     2177984       -922         40   192.97   200.79      0.207
     2395356       -922         43   213.05   220.87      0.202
     2632835       -922         47   235.14   242.96        0.2
     2897539       -922         51   259.44   267.26      0.197
     3185041       -922         59   286.17   293.99      0.206
     3503415       -922         65   315.57   323.39      0.206
     3857697       -922         78   347.91   355.73      0.224
     4246581       -922         84   383.49   391.31      0.219
     4672105       -922         89   422.63   430.45      0.211
     5144734       -922         98   465.68   473.50       0.21
     5650760       -922        107   513.03   520.85      0.209
     6216908       -922        118   565.12   572.94      0.209
     6839717       -922        136   622.42   630.24      0.219
     7523082       -922        153   685.45   693.27      0.223
     8272712       -922        168   754.78   762.60      0.223
     9100105       -922        188   831.05   838.87      0.226
    10002930       -922        205   914.94   922.76      0.224
    11000278       -922        221  1007.22  1015.04      0.219
    12108202       -922        252  1108.73  1116.55      0.227
    13300696       -922        268  1220.39  1228.21       0.22
    14622471       -922        297  1343.22  1351.04      0.221
    16096041       -922        335  1478.33  1486.15      0.227
    17710672       -922        367  1626.95  1634.77      0.226
    19491076       -922        407  1790.43  1798.25      0.227
    21444970       -922        450  1970.26  1978.08      0.228
    22942482       -922        500  2108.56  2116.38      0.237
Time to solution 4.21712s, assuming true minimum is -922
