N=8
Mode: 1
Seed: 718
Search strategy: 0
Initialising random weight matrix with 502 working nodes
502 working nodes out of 512
States are 0,1
Weight-choosing mode: 5
Min time to run: 0.5s
Max time to run: 1e+10s
Solutions are independent
           1       -920          0     0.00     0.00       -nan
          91       -924          0     0.00     0.02       -nan
         130       -926          0     0.00     0.02       -nan
         141       -928          0     0.00     0.02       -nan
         168       -932          0     0.00     0.02       -nan
        2657       -934          0     0.00     0.26       -nan
        7098       -936          0     0.00     0.64       -nan
       11042       -940          0     0.00     0.97       -nan
       69315       -940          2     5.00     5.97        0.4
      128476       -940          4    10.00    10.97        0.4
      189027       -940          6    15.00    15.97        0.4
      246924       -940          8    20.00    20.97        0.4
      304156       -940         10    25.00    25.97        0.4
      361763       -940         11    30.00    30.97      0.367
      420094       -940         12    35.00    35.97      0.343
      477869       -940         15    40.00    40.97      0.375
      537780       -940         16    45.00    45.97      0.356
      594432       -940         17    50.00    50.97       0.34
      653359       -940         18    55.10    56.07      0.327
      716685       -940         18    60.71    61.68      0.296
      791023       -940         19    66.88    67.85      0.284
      869574       -940         23    73.67    74.64      0.312
      956806       -940         27    81.14    82.11      0.333
     1050242       -940         31    89.36    90.33      0.347
     1157312       -940         33    98.40    99.37      0.335
     1276295       -940         34   108.34   109.31      0.314
     1406719       -940         36   119.28   120.25      0.302
     1548949       -940         43   131.31   132.28      0.327
     1704482       -940         46   144.54   145.51      0.318
     1875873       -940         53   159.10   160.07      0.333
     2066110       -940         61   175.11   176.08      0.348
     2273558       -940         65   192.72   193.69      0.337
     2500033       -940         70   212.09   213.06       0.33
     2752742       -940         77   233.40   234.37       0.33
     3025472       -940         86   256.84   257.81      0.335
     3327246       -940         92   282.63   283.60      0.326
     3658343       -940        102   311.00   311.97      0.328
     4024104       -940        110   342.20   343.17      0.321
     4428764       -940        120   376.52   377.49      0.319
     4869637       -940        125   414.27   415.24      0.302
     5355491       -940        134   455.80   456.77      0.294
     5886557       -940        143   501.48   502.45      0.285
     6480721       -940        160   551.73   552.70       0.29
     7130573       -940        185   607.01   607.98      0.305
     7845225       -940        215   667.81   668.78      0.322
     8630484       -940        237   734.69   735.66      0.323
     9490871       -940        264   808.26   809.23      0.327
    10440500       -940        297   889.19   890.16      0.334
    11483480       -940        332   978.21   979.18      0.339
    12640997       -940        366  1076.13  1077.10       0.34
    13913704       -940        395  1183.84  1184.81      0.334
    15307460       -940        430  1302.33  1303.30       0.33
    16836696       -940        474  1432.66  1433.63      0.331
    17691249       -940        500  1504.64  1505.61      0.332
Time to solution 3.00928s, assuming true minimum is -940
