N=8
Mode: 1
Seed: 72
Search strategy: 0
Initialising random weight matrix with 502 working nodes
502 working nodes out of 512
States are 0,1
Weight-choosing mode: 5
Min time to run: 1000s
Max time to run: 10000s
Groundtruth: -998
           1       -958          1     0.00
           2       -964          1     0.00
           3       -968          1     0.00
          29       -972          1     0.00
          43       -982          1     0.01
         578       -984          1     0.10
         582       -986          1     0.11
        3417       -990          1     0.63
       30452       -990          5     5.63
       49831       -994          1     9.22
       76885       -994          1    14.22
      103883       -994          1    19.22
      125292       -996          1    23.17
      152322       -996          1    28.17
      179355       -996          1    33.17
      206395       -996          1    38.17
      233376       -996          1    43.17
      260392       -996          1    48.17
      287459       -996          1    53.17
      316225       -996          1    58.49
      347734       -996          1    64.34
      382570       -996          1    70.78
      420820       -996          1    77.86
      462948       -996          1    85.65
      509336       -996          1    94.22
      560321       -996          1   103.65
      616479       -996          1   114.02
      678147       -996          1   125.43
      745985       -996          1   137.98
      820542       -996          1   151.78
      902600       -996          1   166.96
      992838       -996          1   183.66
     1092113       -996          1   202.03
     1201223       -996          1   222.24
     1321430       -996          1   244.47
     1453606       -996          1   268.92
     1598948       -996          1   295.82
     1759036       -996          1   325.41
     1935308       -996          1   357.96
     2128720       -996          1   393.76
     2341538       -996          1   433.14
     2575596       -996          1   476.46
     2833106       -996          1   524.11
     3116496       -996          1   576.53
     3428084       -996          1   634.19
     3770867       -996          1   697.61
     4147797       -996          2   767.38
     4562777       -996          3   844.12
     5018957       -996          4   928.54
     5520836       -996          5  1021.40
     6072741       -996          5  1123.54
     6680471       -996          5  1235.90
     7348973       -996          5  1359.50
     8083602       -996          5  1495.45
     8891887       -996          6  1645.00
     9781161       -996          6  1809.51
    10759136       -996          8  1990.47
    11835423       -996         10  2189.52
    13018477       -996         11  2408.48
    14320709       -996         11  2649.33
    15752714       -996         11  2914.27
    17328346       -996         11  3205.70
    18515243       -998          1  3425.26
    20366156       -998          2  3767.79
    22398293       -998          2  4144.57
    24638359       -998          2  4559.03
    27102597       -998          2  5014.94
    29815084       -998          2  5516.44
    32797910       -998          2  6068.09
    36191081       -998          2  6674.90
    39951279       -998          2  7342.39
    44086630       -998          2  8076.63
    48636174       -998          2  8884.30
    53640994       -998          2  9772.73
    54921152       -998          3 10000.00
Time to solution 3333.33s, assuming true minimum is -998
