N=8
Mode: 1
Seed: 721
Search strategy: 0
Initialising random weight matrix with 502 working nodes
502 working nodes out of 512
States are 0,1
Weight-choosing mode: 5
Min time to run: 0.5s
Max time to run: 1e+10s
Solutions are independent
           1      -1032          0     0.00     0.00       -nan
          30      -1036          0     0.00     0.00       -nan
          84      -1038          0     0.00     0.01       -nan
          92      -1042          0     0.00     0.01       -nan
        1007      -1046          0     0.00     0.09       -nan
       57057      -1048          0     0.00     5.02       -nan
      114125      -1048         10     5.00    10.02          2
      171313      -1048         18    10.00    15.02        1.8
      228459      -1048         27    15.00    20.02        1.8
      285540      -1048         33    20.00    25.02       1.65
      343016      -1048         40    25.00    30.02        1.6
      399914      -1048         49    30.00    35.02       1.63
      456177      -1048         62    35.00    40.02       1.77
      513676      -1048         67    40.00    45.02       1.68
      570701      -1048         77    45.00    50.02       1.71
      626964      -1048         86    50.01    55.03       1.72
      689913      -1048         95    55.52    60.54       1.71
      759841      -1048        103    61.58    66.60       1.67
      837120      -1048        120    68.24    73.26       1.76
      921119      -1048        136    75.57    80.59        1.8
     1012169      -1048        151    83.63    88.65       1.81
     1113945      -1048        166    92.50    97.52       1.79
     1227603      -1048        189   102.26   107.28       1.85
     1349829      -1048        213   112.99   118.01       1.89
     1485187      -1048        239   124.80   129.82       1.92
     1635921      -1048        263   137.79   142.81       1.91
     1799205      -1048        283   152.08   157.10       1.86
     1978417      -1048        308   167.79   172.81       1.84
     2177669      -1048        333   185.08   190.10        1.8
     2394668      -1048        367   204.09   209.11        1.8
     2632149      -1048        400   225.01   230.03       1.78
     2894668      -1048        429   248.02   253.04       1.73
     3184135      -1048        481   273.33   278.35       1.76
     3310514      -1048        500   284.42   289.44       1.76
Time to solution 0.56884s, assuming true minimum is -1048
