N=8
Mode: 1
Seed: 722
Search strategy: 0
Initialising random weight matrix with 502 working nodes
502 working nodes out of 512
States are 0,1
Weight-choosing mode: 5
Min time to run: 0.5s
Max time to run: 1e+10s
Solutions are independent
           1       -904          0     0.00     0.00       -nan
           2       -908          0     0.00     0.00       -nan
           3       -926          0     0.00     0.00       -nan
         197       -928          0     0.00     0.02       -nan
         547       -930          0     0.00     0.06       -nan
        1045       -934          0     0.00     0.11       -nan
        6761       -936          0     0.00     0.60       -nan
       62464       -936          5     5.00     5.60          1
      119332       -936         16    10.00    10.60        1.6
      175253       -936         29    15.00    15.60       1.93
      233314       -936         44    20.00    20.60        2.2
      290598       -936         53    25.00    25.60       2.12
      347888       -936         66    30.00    30.60        2.2
      403731       -936         77    35.00    35.60        2.2
      459171       -936         89    40.00    40.60       2.23
      515641       -936         99    45.00    45.60        2.2
      573458       -936        110    50.00    50.60        2.2
      631543       -936        118    55.07    55.67       2.14
      694766       -936        124    60.64    61.24       2.04
      762588       -936        138    66.77    67.37       2.07
      838247       -936        155    73.51    74.11       2.11
      922629       -936        180    80.93    81.53       2.22
     1015078       -936        194    89.09    89.69       2.18
     1115098       -936        218    98.06    98.66       2.22
     1227890       -936        235   107.93   108.53       2.18
     1350498       -936        259   118.79   119.39       2.18
     1487581       -936        290   130.73   131.33       2.22
     1634882       -936        313   143.87   144.47       2.18
     1797463       -936        337   158.32   158.92       2.13
     1975814       -936        378   174.22   174.82       2.17
     2173314       -936        418   191.71   192.31       2.18
     2390940       -936        454   210.95   211.55       2.15
     2632591       -936        499   232.11   232.71       2.15
     2634880       -936        500   232.31   232.91       2.15
Time to solution 0.46462s, assuming true minimum is -936
