N=8
Mode: 1
Seed: 726
Search strategy: 0
Initialising random weight matrix with 502 working nodes
502 working nodes out of 512
States are 0,1
Weight-choosing mode: 5
Min time to run: 0.5s
Max time to run: 1e+10s
Solutions are independent
           1       -968          0     0.00     0.00       -nan
           5       -976          0     0.00     0.00       -nan
           6       -980          0     0.00     0.00       -nan
           7       -986          0     0.00     0.00       -nan
           8      -1004          0     0.00     0.00       -nan
           9      -1018          0     0.00     0.00       -nan
         142      -1020          0     0.00     0.02       -nan
         645      -1022          0     0.00     0.07       -nan
       59858      -1022         31     5.00     5.07        6.2
      116594      -1022         63    10.00    10.07        6.3
      174013      -1022         96    15.00    15.07        6.4
      231670      -1022        130    20.00    20.07        6.5
      288562      -1022        160    25.00    25.07        6.4
      345393      -1022        182    30.00    30.07       6.07
      400203      -1022        215    35.00    35.07       6.14
      457200      -1022        249    40.00    40.07       6.22
      515625      -1022        288    45.00    45.07        6.4
      572883      -1022        318    50.00    50.07       6.36
      630275      -1022        353    55.01    55.08       6.42
      694074      -1022        384    60.52    60.59       6.35
      762522      -1022        418    66.58    66.65       6.28
      839134      -1022        468    73.25    73.32       6.39
      886121      -1022        500    77.36    77.43       6.46
Time to solution 0.15472s, assuming true minimum is -1022
