N=8
Mode: 1
Seed: 727
Search strategy: 0
Initialising random weight matrix with 502 working nodes
502 working nodes out of 512
States are 0,1
Weight-choosing mode: 5
Min time to run: 0.5s
Max time to run: 1e+10s
Solutions are independent
           1       -908          0     0.00     0.00       -nan
           2       -916          0     0.00     0.00       -nan
           8       -920          0     0.00     0.00       -nan
          10       -922          0     0.00     0.00       -nan
          20       -926          0     0.00     0.00       -nan
          28       -930          0     0.00     0.00       -nan
         169       -932          0     0.00     0.02       -nan
         240       -934          0     0.00     0.02       -nan
         458       -938          0     0.00     0.05       -nan
        1020       -940          0     0.00     0.10       -nan
       14427       -942          0     0.00     1.18       -nan
       74543       -942         21     5.00     6.18        4.2
       82914       -944          0     0.00     6.88       -nan
      145429       -944          2     5.00    11.88        0.4
      203806       -944          4    10.01    16.89        0.4
      262942       -944          4    15.01    21.89      0.266
      321233       -944          5    20.01    26.89       0.25
      379636       -944          5    25.01    31.89        0.2
      438851       -944          6    30.01    36.89        0.2
      499882       -944          7    35.01    41.89        0.2
      557850       -944          7    40.01    46.89      0.175
      617455       -944          9    45.01    51.89        0.2
      680196       -944          9    50.20    57.08      0.179
      748463       -944          9    55.91    62.79      0.161
      822103       -944          9    62.19    69.07      0.145
      905533       -944         10    69.10    75.98      0.145
      997845       -944         12    76.70    83.58      0.156
     1097553       -944         15    85.06    91.94      0.176
     1209075       -944         19    94.26   101.14      0.202
     1333785       -944         25   104.38   111.26       0.24
     1467009       -944         29   115.51   122.39      0.251
     1616792       -944         34   127.75   134.63      0.266
     1779112       -944         35   141.22   148.10      0.248
     1962565       -944         39   156.03   162.91       0.25
     2155918       -944         46   172.33   179.21      0.267
     2366832       -944         47   190.26   197.14      0.247
     2604861       -944         57   209.98   216.86      0.271
     2864308       -944         63   231.67   238.55      0.272
     3150172       -944         78   255.53   262.41      0.305
     3460896       -944         87   281.78   288.66      0.309
     3809844       -944        100   310.65   317.53      0.322
     4189199       -944        106   342.41   349.29       0.31
     4605314       -944        120   377.34   384.22      0.318
     5069865       -944        139   415.77   422.65      0.334
     5573022       -944        157   458.04   464.92      0.343
     6127452       -944        173   504.54   511.42      0.343
     6736734       -944        187   555.69   562.57      0.337
     7408334       -944        209   611.95   618.83      0.342
     8148270       -944        231   673.84   680.72      0.343
     8952165       -944        244   741.92   748.80      0.329
     9843841       -944        270   816.81   823.69      0.331
    10833574       -944        298   899.18   906.06      0.331
    11905590       -944        320   989.79   996.67      0.323
    13097187       -944        357  1089.46  1096.34      0.328
    14406477       -944        379  1199.10  1205.98      0.316
    15841886       -944        410  1319.70  1326.58      0.311
    17425297       -944        457  1452.36  1459.24      0.315
    19160924       -944        488  1598.29  1605.17      0.305
    19500665       -944        500  1626.75  1633.63      0.307
Time to solution 3.2535s, assuming true minimum is -944
