N=8
Mode: 1
Seed: 728
Search strategy: 0
Initialising random weight matrix with 502 working nodes
502 working nodes out of 512
States are 0,1
Weight-choosing mode: 5
Min time to run: 0.5s
Max time to run: 1e+10s
Solutions are independent
           1       -868          0     0.00     0.00       -nan
           2       -870          0     0.00     0.00       -nan
           3       -872          0     0.00     0.00       -nan
           4       -876          0     0.00     0.00       -nan
           5       -886          0     0.00     0.00       -nan
          72       -888          0     0.00     0.01       -nan
          73       -892          0     0.00     0.01       -nan
         457       -894          0     0.00     0.05       -nan
         665       -896          0     0.00     0.07       -nan
        2069       -898          0     0.00     0.20       -nan
        4980       -900          0     0.00     0.47       -nan
       61588       -900         38     5.00     5.47        7.6
      118236       -900         64    10.00    10.47        6.4
      172554       -900         90    15.00    15.47          6
      228156       -900        115    20.00    20.47       5.75
      284359       -900        148    25.00    25.47       5.92
      342138       -900        182    30.00    30.47       6.07
      398598       -900        222    35.00    35.47       6.34
      455832       -900        260    40.00    40.47        6.5
      509978       -900        287    45.00    45.47       6.38
      567586       -900        323    50.00    50.47       6.46
      624526       -900        362    55.05    55.52       6.58
      686619       -900        404    60.61    61.08       6.67
      755348       -900        446    66.72    67.19       6.68
      830232       -900        492    73.44    73.91        6.7
      846816       -900        500    74.89    75.36       6.68
Time to solution 0.14978s, assuming true minimum is -900
