N=8
Mode: 1
Seed: 73
Search strategy: 0
Initialising random weight matrix with 502 working nodes
502 working nodes out of 512
States are 0,1
Weight-choosing mode: 5
Min time to run: 0.5s
Max time to run: 1e+10s
Solutions are independent
           1       -966          0     0.00     0.00       -nan
          22       -978          0     0.00     0.00       -nan
          36       -984          0     0.00     0.00       -nan
        2206       -986          0     0.00     0.18       -nan
        6384       -988          0     0.00     0.53       -nan
       60857       -988         13     5.00     5.53        2.6
      115740       -988         32    10.01    10.54        3.2
      171763       -988         43    15.01    15.54       2.86
      227123       -988         63    20.01    20.54       3.15
      283661       -988         76    25.01    25.54       3.04
      338216       -988         92    30.01    30.54       3.07
      393170       -988        107    35.01    35.54       3.06
      447229       -988        120    40.01    40.54          3
      502672       -988        129    45.01    45.54       2.87
      557202       -988        140    50.01    50.54        2.8
      613265       -988        152    55.07    55.60       2.76
      673313       -988        166    60.64    61.17       2.74
      740546       -988        184    66.76    67.29       2.76
      812934       -988        199    73.49    74.02       2.71
      892829       -988        221    80.90    81.43       2.73
      983425       -988        242    89.05    89.58       2.72
     1079776       -988        264    98.01    98.54       2.69
     1188608       -988        287   107.87   108.40       2.66
     1308042       -988        310   118.72   119.25       2.61
     1439236       -988        337   130.65   131.18       2.58
     1582449       -988        371   143.77   144.30       2.58
     1741822       -988        410   158.21   158.74       2.59
     1915383       -988        453   174.09   174.62        2.6
     2106158       -988        493   191.56   192.09       2.57
     2133638       -988        500   194.08   194.61       2.58
Time to solution 0.38816s, assuming true minimum is -988
