N=8
Mode: 1
Seed: 730
Search strategy: 0
Initialising random weight matrix with 502 working nodes
502 working nodes out of 512
States are 0,1
Weight-choosing mode: 5
Min time to run: 0.5s
Max time to run: 1e+10s
Solutions are independent
           1       -862          0     0.00     0.00       -nan
           2       -880          0     0.00     0.00       -nan
          14       -884          0     0.00     0.00       -nan
         320       -886          0     0.00     0.03       -nan
        3239       -888          0     0.00     0.30       -nan
        4538       -890          0     0.00     0.43       -nan
       58057       -890         24     5.00     5.43        4.8
      112445       -890         61    10.00    10.43        6.1
      166544       -890         90    15.00    15.43          6
      220544       -890        111    20.00    20.43       5.55
      273785       -890        144    25.00    25.43       5.76
      327668       -890        181    30.00    30.43       6.03
      382664       -890        213    35.00    35.43       6.09
      436181       -890        235    40.00    40.43       5.88
      488542       -890        259    45.00    45.43       5.76
      542175       -890        293    50.00    50.43       5.86
      596109       -890        320    55.05    55.48       5.81
      656308       -890        359    60.60    61.03       5.92
      722709       -890        399    66.71    67.14       5.98
      794808       -890        452    73.43    73.86       6.16
      873480       -890        500    80.73    81.16       6.19
Time to solution 0.16146s, assuming true minimum is -890
