N=8
Mode: 1
Seed: 732
Search strategy: 0
Initialising random weight matrix with 502 working nodes
502 working nodes out of 512
States are 0,1
Weight-choosing mode: 5
Min time to run: 0.5s
Max time to run: 1e+10s
Solutions are independent
           1       -930          0     0.00     0.00       -nan
          47       -932          0     0.00     0.00       -nan
         218       -934          0     0.00     0.02       -nan
         315       -938          0     0.00     0.03       -nan
         605       -946          0     0.00     0.06       -nan
        9726       -948          0     0.00     0.84       -nan
       35872       -950          0     0.00     3.06       -nan
       43896       -952          0     0.00     3.71       -nan
      104217       -952          3     5.00     8.71        0.6
      164459       -952         11    10.00    13.71        1.1
      226519       -952         15    15.00    18.71          1
      286741       -952         19    20.00    23.71       0.95
      349024       -952         21    25.00    28.71       0.84
      409314       -952         23    30.00    33.71      0.767
      469669       -952         26    35.00    38.71      0.743
      531258       -952         30    40.00    43.71       0.75
      590748       -952         34    45.00    48.71      0.756
      652813       -952         39    50.00    53.71       0.78
      719924       -952         39    55.38    59.09      0.704
      791944       -952         42    61.29    65.00      0.685
      869695       -952         45    67.79    71.50      0.664
      954631       -952         46    74.94    78.65      0.614
     1051790       -952         50    82.81    86.52      0.604
     1155959       -952         56    91.47    95.18      0.612
     1271056       -952         62   100.99   104.70      0.614
     1397918       -952         72   111.47   115.18      0.646
     1539336       -952         77   122.99   126.70      0.626
     1690780       -952         79   135.66   139.37      0.582
     1857819       -952         91   149.60   153.31      0.608
     2045244       -952        100   164.94   168.65      0.606
     2252930       -952        112   181.81   185.52      0.616
     2476259       -952        124   200.37   204.08      0.619
     2726696       -952        139   220.78   224.49       0.63
     3002049       -952        148   243.23   246.94      0.608
     3301538       -952        164   267.93   271.64      0.612
     3634027       -952        184   295.10   298.81      0.624
     4001116       -952        210   324.99   328.70      0.646
     4401626       -952        225   357.86   361.57      0.629
     4844953       -952        252   394.02   397.73       0.64
     5330102       -952        279   433.80   437.51      0.643
     5862343       -952        315   477.56   481.27       0.66
     6447596       -952        343   525.69   529.40      0.652
     7094358       -952        377   578.63   582.34      0.652
     7807919       -952        418   636.87   640.58      0.656
     8591403       -952        465   700.93   704.64      0.663
     9334189       -952        500   761.54   765.25      0.657
Time to solution 1.52308s, assuming true minimum is -952
