N=8
Mode: 1
Seed: 734
Search strategy: 0
Initialising random weight matrix with 502 working nodes
502 working nodes out of 512
States are 0,1
Weight-choosing mode: 5
Min time to run: 0.5s
Max time to run: 1e+10s
Solutions are independent
           1       -970          0     0.00     0.00       -nan
           9       -984          0     0.00     0.00       -nan
          68       -986          0     0.00     0.01       -nan
         170       -990          0     0.00     0.02       -nan
         352       -992          0     0.00     0.04       -nan
         750       -996          0     0.00     0.08       -nan
       57082       -996          8     5.00     5.08        1.6
      114306       -996         17    10.00    10.08        1.7
      171004       -996         31    15.00    15.08       2.07
      229168       -996         40    20.00    20.08          2
      285383       -996         50    25.00    25.08          2
      341662       -996         60    30.00    30.08          2
      398434       -996         68    35.00    35.08       1.94
      455962       -996         82    40.00    40.08       2.05
      514219       -996         94    45.00    45.08       2.09
      571820       -996        107    50.00    50.08       2.14
      629016       -996        113    55.01    55.09       2.05
      691860       -996        126    60.52    60.60       2.08
      759671       -996        136    66.59    66.67       2.04
      833393       -996        148    73.26    73.34       2.02
      915121       -996        159    80.60    80.68       1.97
     1006623       -996        173    88.67    88.75       1.95
     1109490       -996        199    97.55    97.63       2.04
     1221336       -996        216   107.32   107.40       2.01
     1345039       -996        241   118.07   118.15       2.04
     1481143       -996        271   129.89   129.97       2.09
     1630037       -996        301   142.89   142.97       2.11
     1794498       -996        327   157.19   157.27       2.08
     1972587       -996        342   172.92   173.00       1.98
     2172591       -996        380   190.22   190.30          2
     2387915       -996        406   209.26   209.34       1.94
     2623890       -996        437   230.20   230.28        1.9
     2888655       -996        480   253.23   253.31        1.9
     2997674       -996        500   262.76   262.84        1.9
Time to solution 0.52552s, assuming true minimum is -996
