N=8
Mode: 1
Seed: 737
Search strategy: 0
Initialising random weight matrix with 502 working nodes
502 working nodes out of 512
States are 0,1
Weight-choosing mode: 5
Min time to run: 0.5s
Max time to run: 1e+10s
Solutions are independent
           1       -930          0     0.00     0.00       -nan
           2       -948          0     0.00     0.00       -nan
           3       -954          0     0.00     0.00       -nan
         134       -956          0     0.00     0.02       -nan
         150       -958          0     0.00     0.02       -nan
         177       -960          0     0.00     0.02       -nan
         186       -962          0     0.00     0.02       -nan
         376       -966          0     0.00     0.05       -nan
       36651       -968          0     0.00     3.20       -nan
       94658       -968          4     5.00     8.20        0.8
      152856       -968         11    10.00    13.20        1.1
      210585       -968         12    15.00    18.20        0.8
      267121       -968         16    20.00    23.20        0.8
      325723       -968         21    25.00    28.20       0.84
      383304       -968         29    30.00    33.20      0.967
      441015       -968         34    35.00    38.20      0.971
      499924       -968         35    40.00    43.20      0.875
      556427       -968         37    45.00    48.20      0.822
      613756       -968         40    50.00    53.20        0.8
      673881       -968         44    55.33    58.53      0.795
      741866       -968         49    61.19    64.39      0.801
      815683       -968         52    67.63    70.83      0.769
      898954       -968         59    74.72    77.92       0.79
      988697       -968         64    82.52    85.72      0.776
     1087576       -968         73    91.10    94.30      0.801
     1196223       -968         81   100.53   103.73      0.806
     1316788       -968         93   110.91   114.11      0.839
     1449477       -968        106   122.33   125.53      0.867
     1592064       -968        112   134.89   138.09       0.83
     1749472       -968        124   148.70   151.90      0.834
     1921976       -968        138   163.90   167.10      0.842
     2112845       -968        151   180.61   183.81      0.836
     2323794       -968        167   199.00   202.20      0.839
     2553384       -968        181   219.23   222.43      0.826
     2809852       -968        204   241.48   244.68      0.845
     3089846       -968        222   265.95   269.15      0.835
     3398577       -968        245   292.87   296.07      0.837
     3734343       -968        267   322.48   325.68      0.828
     4105607       -968        298   355.05   358.25      0.839
     4516217       -968        329   390.88   394.08      0.842
     4971977       -968        358   430.29   433.49      0.832
     5469784       -968        390   473.64   476.84      0.823
     6009003       -968        436   521.33   524.53      0.836
     6599304       -968        463   573.79   576.99      0.807
     7256801       -968        491   631.49   634.69      0.778
     7390016       -968        500   643.18   646.38      0.777
Time to solution 1.28636s, assuming true minimum is -968
