N=8
Mode: 1
Seed: 739
Search strategy: 0
Initialising random weight matrix with 502 working nodes
502 working nodes out of 512
States are 0,1
Weight-choosing mode: 5
Min time to run: 0.5s
Max time to run: 1e+10s
Solutions are independent
           1       -964          0     0.00     0.00       -nan
           2       -990          0     0.00     0.00       -nan
         107       -992          0     0.00     0.01       -nan
         128       -994          0     0.00     0.01       -nan
         707       -998          0     0.00     0.08       -nan
       56307       -998         40     5.00     5.08          8
      110261       -998         74    10.00    10.08        7.4
      165345       -998         96    15.00    15.08        6.4
      220817       -998        129    20.00    20.08       6.45
      276476       -998        160    25.00    25.08        6.4
      332807       -998        197    30.00    30.08       6.57
      387212       -998        230    35.00    35.08       6.57
      442808       -998        270    40.00    40.08       6.75
      497314       -998        307    45.00    45.08       6.82
      551711       -998        345    50.00    50.08        6.9
      607324       -998        385    55.01    55.09          7
      668142       -998        414    60.52    60.60       6.84
      735300       -998        447    66.59    66.67       6.71
      808950       -998        497    73.26    73.34       6.78
      814849       -998        500    73.79    73.87       6.78
Time to solution 0.14758s, assuming true minimum is -998
