N=8
Mode: 1
Seed: 74
Search strategy: 0
Initialising random weight matrix with 502 working nodes
502 working nodes out of 512
States are 0,1
Weight-choosing mode: 5
Min time to run: 1000s
Max time to run: 10000s
Groundtruth: -930
           1       -874          1     0.00
           3       -908          1     0.00
          49       -920          1     0.01
         118       -924          1     0.02
        5710       -926          1     1.05
       22783       -930          1     4.21
       49880       -930          1     9.21
       77043       -930          2    14.21
      103762       -930          3    19.21
      130862       -930          4    24.21
      157867       -930          4    29.21
      184878       -930          5    34.21
      211901       -930          6    39.21
      238912       -930          6    44.21
      265987       -930          6    49.21
      293065       -930          6    54.21
      322448       -930          6    59.64
      354768       -930          6    65.61
      390239       -930          7    72.18
      429139       -930          7    79.40
      472171       -930          7    87.35
      519464       -930          7    96.09
      571449       -930          7   105.70
      628727       -930          7   116.28
      691691       -930         10   127.91
      760972       -930         11   140.71
      837217       -930         13   154.79
      920830       -930         13   170.27
     1012923       -930         15   187.30
     1114219       -930         19   206.04
     1225500       -930         19   226.65
     1348163       -930         20   249.32
     1483252       -930         24   274.26
     1631505       -930         28   301.69
     1794718       -930         29   331.86
     1974352       -930         32   365.05
     2171864       -930         34   401.56
     2389319       -930         36   441.72
     2628405       -930         38   485.90
     2891198       -930         40   534.49
     3180339       -930         42   587.94
     3498306       -930         45   646.74
     3848237       -930         49   711.42
     4231982       -930         55   782.57
     4655558       -930         58   860.83
     5121468       -930         63   946.92
     5408625       -930         67  1000.00
Time to solution 14.9254s, assuming true minimum is -930
