N=8
Mode: 1
Seed: 742
Search strategy: 0
Initialising random weight matrix with 502 working nodes
502 working nodes out of 512
States are 0,1
Weight-choosing mode: 5
Min time to run: 0.5s
Max time to run: 1e+10s
Solutions are independent
           1       -904          0     0.00     0.00       -nan
           2       -906          0     0.00     0.00       -nan
          24       -912          0     0.00     0.00       -nan
         147       -914          0     0.00     0.02       -nan
        2578       -916          0     0.00     0.23       -nan
        2593       -918          0     0.00     0.23       -nan
        6212       -920          0     0.00     0.56       -nan
        8686       -922          0     0.00     0.75       -nan
       66358       -922          5     5.00     5.75          1
      125066       -922          8    10.00    10.75        0.8
      182281       -922         10    15.00    15.75      0.667
      240417       -922         15    20.00    20.75       0.75
      298436       -922         18    25.00    25.75       0.72
      355689       -922         21    30.00    30.75        0.7
      413706       -922         23    35.00    35.75      0.657
      471175       -922         27    40.00    40.75      0.675
      528037       -922         28    45.00    45.75      0.622
      586427       -922         31    50.00    50.75       0.62
      645092       -922         33    55.08    55.83      0.599
      710827       -922         35    60.67    61.42      0.577
      782225       -922         40    66.82    67.57      0.599
      860091       -922         43    73.58    74.33      0.584
      947239       -922         48    81.02    81.77      0.592
     1042852       -922         53    89.20    89.95      0.594
     1150003       -922         58    98.20    98.95      0.591
     1262983       -922         66   108.10   108.85      0.611
     1385327       -922         72   118.99   119.74      0.605
     1523951       -922         77   130.97   131.72      0.588
     1676493       -922         85   144.15   144.90       0.59
     1843991       -922         94   158.65   159.40      0.592
     2029878       -922        101   174.60   175.35      0.578
     2235208       -922        111   192.14   192.89      0.578
     2456469       -922        120   211.43   212.18      0.568
     2702977       -922        134   232.65   233.40      0.576
     2975709       -922        151   255.99   256.74       0.59
     3274334       -922        164   281.67   282.42      0.582
     3604329       -922        178   309.92   310.67      0.574
     3965184       -922        194   340.99   341.74      0.569
     4357542       -922        214   375.17   375.92       0.57
     4787033       -922        237   412.77   413.52      0.574
     5261568       -922        251   454.13   454.88      0.553
     5790839       -922        273   499.62   500.37      0.546
     6374522       -922        302   549.66   550.41      0.549
     7007467       -922        338   604.71   605.46      0.559
     7712348       -922        375   665.26   666.01      0.564
     8479064       -922        402   731.87   732.62      0.549
     9327724       -922        437   805.14   805.89      0.543
    10252366       -922        479   885.73   886.48      0.541
    10665859       -922        500   920.99   921.74      0.543
Time to solution 1.84198s, assuming true minimum is -922
