N=8
Mode: 1
Seed: 743
Search strategy: 0
Initialising random weight matrix with 502 working nodes
502 working nodes out of 512
States are 0,1
Weight-choosing mode: 5
Min time to run: 0.5s
Max time to run: 1e+10s
Solutions are independent
           1      -1048          0     0.00     0.00       -nan
           2      -1060          0     0.00     0.00       -nan
          17      -1064          0     0.00     0.00       -nan
          79      -1066          0     0.00     0.01       -nan
         105      -1068          0     0.00     0.01       -nan
         187      -1070          0     0.00     0.02       -nan
         190      -1074          0     0.00     0.02       -nan
        2273      -1076          0     0.00     0.22       -nan
       18524      -1078          0     0.00     1.67       -nan
       73259      -1078         13     5.00     6.67        2.6
      129349      -1078         27    10.00    11.67        2.7
      184514      -1078         46    15.00    16.67       3.07
      236825      -1078         54    20.00    21.67        2.7
      292084      -1078         71    25.00    26.67       2.84
      347381      -1078         85    30.00    31.67       2.83
      400293      -1078        104    35.00    36.67       2.97
      454541      -1078        116    40.00    41.67        2.9
      510246      -1078        127    45.00    46.67       2.82
      563758      -1078        137    50.00    51.67       2.74
      619605      -1078        145    55.17    56.84       2.63
      680332      -1078        156    60.86    62.53       2.56
      745925      -1078        172    67.12    68.79       2.56
      818318      -1078        182    74.00    75.67       2.46
      900972      -1078        197    81.57    83.24       2.42
      990067      -1078        215    89.90    91.57       2.39
     1089746      -1078        239    99.06   100.73       2.41
     1198453      -1078        267   109.14   110.81       2.45
     1318149      -1078        295   120.23   121.90       2.45
     1450139      -1078        317   132.42   134.09       2.39
     1594986      -1078        348   145.83   147.50       2.39
     1754366      -1078        395   160.58   162.25       2.46
     1930785      -1078        430   176.81   178.48       2.43
     2121731      -1078        462   194.66   196.33       2.37
     2306816      -1078        500   211.93   213.60       2.36
Time to solution 0.42386s, assuming true minimum is -1078
