N=8
Mode: 1
Seed: 744
Search strategy: 0
Initialising random weight matrix with 502 working nodes
502 working nodes out of 512
States are 0,1
Weight-choosing mode: 5
Min time to run: 0.5s
Max time to run: 1e+10s
Solutions are independent
           1       -856          0     0.00     0.00       -nan
           2       -860          0     0.00     0.00       -nan
           3       -864          0     0.00     0.00       -nan
           5       -876          0     0.00     0.00       -nan
          12       -880          0     0.00     0.00       -nan
          37       -882          0     0.00     0.00       -nan
          67       -886          0     0.00     0.01       -nan
         494       -890          0     0.00     0.05       -nan
         594       -894          0     0.00     0.06       -nan
        2271       -896          0     0.00     0.22       -nan
        3471       -898          0     0.00     0.33       -nan
       61033       -898          8     5.00     5.33        1.6
      116960       -898         29    10.00    10.33        2.9
      174774       -898         48    15.00    15.33        3.2
      232722       -898         62    20.00    20.33        3.1
      290427       -898         71    25.00    25.33       2.84
      345842       -898         83    30.00    30.33       2.77
      402588       -898         98    35.00    35.33        2.8
      459173       -898        112    40.00    40.33        2.8
      515111       -898        124    45.00    45.33       2.76
      571130       -898        147    50.00    50.33       2.94
      630081       -898        165    55.04    55.37          3
      693788       -898        177    60.58    60.91       2.92
      763872       -898        200    66.68    67.01          3
      840496       -898        222    73.39    73.72       3.02
      922849       -898        244    80.77    81.10       3.02
     1017673       -898        265    88.89    89.22       2.98
     1119126       -898        282    97.82    98.15       2.88
     1233283       -898        306   107.64   107.97       2.84
     1356155       -898        338   118.44   118.77       2.85
     1492043       -898        372   130.32   130.65       2.85
     1642490       -898        408   143.39   143.72       2.85
     1806636       -898        457   157.77   158.10        2.9
     1947503       -898        500   170.26   170.59       2.94
Time to solution 0.34052s, assuming true minimum is -898
