N=8
Mode: 1
Seed: 747
Search strategy: 0
Initialising random weight matrix with 502 working nodes
502 working nodes out of 512
States are 0,1
Weight-choosing mode: 5
Min time to run: 0.5s
Max time to run: 1e+10s
Solutions are independent
           1      -1044          0     0.00     0.00       -nan
           4      -1052          0     0.00     0.00       -nan
           5      -1054          0     0.00     0.00       -nan
           9      -1060          0     0.00     0.00       -nan
          11      -1066          0     0.00     0.00       -nan
          13      -1072          0     0.00     0.00       -nan
         362      -1074          0     0.00     0.04       -nan
         849      -1078          0     0.00     0.08       -nan
        3479      -1080          0     0.00     0.35       -nan
       58854      -1080         19     5.00     5.35        3.8
      113035      -1080         43    10.00    10.35        4.3
      167183      -1080         69    15.00    15.35        4.6
      220796      -1080         92    20.00    20.35        4.6
      275549      -1080        108    25.00    25.35       4.32
      329711      -1080        132    30.00    30.35        4.4
      384177      -1080        148    35.00    35.35       4.23
      439191      -1080        169    40.00    40.35       4.22
      492523      -1080        179    45.00    45.35       3.98
      548569      -1080        197    50.00    50.35       3.94
      603224      -1080        212    55.04    55.39       3.85
      663580      -1080        234    60.58    60.93       3.86
      730103      -1080        258    66.68    67.03       3.87
      802157      -1080        281    73.39    73.74       3.83
      881794      -1080        305    80.77    81.12       3.78
      971521      -1080        340    88.89    89.24       3.82
     1067805      -1080        369    97.82    98.17       3.77
     1177039      -1080        408   107.64   107.99       3.79
     1297143      -1080        445   118.44   118.79       3.76
     1427641      -1080        490   130.32   130.67       3.76
     1446375      -1080        500   132.02   132.37       3.79
Time to solution 0.26404s, assuming true minimum is -1080
