N=8
Mode: 1
Seed: 749
Search strategy: 0
Initialising random weight matrix with 502 working nodes
502 working nodes out of 512
States are 0,1
Weight-choosing mode: 5
Min time to run: 0.5s
Max time to run: 1e+10s
Solutions are independent
           1       -962          0     0.00     0.00       -nan
           2       -974          0     0.00     0.00       -nan
           7       -976          0     0.00     0.00       -nan
          11       -978          0     0.00     0.00       -nan
          14       -982          0     0.00     0.00       -nan
         484       -986          0     0.00     0.05       -nan
       13654       -988          0     0.00     1.28       -nan
       65250       -988         10     5.00     6.28          2
      118123       -988         20    10.01    11.29          2
      171316       -988         32    15.01    16.29       2.13
      225100       -988         41    20.01    21.29       2.05
      277737       -988         50    25.01    26.29          2
      331732       -988         60    30.01    31.29          2
      383988       -988         67    35.01    36.29       1.91
      436432       -988         74    40.01    41.29       1.85
      488989       -988         83    45.01    46.29       1.84
      542244       -988         91    50.01    51.29       1.82
      596306       -988        102    55.14    56.42       1.85
      652908       -988        109    60.79    62.07       1.79
      719068       -988        118    67.00    68.28       1.76
      789938       -988        126    73.83    75.11       1.71
      869039       -988        143    81.35    82.63       1.76
      954249       -988        161    89.62    90.90        1.8
     1050417       -988        181    98.72   100.00       1.83
     1155190       -988        204   108.73   110.01       1.88
     1268802       -988        220   119.74   121.02       1.84
     1396728       -988        252   131.85   133.13       1.91
     1535913       -988        271   145.17   146.45       1.87
     1691209       -988        313   159.82   161.10       1.96
     1859443       -988        340   175.93   177.21       1.93
     2044238       -988        380   193.66   194.94       1.96
     2250239       -988        416   213.16   214.44       1.95
     2477788       -988        456   234.61   235.89       1.94
     2685059       -988        500   254.44   255.72       1.97
Time to solution 0.50888s, assuming true minimum is -988
