N=8
Mode: 1
Seed: 753
Search strategy: 0
Initialising random weight matrix with 502 working nodes
502 working nodes out of 512
States are 0,1
Weight-choosing mode: 5
Min time to run: 0.5s
Max time to run: 1e+10s
Solutions are independent
           1      -1000          0     0.00     0.00       -nan
           7      -1002          0     0.00     0.00       -nan
           9      -1010          0     0.00     0.00       -nan
          28      -1012          0     0.00     0.00       -nan
          97      -1014          0     0.00     0.01       -nan
         112      -1018          0     0.00     0.02       -nan
         175      -1022          0     0.00     0.02       -nan
        3877      -1024          0     0.00     0.37       -nan
       16064      -1026          0     0.00     1.46       -nan
       73843      -1026          3     5.00     6.46        0.6
      130997      -1026          4    10.00    11.46        0.4
      186549      -1026          7    15.00    16.46      0.467
      242548      -1026          7    20.00    21.46       0.35
      296082      -1026          7    25.00    26.46       0.28
      348894      -1026          7    30.00    31.46      0.233
      403495      -1026          9    35.00    36.46      0.257
      460802      -1026         14    40.00    41.46       0.35
      518368      -1026         21    45.00    46.46      0.467
      575264      -1026         24    50.00    51.46       0.48
      631903      -1026         24    55.15    56.61      0.435
      694994      -1026         26    60.82    62.28      0.427
      765290      -1026         27    67.05    68.51      0.403
      840848      -1026         32    73.91    75.37      0.433
      927411      -1026         35    81.45    82.91       0.43
     1020486      -1026         38    89.75    91.21      0.423
     1123338      -1026         46    98.88   100.34      0.465
     1233711      -1026         53   108.92   110.38      0.487
     1359413      -1026         63   119.96   121.42      0.525
     1496986      -1026         75   132.11   133.57      0.568
     1647015      -1026         84   145.47   146.93      0.577
     1814092      -1026         94   160.17   161.63      0.587
     1997219      -1026        101   176.34   177.80      0.573
     2194366      -1026        111   194.13   195.59      0.572
     2413508      -1026        122   213.69   215.15      0.571
     2651950      -1026        138   235.21   236.67      0.587
     2920191      -1026        158   258.88   260.34       0.61
     3206878      -1026        169   284.92   286.38      0.593
     3529197      -1026        184   313.56   315.02      0.587
     3882788      -1026        198   345.07   346.53      0.574
     4272402      -1026        220   379.73   381.19      0.579
     4701505      -1026        243   417.85   419.31      0.582
     5170096      -1026        265   459.79   461.25      0.576
     5685831      -1026        296   505.92   507.38      0.585
     6260664      -1026        327   556.66   558.12      0.587
     6887612      -1026        362   612.48   613.94      0.591
     7572708      -1026        392   673.88   675.34      0.582
     8333423      -1026        443   741.42   742.88      0.598
     9170849      -1026        485   815.71   817.17      0.595
     9368091      -1026        500   833.52   834.98        0.6
Time to solution 1.66704s, assuming true minimum is -1026
