N=8
Mode: 1
Seed: 756
Search strategy: 0
Initialising random weight matrix with 502 working nodes
502 working nodes out of 512
States are 0,1
Weight-choosing mode: 5
Min time to run: 0.5s
Max time to run: 1e+10s
Solutions are independent
           1       -976          0     0.00     0.00       -nan
           3       -986          0     0.00     0.00       -nan
          11       -990          0     0.00     0.00       -nan
          30      -1000          0     0.00     0.00       -nan
        3002      -1002          0     0.00     0.30       -nan
        6634      -1004          0     0.00     0.65       -nan
       59640      -1004          9     5.00     5.65        1.8
      114651      -1004         15    10.00    10.65        1.5
      168936      -1004         28    15.00    15.65       1.87
      222726      -1004         36    20.00    20.65        1.8
      277627      -1004         48    25.00    25.65       1.92
      331354      -1004         61    30.00    30.65       2.03
      385492      -1004         66    35.00    35.65       1.89
      439742      -1004         77    40.00    40.65       1.93
      492904      -1004         84    45.00    45.65       1.87
      547459      -1004         99    50.00    50.65       1.98
      602227      -1004        111    55.07    55.72       2.02
      662025      -1004        122    60.65    61.30       2.01
      726046      -1004        129    66.78    67.43       1.93
      798110      -1004        141    73.53    74.18       1.92
      879472      -1004        156    80.95    81.60       1.93
      965307      -1004        168    89.11    89.76       1.89
     1060597      -1004        186    98.09    98.74        1.9
     1167620      -1004        212   107.97   108.62       1.96
     1285055      -1004        243   118.84   119.49       2.04
     1412696      -1004        261   130.79   131.44          2
     1554167      -1004        288   143.94   144.59          2
     1710430      -1004        318   158.40   159.05       2.01
     1882346      -1004        345   174.31   174.96       1.98
     2071625      -1004        386   191.81   192.46       2.01
     2278539      -1004        429   211.06   211.71       2.03
     2508328      -1004        462   232.24   232.89       1.99
     2716586      -1004        500   251.75   252.40       1.99
Time to solution 0.5035s, assuming true minimum is -1004
