N=8
Mode: 1
Seed: 759
Search strategy: 0
Initialising random weight matrix with 502 working nodes
502 working nodes out of 512
States are 0,1
Weight-choosing mode: 5
Min time to run: 0.5s
Max time to run: 1e+10s
Solutions are independent
           1      -1000          0     0.00     0.00       -nan
           2      -1004          0     0.00     0.00       -nan
           3      -1032          0     0.00     0.00       -nan
          30      -1034          0     0.00     0.00       -nan
         123      -1036          0     0.00     0.01       -nan
         958      -1040          0     0.00     0.09       -nan
       15217      -1042          0     0.00     1.32       -nan
       26286      -1044          0     0.00     2.28       -nan
       83876      -1044         17     5.00     7.28        3.4
      141885      -1044         27    10.01    12.29        2.7
      199229      -1044         42    15.01    17.29        2.8
      256125      -1044         52    20.01    22.29        2.6
      313360      -1044         59    25.01    27.29       2.36
      371062      -1044         68    30.01    32.29       2.27
      426946      -1044         74    35.01    37.29       2.11
      485147      -1044         82    40.01    42.29       2.05
      541787      -1044         91    45.01    47.29       2.02
      598600      -1044        102    50.01    52.29       2.04
      656595      -1044        111    55.24    57.52       2.01
      722678      -1044        124    61.00    63.28       2.03
      793964      -1044        134    67.33    69.61       1.99
      872265      -1044        144    74.30    76.58       1.94
      962120      -1044        156    81.96    84.24        1.9
     1057069      -1044        172    90.39    92.67        1.9
     1161250      -1044        181    99.66   101.94       1.82
     1276191      -1044        199   109.86   112.14       1.81
     1404610      -1044        222   121.08   123.36       1.83
     1547758      -1044        236   133.42   135.70       1.77
     1700765      -1044        258   146.99   149.27       1.76
     1870106      -1044        283   161.92   164.20       1.75
     2055816      -1044        327   178.34   180.62       1.83
     2260190      -1044        354   196.41   198.69        1.8
     2486018      -1044        385   216.28   218.56       1.78
     2733619      -1044        423   238.14   240.42       1.78
     3010202      -1044        466   262.19   264.47       1.78
     3200331      -1044        500   278.93   281.21       1.79
Time to solution 0.55786s, assuming true minimum is -1044
