N=8
Mode: 1
Seed: 76
Search strategy: 0
Initialising random weight matrix with 502 working nodes
502 working nodes out of 512
States are 0,1
Weight-choosing mode: 5
Min time to run: 1000s
Max time to run: 10000s
Groundtruth: -976
           1       -950          1     0.00
           2       -954          1     0.00
          10       -960          1     0.00
          23       -962          1     0.01
         106       -964          1     0.02
         132       -966          1     0.03
         348       -968          1     0.08
        1039       -970          1     0.24
        1535       -972          1     0.35
        6100       -974          1     1.39
       27301       -974          1     6.39
       49155       -974          1    11.39
       71059       -974          4    16.39
       93066       -974          4    21.39
      115117       -974          4    26.39
      137164       -974          8    31.39
      159153       -974         10    36.39
      181133       -974         10    41.39
      203163       -974         10    46.39
      225119       -974         10    51.39
      247762       -974         11    56.53
      272707       -974         11    62.19
      300153       -974         11    68.41
      330331       -974         11    75.26
      363581       -974         11    82.79
      400101       -974         12    91.07
      440312       -974         12   100.18
      484493       -974         13   110.20
      533120       -974         16   121.23
      586557       -974         19   133.36
      645388       -974         22   146.70
      710071       -974         22   161.37
      781193       -974         29   177.51
      859465       -974         32   195.27
      945575       -974         34   214.80
     1040044       -974         39   236.29
     1144210       -974         45   259.92
     1258816       -974         48   285.92
     1384823       -974         51   314.52
     1523441       -974         53   345.98
     1675958       -974         56   380.58
     1843567       -974         60   418.64
     2028080       -974         68   460.51
     2230806       -974         77   506.57
     2453896       -974         84   557.23
     2699566       -974         98   612.96
     2969743       -974        105   674.26
     3266837       -974        116   741.69
     3593826       -974        131   815.86
     3953454       -974        146   897.45
     4349055       -974        163   987.20
     4783085       -974        177  1085.92
     5259101       -974        190  1194.52
     5784823       -974        210  1313.98
     6362374       -974        236  1445.38
     6997486       -974        260  1589.92
     7601113       -976          1  1727.25
     8359223       -976          2  1899.98
     9195596       -976          2  2089.98
    10114796       -976          2  2298.98
    11126589       -976          3  2528.88
    12237786       -976          3  2781.77
    13460765       -976          3  3059.95
    14807781       -976          3  3365.95
    16290690       -976          3  3702.55
    17920523       -976          3  4072.81
    19713257       -976          3  4480.10
    21684016       -976          4  4928.12
    23846249       -976          4  5420.94
    26230589       -976          4  5963.04
    28855571       -976          5  6559.35
    31740712       -976          8  7215.29
    34917535       -976          8  7936.82
    38398110       -976          9  8730.51
    41211579       -976         10  9373.87
Time to solution 937.387s, assuming true minimum is -976
