N=8
Mode: 1
Seed: 760
Search strategy: 0
Initialising random weight matrix with 502 working nodes
502 working nodes out of 512
States are 0,1
Weight-choosing mode: 5
Min time to run: 0.5s
Max time to run: 1e+10s
Solutions are independent
           1      -1016          0     0.00     0.00       -nan
           6      -1018          0     0.00     0.00       -nan
         197      -1022          0     0.00     0.02       -nan
         215      -1024          0     0.00     0.02       -nan
        4225      -1028          0     0.00     0.39       -nan
       61324      -1028          7     5.00     5.39        1.4
      119419      -1028         17    10.00    10.39        1.7
      175687      -1028         20    15.00    15.39       1.33
      233605      -1028         27    20.00    20.39       1.35
      290090      -1028         36    25.00    25.39       1.44
      348215      -1028         50    30.00    30.39       1.67
      406430      -1028         59    35.00    35.39       1.69
      463023      -1028         68    40.00    40.39        1.7
      520148      -1028         76    45.00    45.39       1.69
      549913      -1030          0     0.00    48.08       -nan
      607005      -1030          0     5.00    53.08          0
      667564      -1030          0    10.31    58.39          0
      735910      -1030          0    16.15    64.23          0
      808480      -1030          0    22.58    70.66          0
      889811      -1030          1    29.65    77.73     0.0337
      976771      -1030          3    37.43    85.51     0.0801
     1075595      -1030          4    45.99    94.07      0.087
     1184239      -1030          4    55.40   103.48     0.0722
     1301678      -1030          4    65.75   113.83     0.0608
     1430289      -1030          6    77.14   125.22     0.0778
     1570936      -1030          6    89.67   137.75     0.0669
     1725939      -1030          8   103.45   151.53     0.0773
     1899101      -1030          8   118.61   166.69     0.0674
     2089772      -1030         12   135.28   183.36     0.0887
     2300416      -1030         13   153.62   201.70     0.0846
     2527088      -1030         15   173.79   221.87     0.0863
     2779832      -1030         18   195.98   244.06     0.0918
     3063128      -1030         19   220.39   268.47     0.0862
     3367665      -1030         20   247.24   295.32     0.0809
     3708398      -1030         21   276.78   324.86     0.0759
     4079473      -1030         24   309.27   357.35     0.0776
     4491098      -1030         27   345.01   393.09     0.0783
     4936094      -1030         32   384.32   432.40     0.0833
     5428178      -1030         38   427.56   475.64     0.0889
     5974246      -1030         47   475.13   523.21     0.0989
     6569453      -1030         50   527.46   575.54     0.0948
     7214779      -1030         54   585.02   633.10     0.0923
     7935655      -1030         59   648.34   696.42      0.091
     8734331      -1030         65   717.99   766.07     0.0905
     9606855      -1030         70   794.60   842.68     0.0881
    10564499      -1030         77   878.87   926.95     0.0876
    11617213      -1030         88   971.57  1019.65     0.0906
    12777822      -1030         93  1073.54  1121.62     0.0866
    14060388      -1030        104  1185.71  1233.79     0.0877
    15454296      -1030        111  1309.09  1357.17     0.0848
    17006835      -1030        124  1444.81  1492.89     0.0858
    18699788      -1030        136  1594.10  1642.18     0.0853
    20566882      -1030        159  1758.32  1806.40     0.0904
    22621925      -1030        171  1938.97  1987.05     0.0882
    24880184      -1030        182  2137.68  2185.76     0.0851
    27339709      -1030        199  2356.26  2404.34     0.0845
    30069643      -1030        220  2596.70  2644.78     0.0847
    33078250      -1030        245  2861.18  2909.26     0.0856
    36411650      -1030        272  3152.11  3200.19     0.0863
    40040708      -1030        292  3472.13  3520.21     0.0841
    44050868      -1030        331  3824.16  3872.24     0.0866
    48450658      -1030        368  4211.39  4259.47     0.0874
    53295611      -1030        398  4637.34  4685.42     0.0858
    58627395      -1030        447  5105.89  5153.97     0.0875
    64486291      -1030        489  5621.29  5669.37      0.087
    66081454      -1030        500  5761.24  5809.32     0.0868
Time to solution 11.5225s, assuming true minimum is -1030
