N=8
Mode: 1
Seed: 766
Search strategy: 0
Initialising random weight matrix with 502 working nodes
502 working nodes out of 512
States are 0,1
Weight-choosing mode: 5
Min time to run: 0.5s
Max time to run: 1e+10s
Solutions are independent
           1       -936          0     0.00     0.00       -nan
          44       -942          0     0.00     0.00       -nan
         108       -944          0     0.00     0.01       -nan
         921       -948          0     0.00     0.10       -nan
        6919       -950          0     0.00     0.72       -nan
       26094       -952          0     0.00     2.64       -nan
       76043       -952          6     5.01     7.65        1.2
      126403       -952         15    10.01    12.65        1.5
      173280       -952         17    15.01    17.65       1.13
      222267       -952         22    20.01    22.65        1.1
      274141       -952         37    25.01    27.65       1.48
      325129       -952         42    30.01    32.65        1.4
      374800       -952         51    35.01    37.65       1.46
      425753       -952         58    40.01    42.65       1.45
      477245       -952         65    45.01    47.65       1.44
      528290       -952         78    50.01    52.65       1.56
      581702       -952         89    55.28    57.92       1.61
      639069       -952         99    61.08    63.72       1.62
      704057       -952        106    67.46    70.10       1.57
      773028       -952        119    74.47    77.11        1.6
      849809       -952        135    82.19    84.83       1.64
      934534       -952        143    90.68    93.32       1.58
     1027459       -952        153   100.02   102.66       1.53
     1129364       -952        162   110.29   112.93       1.47
     1241571       -952        176   121.59   124.23       1.45
     1364542       -952        198   134.02   136.66       1.48
     1499868       -952        213   147.69   150.33       1.44
     1650579       -952        235   162.73   165.37       1.44
     1815714       -952        259   179.27   181.91       1.44
     1997174       -952        285   197.47   200.11       1.44
     2199147       -952        316   217.49   220.13       1.45
     2421636       -952        357   239.51   242.15       1.49
     2664796       -952        399   263.73   266.37       1.51
     2930911       -952        439   290.37   293.01       1.51
     3224558       -952        472   319.68   322.32       1.48
     3421065       -952        500   339.27   341.91       1.47
Time to solution 0.67854s, assuming true minimum is -952
