N=8
Mode: 1
Seed: 77
Search strategy: 0
Initialising random weight matrix with 502 working nodes
502 working nodes out of 512
States are 0,1
Weight-choosing mode: 5
Min time to run: 1000s
Max time to run: 10000s
Groundtruth: -992
           1       -956          1     0.00
           8       -958          1     0.00
          12       -962          1     0.00
          35       -966          1     0.01
          94       -968          1     0.02
         244       -970          1     0.05
         556       -972          1     0.12
         596       -976          1     0.13
         603       -978          1     0.13
        1116       -980          1     0.24
       24263       -982          1     5.22
       43439       -986          1     9.37
       66586       -986          1    14.37
       89811       -986          1    19.37
      113024       -986          1    24.37
      136195       -986          1    29.37
      159404       -986          1    34.38
      182553       -986          1    39.38
      205665       -986          1    44.38
      228703       -986          1    49.38
      251933       -986          1    54.38
      277204       -986          1    59.82
      305013       -986          1    65.81
      335680       -986          1    72.40
      369361       -986          1    79.65
      406301       -986          1    87.62
      446963       -986          1    96.39
      491485       -986          1   106.03
      540483       -986          1   116.64
      594602       -986          1   128.31
      654332       -986          1   141.15
      719969       -986          1   155.27
      792187       -986          1   170.80
      871598       -986          2   187.89
      955220       -988          1   205.90
     1051097       -988          1   226.50
     1156200       -988          1   249.16
     1271835       -988          1   274.08
     1399004       -988          2   301.49
     1538886       -988          2   331.64
     1693146       -988          2   364.81
     1862613       -988          2   401.30
     1975335       -990          1   425.65
     2173298       -990          1   468.22
     2391028       -990          1   515.05
     2630486       -990          1   566.56
     2893376       -990          1   623.22
     3182366       -990          1   685.55
     3501216       -990          1   754.11
     3851424       -990          1   829.53
     4236503       -990          1   912.49
     4660770       -990          1  1003.74
     5126166       -990          1  1104.12
     5637832       -990          1  1214.54
     6201935       -990          1  1336.00
     6821292       -990          1  1469.61
     7503230       -990          1  1616.58
     8249549       -990          1  1778.24
     9072859       -990          1  1956.07
     9980552       -990          1  2151.68
    10976423       -990          1  2366.85
    12073291       -990          1  2603.54
    13276860       -990          1  2863.90
    14602763       -990          1  3150.30
    16064282       -990          1  3465.34
    17672773       -990          1  3811.88
    19442037       -990          1  4193.07
    21386777       -990          1  4612.38
    23526215       -990          1  5073.62
    25876303       -990          1  5580.99
    28467050       -990          1  6139.09
    31315810       -990          1  6753.00
    34449735       -990          1  7428.30
    37888871       -990          1  8171.14
    41664510       -990          1  8988.26
    45820435       -990          1  9887.09
    46339015       -990          1 10000.00
Time to solution 10000s, assuming true minimum is -990
