N=8
Mode: 1
Seed: 770
Search strategy: 0
Initialising random weight matrix with 502 working nodes
502 working nodes out of 512
States are 0,1
Weight-choosing mode: 5
Min time to run: 0.5s
Max time to run: 1e+10s
Solutions are independent
           1       -964          0     0.00     0.00       -nan
           3       -990          0     0.00     0.00       -nan
         692       -992          0     0.00     0.07       -nan
        1052       -994          0     0.00     0.10       -nan
        1704       -996          0     0.00     0.16       -nan
        4390       -998          0     0.00     0.39       -nan
       62913       -998         19     5.00     5.39        3.8
      120872       -998         41    10.00    10.39        4.1
      179780       -998         65    15.00    15.39       4.33
      238672       -998         85    20.00    20.39       4.25
      297241       -998        104    25.00    25.39       4.16
      354977       -998        122    30.00    30.39       4.07
      411709       -998        139    35.00    35.39       3.97
      470390       -998        161    40.00    40.39       4.03
      528441       -998        177    45.00    45.39       3.93
      585600       -998        192    50.00    50.39       3.84
      642472       -998        206    55.04    55.43       3.74
      706391       -998        221    60.59    60.98       3.65
      777103       -998        246    66.69    67.08       3.69
      853996       -998        271    73.40    73.79       3.69
      939095       -998        297    80.78    81.17       3.68
     1032171       -998        329    88.90    89.29        3.7
     1136096       -998        358    97.83    98.22       3.66
     1250264       -998        399   107.66   108.05       3.71
     1374057       -998        439   118.47   118.86       3.71
     1510721       -998        483   130.36   130.75       3.71
     1584827       -998        500   136.89   137.28       3.65
Time to solution 0.27378s, assuming true minimum is -998
