N=8
Mode: 1
Seed: 778
Search strategy: 0
Initialising random weight matrix with 502 working nodes
502 working nodes out of 512
States are 0,1
Weight-choosing mode: 5
Min time to run: 0.5s
Max time to run: 1e+10s
Solutions are independent
           1       -986          0     0.00     0.00       -nan
          31       -988          0     0.00     0.00       -nan
          51       -990          0     0.00     0.01       -nan
          81       -992          0     0.00     0.01       -nan
         112       -996          0     0.00     0.02       -nan
         271       -998          0     0.00     0.03       -nan
        2036      -1000          0     0.00     0.19       -nan
       56795      -1000         14     5.00     5.19        2.8
      110137      -1000         27    10.01    10.20        2.7
      164915      -1000         41    15.01    15.20       2.73
      219010      -1000         62    20.01    20.20        3.1
      273252      -1000         83    25.01    25.20       3.32
      327937      -1000         97    30.01    30.20       3.23
      382346      -1000        119    35.01    35.20        3.4
      437047      -1000        136    40.01    40.20        3.4
      492671      -1000        150    45.01    45.20       3.33
      546459      -1000        170    50.01    50.20        3.4
      601679      -1000        194    55.04    55.23       3.52
      661235      -1000        220    60.57    60.76       3.63
      728926      -1000        244    66.65    66.84       3.66
      800974      -1000        274    73.34    73.53       3.74
      881305      -1000        293    80.70    80.89       3.63
      967093      -1000        324    88.79    88.98       3.65
     1064291      -1000        370    97.69    97.88       3.79
     1170161      -1000        408   107.48   107.67        3.8
     1287273      -1000        452   118.25   118.44       3.82
     1415134      -1000        500   129.89   130.08       3.85
Time to solution 0.25978s, assuming true minimum is -1000
