N=8
Mode: 1
Seed: 78
Search strategy: 0
Initialising random weight matrix with 502 working nodes
502 working nodes out of 512
States are 0,1
Weight-choosing mode: 5
Min time to run: 1000s
Max time to run: 50000s
Groundtruth: -1006
           1       -950          1     0.00
           2       -956          1     0.00
           5       -966          1     0.00
          17       -972          1     0.00
          20       -984          1     0.00
         174       -992          1     0.02
        1197       -994          1     0.21
        5809       -996          1     1.06
       32990       -996          3     6.07
       49890       -998          1     9.18
       77063       -998          1    14.18
      104293       -998          3    19.18
      131431       -998          4    24.18
      158582       -998          4    29.18
      185643       -998          5    34.18
      212824       -998          6    39.18
      240056       -998          6    44.18
      267295       -998          7    49.18
      289097      -1000          1    53.17
      318003      -1000          1    58.49
      349839      -1000          1    64.34
      384899      -1000          1    70.78
      423488      -1000          1    77.86
      465868      -1000          2    85.65
      512568      -1000          3    94.22
      563811      -1000          4   103.65
      620284      -1000          4   114.02
      682272      -1000          4   125.43
      750540      -1000          4   137.98
      825579      -1000          4   151.78
      907960      -1000          4   166.96
      998635      -1000          5   183.66
     1098452      -1000          7   202.03
     1141984      -1002          1   210.04
     1256236      -1002          1   231.05
     1381901      -1002          1   254.16
     1520241      -1002          1   279.58
     1672317      -1002          1   307.54
     1839686      -1002          1   338.30
     2023846      -1002          1   372.14
     2226371      -1002          1   409.36
     2447495      -1002          1   450.30
     2691584      -1002          1   495.34
     2960965      -1002          1   544.88
     3256619      -1002          1   599.37
     3582534      -1002          1   659.31
     3940868      -1002          2   725.25
     4334755      -1002          2   797.78
     4768938      -1002          2   877.56
     5246403      -1002          2   965.32
     5771342      -1002          2  1061.86
     6348004      -1002          2  1168.05
     6981857      -1002          2  1284.86
     7678285      -1002          2  1413.35
     8443599      -1002          3  1554.69
     9274573      -1002          4  1710.16
    10204821      -1002          4  1881.18
    11226948      -1002          8  2069.30
    12348312      -1002          8  2276.24
    13585217      -1002          8  2503.87
    14942788      -1002          9  2754.26
    16431653      -1002          9  3029.69
    18077674      -1002         10  3332.66
    19882848      -1002         11  3665.93
    21866737      -1002         14  4032.53
    24055812      -1002         16  4435.79
    26459385      -1002         17  4879.37
    29101831      -1002         22  5367.31
    32013355      -1002         22  5904.05
    35219204      -1002         24  6494.46
    38745998      -1002         27  7143.91
    42624027      -1002         28  7858.31
    46886017      -1002         33  8644.15
    51578884      -1002         38  9508.57
    56741146      -1002         40 10459.43
    62427687      -1002         44 11505.38
    68661180      -1002         46 12655.92
    75523670      -1002         53 13921.52
    83086171      -1002         57 15313.68
    91405019      -1002         57 16845.05
    97310288      -1004          1 17931.97
   107080742      -1004          1 19725.17
   117974938      -1004          1 21697.69
   130744378      -1004          1 23867.46
   144803381      -1004          1 26254.21
   160312860      -1004          1 28879.64
   177339525      -1004          2 31767.61
   196022041      -1004          2 34944.38
   216645472      -1004          5 38438.82
   239251981      -1004          5 42282.71
   264152304      -1004          7 46510.99
   284694623      -1004          7 50000.00
Time to solution 7142.86s, assuming true minimum is -1004
