N=8
Mode: 1
Seed: 780
Search strategy: 0
Initialising random weight matrix with 502 working nodes
502 working nodes out of 512
States are 0,1
Weight-choosing mode: 5
Min time to run: 0.5s
Max time to run: 1e+10s
Solutions are independent
           1       -958          0     0.00     0.00       -nan
           8       -970          0     0.00     0.00       -nan
         119       -972          0     0.00     0.02       -nan
         249       -974          0     0.00     0.03       -nan
         341       -976          0     0.00     0.04       -nan
        1990       -978          0     0.00     0.19       -nan
       15557       -980          0     0.00     1.43       -nan
       67797       -980          6     5.00     6.43        1.2
      117334       -980         11    10.00    11.43        1.1
      170668       -980         21    15.00    16.43        1.4
      221445       -980         25    20.00    21.43       1.25
      276032       -980         34    25.00    26.43       1.36
      327272       -980         37    30.00    31.43       1.23
      379615       -980         42    35.00    36.43        1.2
      434053       -980         51    40.00    41.43       1.27
      486104       -980         58    45.00    46.43       1.29
      537343       -980         62    50.00    51.43       1.24
      592222       -980         70    55.15    56.58       1.27
      650361       -980         77    60.81    62.24       1.27
      715430       -980         83    67.04    68.47       1.24
      785309       -980         91    73.89    75.32       1.23
      863963       -980         99    81.43    82.86       1.22
      951002       -980        110    89.72    91.15       1.23
     1045437       -980        117    98.84   100.27       1.18
     1152799       -980        133   108.87   110.30       1.22
     1268550       -980        162   119.91   121.34       1.35
     1395484       -980        175   132.05   133.48       1.33
     1536965       -980        196   145.40   146.83       1.35
     1689441       -980        212   160.09   161.52       1.32
     1855887       -980        227   176.25   177.68       1.29
     2038537       -980        242   194.02   195.45       1.25
     2243408       -980        267   213.57   215.00       1.25
     2464967       -980        297   235.08   236.51       1.26
     2711753       -980        333   258.74   260.17       1.29
     2982434       -980        367   284.76   286.19       1.29
     3281040       -980        409   313.38   314.81       1.31
     3606380       -980        439   344.87   346.30       1.27
     3958631       -980        500   378.57   380.00       1.32
Time to solution 0.75714s, assuming true minimum is -980
