N=8
Mode: 1
Seed: 782
Search strategy: 0
Initialising random weight matrix with 502 working nodes
502 working nodes out of 512
States are 0,1
Weight-choosing mode: 5
Min time to run: 0.5s
Max time to run: 1e+10s
Solutions are independent
           1       -950          0     0.00     0.00       -nan
           2       -956          0     0.00     0.00       -nan
          10       -958          0     0.00     0.00       -nan
          21       -960          0     0.00     0.00       -nan
         156       -964          0     0.00     0.01       -nan
         180       -966          0     0.00     0.02       -nan
         745       -968          0     0.00     0.06       -nan
        5784       -970          0     0.00     0.50       -nan
        5863       -972          0     0.00     0.52       -nan
       63409       -972         28     5.00     5.52        5.6
      121746       -972         51    10.00    10.52        5.1
      179373       -972         84    15.00    15.52        5.6
      237125       -972        111    20.00    20.52       5.55
      295043       -972        133    25.00    25.52       5.32
      352218       -972        173    30.00    30.52       5.77
      411463       -972        210    35.00    35.52          6
      469896       -972        244    40.00    40.52        6.1
      529708       -972        276    45.00    45.52       6.13
      587314       -972        298    50.00    50.52       5.96
      646373       -972        332    55.06    55.58       6.03
      712042       -972        368    60.62    61.14       6.07
      783617       -972        403    66.74    67.26       6.04
      861086       -972        444    73.47    73.99       6.04
      946520       -972        479    80.87    81.39       5.92
      983105       -972        500    84.05    84.57       5.95
Time to solution 0.1681s, assuming true minimum is -972
