N=8
Mode: 1
Seed: 785
Search strategy: 0
Initialising random weight matrix with 502 working nodes
502 working nodes out of 512
States are 0,1
Weight-choosing mode: 5
Min time to run: 0.5s
Max time to run: 1e+10s
Solutions are independent
           1       -888          0     0.00     0.00       -nan
           2       -902          0     0.00     0.00       -nan
           5       -904          0     0.00     0.00       -nan
          15       -910          0     0.00     0.00       -nan
         206       -912          0     0.00     0.02       -nan
         294       -914          0     0.00     0.04       -nan
        2354       -916          0     0.00     0.21       -nan
        9975       -918          0     0.00     0.88       -nan
       68465       -918         22     5.00     5.88        4.4
      127333       -918         54    10.00    10.88        5.4
      183731       -918         78    15.00    15.88        5.2
      242145       -918        100    20.01    20.89          5
      300565       -918        133    25.01    25.89       5.32
      358883       -918        159    30.01    30.89        5.3
      417479       -918        190    35.01    35.89       5.43
      476507       -918        223    40.01    40.89       5.57
      535900       -918        248    45.01    45.89       5.51
      594744       -918        275    50.01    50.89        5.5
      654681       -918        305    55.10    55.98       5.54
      720071       -918        340    60.70    61.58        5.6
      792321       -918        382    66.86    67.74       5.71
      870961       -918        420    73.64    74.52        5.7
      958524       -918        471    81.10    81.98       5.81
     1013153       -918        500    85.71    86.59       5.83
Time to solution 0.17142s, assuming true minimum is -918
