N=8
Mode: 1
Seed: 786
Search strategy: 0
Initialising random weight matrix with 502 working nodes
502 working nodes out of 512
States are 0,1
Weight-choosing mode: 5
Min time to run: 0.5s
Max time to run: 1e+10s
Solutions are independent
           1       -898          0     0.00     0.00       -nan
          10       -914          0     0.00     0.00       -nan
         470       -916          0     0.00     0.05       -nan
         687       -918          0     0.00     0.08       -nan
        1306       -920          0     0.00     0.14       -nan
        2543       -922          0     0.00     0.29       -nan
        5604       -924          0     0.00     0.58       -nan
       58515       -924         27     5.00     5.58        5.4
      110117       -924         56    10.00    10.58        5.6
      161234       -924         80    15.00    15.58       5.33
      214503       -924        109    20.00    20.58       5.45
      266130       -924        138    25.00    25.58       5.52
      319271       -924        164    30.00    30.58       5.47
      373266       -924        197    35.00    35.58       5.63
      425446       -924        228    40.00    40.58        5.7
      479304       -924        261    45.00    45.58        5.8
      532428       -924        297    50.00    50.58       5.94
      585367       -924        322    55.06    55.64       5.85
      643545       -924        352    60.63    61.21       5.81
      707752       -924        387    66.76    67.34        5.8
      779381       -924        422    73.50    74.08       5.74
      857172       -924        465    80.91    81.49       5.75
      922152       -924        500    87.14    87.72       5.74
Time to solution 0.17428s, assuming true minimum is -924
