N=8
Mode: 1
Seed: 788
Search strategy: 0
Initialising random weight matrix with 502 working nodes
502 working nodes out of 512
States are 0,1
Weight-choosing mode: 5
Min time to run: 0.5s
Max time to run: 1e+10s
Solutions are independent
           1       -980          0     0.00     0.00       -nan
          16       -988          0     0.00     0.00       -nan
         510       -990          0     0.00     0.06       -nan
        1101       -992          0     0.00     0.11       -nan
       28341       -994          0     0.00     2.58       -nan
       83864       -994          6     5.00     7.58        1.2
      139004       -994         14    10.00    12.58        1.4
      193870       -994         22    15.00    17.58       1.47
      249763       -994         33    20.00    22.58       1.65
      305106       -994         44    25.00    27.58       1.76
      361536       -994         49    30.00    32.58       1.63
      418247       -994         59    35.00    37.58       1.69
      474997       -994         68    40.00    42.58        1.7
      530534       -994         79    45.00    47.58       1.76
      586411       -994         85    50.00    52.58        1.7
      644862       -994         93    55.26    57.84       1.68
      709093       -994         98    61.05    63.63       1.61
      779530       -994        109    67.42    70.00       1.62
      857197       -994        114    74.42    77.00       1.53
      943080       -994        128    82.12    84.70       1.56
     1037839       -994        143    90.60    93.18       1.58
     1141549       -994        160    99.92   102.50        1.6
     1254431       -994        177   110.18   112.76       1.61
     1382595       -994        195   121.46   124.04       1.61
     1518877       -994        207   133.87   136.45       1.55
     1672844       -994        229   147.52   150.10       1.55
     1838842       -994        247   162.53   165.11       1.52
     2020828       -994        272   179.05   181.63       1.52
     2220075       -994        292   197.22   199.80       1.48
     2442532       -994        323   217.21   219.79       1.49
     2686780       -994        359   239.19   241.77        1.5
     2959359       -994        397   263.37   265.95       1.51
     3254532       -994        430   289.97   292.55       1.48
     3581452       -994        468   319.23   321.81       1.47
     3774261       -994        500   336.52   339.10       1.49
Time to solution 0.67304s, assuming true minimum is -994
