N=8
Mode: 1
Seed: 79
Search strategy: 0
Initialising random weight matrix with 502 working nodes
502 working nodes out of 512
States are 0,1
Weight-choosing mode: 5
Min time to run: 1000s
Max time to run: 10000s
Groundtruth: -918
           1       -886          1     0.00
           4       -890          1     0.00
          18       -892          1     0.00
          23       -910          1     0.00
         193       -914          1     0.04
        6618       -916          1     1.53
       28132       -916          3     6.53
       35230       -918          1     8.17
       56822       -918          2    13.17
       78291       -918          4    18.17
       99822       -918          4    23.17
      121332       -918          4    28.17
      142919       -918          5    33.17
      164490       -918          5    38.17
      186084       -918          6    43.17
      207558       -918          6    48.17
      229099       -918          7    53.17
      251934       -918          7    58.49
      277105       -918          8    64.34
      304823       -918          9    70.78
      335312       -918         10    77.86
      368790       -918         11    85.65
      405621       -918         11    94.22
      446214       -918         12   103.65
      490826       -918         13   114.02
      539954       -918         13   125.43
      594102       -918         15   137.98
      653516       -918         17   151.78
      718888       -918         20   166.96
      790691       -918         22   183.66
      869500       -918         23   202.03
      956342       -918         24   222.24
     1052142       -918         26   244.47
     1157248       -918         28   268.92
     1273058       -918         31   295.82
     1400493       -918         34   325.41
     1540349       -918         36   357.96
     1694073       -918         38   393.76
     1861521       -918         41   433.14
     2046406       -918         45   476.46
     2251153       -918         52   524.11
     2476380       -918         57   576.53
     2723802       -918         61   634.19
     2994193       -918         64   697.61
     3291036       -918         67   767.38
     3619984       -918         71   844.12
     3981755       -918         75   928.54
     4288817       -918         80  1000.00
Time to solution 12.5s, assuming true minimum is -918
