N=8
Mode: 1
Seed: 791
Search strategy: 0
Initialising random weight matrix with 502 working nodes
502 working nodes out of 512
States are 0,1
Weight-choosing mode: 5
Min time to run: 0.5s
Max time to run: 1e+10s
Solutions are independent
           1       -896          0     0.00     0.00       -nan
           2       -912          0     0.00     0.00       -nan
           4       -928          0     0.00     0.00       -nan
          35       -930          0     0.00     0.00       -nan
         146       -932          0     0.00     0.02       -nan
         229       -934          0     0.00     0.03       -nan
         261       -936          0     0.00     0.03       -nan
        1430       -940          0     0.00     0.13       -nan
        3690       -942          0     0.00     0.33       -nan
       16525       -944          0     0.00     1.42       -nan
       73233       -944         12     5.00     6.42        2.4
      132490       -944         33    10.00    11.42        3.3
      191623       -944         49    15.00    16.42       3.27
      251101       -944         76    20.00    21.42        3.8
      310038       -944         92    25.00    26.42       3.68
      369865       -944        108    30.00    31.42        3.6
      429112       -944        127    35.00    36.42       3.63
      489061       -944        141    40.00    41.42       3.52
      549676       -944        156    45.00    46.42       3.47
      608425       -944        171    50.00    51.42       3.42
      669648       -944        187    55.15    56.57       3.39
      737428       -944        201    60.81    62.23       3.31
      810525       -944        218    67.04    68.46       3.25
      889835       -944        242    73.89    75.31       3.28
      979086       -944        274    81.43    82.85       3.36
     1076994       -944        304    89.72    91.14       3.39
     1184413       -944        332    98.84   100.26       3.36
     1304611       -944        363   108.87   110.29       3.33
     1435433       -944        402   119.90   121.32       3.35
     1577698       -944        444   132.04   133.46       3.36
     1737827       -944        485   145.39   146.81       3.34
     1801222       -944        500   150.67   152.09       3.32
Time to solution 0.30134s, assuming true minimum is -944
