N=8
Mode: 1
Seed: 794
Search strategy: 0
Initialising random weight matrix with 502 working nodes
502 working nodes out of 512
States are 0,1
Weight-choosing mode: 5
Min time to run: 0.5s
Max time to run: 1e+10s
Solutions are independent
           1       -910          0     0.00     0.00       -nan
           3       -928          0     0.00     0.00       -nan
          21       -930          0     0.00     0.00       -nan
          24       -936          0     0.00     0.00       -nan
          73       -938          0     0.00     0.01       -nan
          85       -940          0     0.00     0.01       -nan
         681       -942          0     0.00     0.06       -nan
        2270       -944          0     0.00     0.20       -nan
       32148       -946          0     0.00     2.75       -nan
       90223       -946          7     5.00     7.75        1.4
      147074       -946         15    10.00    12.75        1.5
      205359       -946         24    15.00    17.75        1.6
      262217       -946         34    20.00    22.75        1.7
      318916       -946         40    25.00    27.75        1.6
      376241       -946         51    30.00    32.75        1.7
      432526       -946         59    35.00    37.75       1.69
      488836       -946         63    40.00    42.75       1.57
      543470       -946         67    45.00    47.75       1.49
      598585       -946         72    50.00    52.75       1.44
      658413       -946         78    55.28    58.03       1.41
      725683       -946         84    61.09    63.84       1.38
      797618       -946         97    67.48    70.23       1.44
      879387       -946        108    74.51    77.26       1.45
      966968       -946        121    82.24    84.99       1.47
     1061859       -946        129    90.74    93.49       1.42
     1167938       -946        143   100.09   102.84       1.43
     1285510       -946        153   110.38   113.13       1.39
     1415322       -946        168   121.70   124.45       1.38
     1557733       -946        189   134.15   136.90       1.41
     1712296       -946        207   147.85   150.60        1.4
     1883110       -946        229   162.91   165.66       1.41
     2069981       -946        257   179.48   182.23       1.43
     2279558       -946        293   197.71   200.46       1.48
     2509277       -946        319   217.76   220.51       1.46
     2762270       -946        349   239.82   242.57       1.46
     3038290       -946        387   264.08   266.83       1.47
     3343559       -946        419   290.77   293.52       1.44
     3676407       -946        459   320.13   322.88       1.43
     3986919       -946        500   347.37   350.12       1.44
Time to solution 0.69474s, assuming true minimum is -946
