N=8
Mode: 1
Seed: 8
Search strategy: 0
Initialising random weight matrix with 502 working nodes
502 working nodes out of 512
States are 0,1
Weight-choosing mode: 5
Min time to run: 0.5s
Max time to run: 1e+10s
Solutions are independent
           1       -860          0     0.00     0.00       -nan
          14       -862          0     0.00     0.00       -nan
         286       -864          0     0.00     0.02       -nan
         304       -866          0     0.00     0.03       -nan
         345       -868          0     0.00     0.03       -nan
        1432       -870          0     0.00     0.14       -nan
       12721       -872          0     0.00     1.10       -nan
       33402       -874          0     0.00     2.90       -nan
       92385       -874          2     5.00     7.90        0.4
      149155       -874          4    10.00    12.90        0.4
      204774       -874          4    15.00    17.90      0.267
      261658       -874          6    20.00    22.90        0.3
      314211       -874          6    25.00    27.90       0.24
      367925       -874          6    30.00    32.90        0.2
      424686       -874          6    35.00    37.90      0.171
      480379       -874          6    40.00    42.90       0.15
      535827       -874          6    45.00    47.90      0.133
      592061       -874          6    50.00    52.90       0.12
      654707       -874          8    55.30    58.20      0.145
      723528       -874         10    61.13    64.03      0.164
      793683       -874         12    67.54    70.44      0.178
      875383       -874         13    74.59    77.49      0.174
      959326       -874         13    82.34    85.24      0.158
     1051731       -874         15    90.87    93.77      0.165
     1156804       -874         15   100.25   103.15       0.15
     1274780       -874         16   110.57   113.47      0.145
     1398925       -874         16   121.92   124.82      0.131
     1540508       -874         19   134.41   137.31      0.141
     1696108       -874         23   148.15   151.05      0.155
     1865005       -874         27   163.26   166.16      0.165
     2058383       -874         32   179.88   182.78      0.178
     2256296       -874         33   198.16   201.06      0.167
     2487951       -874         39   218.27   221.17      0.179
     2737448       -874         45   240.39   243.29      0.187
     3011753       -874         51   264.72   267.62      0.193
     3311029       -874         53   291.49   294.39      0.182
     3643542       -874         59   320.93   323.83      0.184
     4006669       -874         64   353.32   356.22      0.181
     4401704       -874         68   388.95   391.85      0.175
     4844468       -874         77   428.14   431.04       0.18
     5329354       -874         88   471.25   474.15      0.187
     5866316       -874         98   518.67   521.57      0.189
     6456432       -874        111   570.83   573.73      0.194
     7099834       -874        125   628.21   631.11      0.199
     7812654       -874        138   691.33   694.23        0.2
     8589500       -874        151   760.76   763.66      0.198
     9437950       -874        171   837.13   840.03      0.204
    10387500       -874        187   921.14   924.04      0.203
    11431276       -874        206  1013.55  1016.45      0.203
    12570942       -874        225  1115.20  1118.10      0.202
    13826318       -874        244  1227.01  1229.91      0.199
    15215621       -874        269  1350.01  1352.91      0.199
    16731471       -874        296  1485.31  1488.21      0.199
    18400822       -874        330  1634.14  1637.04      0.202
    20229347       -874        359  1797.85  1800.75        0.2
    22256696       -874        399  1977.93  1980.83      0.202
    24473700       -874        431  2176.02  2178.92      0.198
    26929771       -874        468  2393.92  2396.82      0.195
    29389875       -874        500  2613.23  2616.13      0.191
Time to solution 5.22646s, assuming true minimum is -874
