N=8
Mode: 1
Seed: 805
Search strategy: 0
Initialising random weight matrix with 502 working nodes
502 working nodes out of 512
States are 0,1
Weight-choosing mode: 5
Min time to run: 0.5s
Max time to run: 1e+10s
Solutions are independent
           1       -924          0     0.00     0.00       -nan
          11       -928          0     0.00     0.00       -nan
          21       -930          0     0.00     0.00       -nan
          24       -932          0     0.00     0.00       -nan
         160       -934          0     0.00     0.02       -nan
         635       -936          0     0.00     0.06       -nan
         698       -938          0     0.00     0.07       -nan
         805       -942          0     0.00     0.08       -nan
        1435       -944          0     0.00     0.14       -nan
       58568       -944         12     5.00     5.14        2.4
      114163       -944         17    10.00    10.14        1.7
      170675       -944         27    15.00    15.14        1.8
      227184       -944         35    20.00    20.14       1.75
      281300       -944         40    25.00    25.14        1.6
      339155       -944         49    30.00    30.14       1.63
      396639       -944         57    35.00    35.14       1.63
      452776       -944         71    40.00    40.14       1.77
      510008       -944         81    45.00    45.14        1.8
      567061       -944         90    50.00    50.14        1.8
      623341       -944        100    55.02    55.16       1.82
      686300       -944        114    60.54    60.68       1.88
      755213       -944        119    66.61    66.75       1.79
      830260       -944        128    73.29    73.43       1.75
      909826       -944        133    80.64    80.78       1.65
     1001013       -944        139    88.72    88.86       1.57
     1101135       -944        151    97.61    97.75       1.55
     1208149       -944        163   107.39   107.53       1.52
     1329671       -944        177   118.15   118.29        1.5
     1461947       -944        198   129.98   130.12       1.52
     1610194       -944        218   143.00   143.14       1.52
     1772396       -944        242   157.32   157.46       1.54
     1950543       -944        271   173.07   173.21       1.57
     2146752       -944        297   190.40   190.54       1.56
     2360668       -944        334   209.46   209.60       1.59
     2595365       -944        365   230.42   230.56       1.58
     2856480       -944        404   253.48   253.62       1.59
     3141187       -944        447   278.85   278.99        1.6
     3460452       -944        497   306.75   306.89       1.62
     3491151       -944        500   309.54   309.68       1.62
Time to solution 0.61908s, assuming true minimum is -944
