N=8
Mode: 1
Seed: 81
Search strategy: 0
Initialising random weight matrix with 502 working nodes
502 working nodes out of 512
States are 0,1
Weight-choosing mode: 5
Min time to run: 1000s
Max time to run: 10000s
Groundtruth: -920
           1       -872          1     0.00
           3       -880          1     0.00
           4       -886          1     0.00
          13       -890          1     0.00
          17       -892          1     0.00
          24       -894          1     0.00
          27       -898          1     0.00
          64       -902          1     0.01
         155       -904          1     0.04
         300       -908          1     0.06
        2001       -914          1     0.44
       24909       -914          1     5.44
       47995       -914          1    10.45
       70936       -914          2    15.45
       93941       -914          2    20.45
      116844       -914          2    25.45
      139859       -914          3    30.45
      162817       -914          4    35.45
      185771       -914          5    40.45
      208726       -914          6    45.45
      231678       -914          7    50.45
      254909       -914          7    55.50
      280380       -914          8    61.06
      308420       -914         10    67.17
      339285       -914         11    73.89
      373288       -914         13    81.28
      410572       -914         16    89.41
      420637       -916          1    91.60
      462716       -916          1   100.76
      509042       -916          1   110.84
      559929       -916          1   121.93
      615877       -916          1   134.13
      677346       -916          1   147.55
      744850       -916          1   162.31
      818877       -916          1   178.55
      899882       -916          1   196.41
      989297       -916          1   216.06
     1087715       -916          1   237.67
     1195315       -916          1   261.44
     1314835       -916          1   287.59
     1446604       -916          3   316.35
     1590707       -916          3   347.99
     1748411       -916          4   382.79
     1923892       -916          4   421.07
     2116812       -916          7   463.18
     2328700       -916          7   509.50
     2561920       -916          7   560.45
     2819180       -916          8   616.50
     3102547       -916         11   678.16
     3413521       -916         12   745.98
     3755600       -916         12   820.58
     4132152       -916         12   902.64
     4545760       -916         12   992.91
     5002430       -916         14  1092.21
     5499324       -916         15  1201.44
     6051165       -916         16  1321.59
     6658753       -916         16  1453.75
     7326615       -916         16  1599.13
     8061011       -916         18  1759.05
     8868901       -916         20  1934.96
     9757520       -916         22  2128.46
    10732610       -916         23  2341.31
    11805819       -916         27  2575.45
    12988529       -916         32  2833.00
    14290244       -916         34  3116.30
    14559141       -918          1  3174.82
    16016501       -918          1  3492.31
    17618914       -918          1  3841.55
    19379118       -918          1  4225.71
    21317907       -918          2  4648.29
    23451659       -918          2  5113.12
    25799895       -918          2  5624.44
    28384265       -918          2  6186.89
    31226103       -918          2  6805.58
    34348493       -918          3  7486.14
    37788354       -918          3  8234.76
    41572248       -918          3  9058.24
    45731397       -918          3  9964.07
    45896027       -918          3 10000.00
Time to solution 3333.33s, assuming true minimum is -918
