N=8
Mode: 1
Seed: 815
Search strategy: 0
Initialising random weight matrix with 502 working nodes
502 working nodes out of 512
States are 0,1
Weight-choosing mode: 5
Min time to run: 0.5s
Max time to run: 1e+10s
Solutions are independent
           1       -968          0     0.00     0.00       -nan
          43       -978          0     0.00     0.00       -nan
       10538       -980          0     0.00     0.95       -nan
       69102       -980          7     5.00     5.95        1.4
      128128       -980         20    10.00    10.95          2
      186321       -980         29    15.00    15.95       1.93
      244263       -980         36    20.00    20.95        1.8
      302041       -980         47    25.00    25.95       1.88
      359398       -980         55    30.00    30.95       1.83
      417265       -980         62    35.00    35.95       1.77
      474999       -980         72    40.00    40.95        1.8
      534046       -980         78    45.00    45.95       1.73
      592034       -980         86    50.00    50.95       1.72
      651225       -980         93    55.10    56.05       1.69
      714662       -980        100    60.71    61.66       1.65
      785624       -980        111    66.88    67.83       1.66
      866166       -980        123    73.67    74.62       1.67
      953977       -980        135    81.14    82.09       1.66
     1050082       -980        149    89.35    90.30       1.67
     1155630       -980        167    98.38    99.33        1.7
     1272453       -980        180   108.32   109.27       1.66
     1399070       -980        208   119.25   120.20       1.74
     1539206       -980        229   131.28   132.23       1.74
     1693077       -980        257   144.51   145.46       1.78
     1861984       -980        280   159.06   160.01       1.76
     2049452       -980        314   175.07   176.02       1.79
     2252574       -980        343   192.68   193.63       1.78
     2480461       -980        384   212.05   213.00       1.81
     2728679       -980        424   233.35   234.30       1.82
     3000387       -980        459   256.78   257.73       1.79
     3232534       -980        500   276.64   277.59       1.81
Time to solution 0.55328s, assuming true minimum is -980
