N=8
Mode: 1
Seed: 817
Search strategy: 0
Initialising random weight matrix with 502 working nodes
502 working nodes out of 512
States are 0,1
Weight-choosing mode: 5
Min time to run: 0.5s
Max time to run: 1e+10s
Solutions are independent
           1       -950          0     0.00     0.00       -nan
           2       -960          0     0.00     0.00       -nan
           3       -984          0     0.00     0.00       -nan
         118       -986          0     0.00     0.01       -nan
         937       -988          0     0.00     0.10       -nan
        1441       -992          0     0.00     0.14       -nan
        2554       -994          0     0.00     0.24       -nan
       62178       -994          8     5.00     5.24        1.6
      121121       -994         16    10.00    10.24        1.6
      178123       -994         24    15.00    15.24        1.6
      236939       -994         30    20.01    20.25        1.5
      296001       -994         37    25.01    25.25       1.48
      356086       -994         43    30.01    30.25       1.43
      415193       -994         48    35.01    35.25       1.37
      473997       -994         60    40.01    40.25        1.5
      531817       -994         66    45.01    45.25       1.47
      589527       -994         71    50.01    50.25       1.42
      649130       -994         77    55.04    55.28        1.4
      713195       -994         83    60.57    60.81       1.37
      786397       -994         94    66.66    66.90       1.41
      865582       -994        105    73.36    73.60       1.43
      952677       -994        110    80.72    80.96       1.36
     1048198       -994        120    88.82    89.06       1.35
     1153918       -994        133    97.73    97.97       1.36
     1269852       -994        148   107.53   107.77       1.38
     1394472       -994        159   118.31   118.55       1.34
     1534491       -994        187   130.17   130.41       1.44
     1687623       -994        207   143.22   143.46       1.45
     1856880       -994        229   157.57   157.81       1.45
     2045274       -994        244   173.36   173.60       1.41
     2250057       -994        269   190.72   190.96       1.41
     2476215       -994        298   209.82   210.06       1.42
     2724274       -994        333   230.83   231.07       1.44
     2996622       -994        376   253.94   254.18       1.48
     3298476       -994        415   279.36   279.60       1.49
     3627816       -994        467   307.33   307.57       1.52
     3853108       -994        500   326.14   326.38       1.53
Time to solution 0.65228s, assuming true minimum is -994
