N=8
Mode: 1
Seed: 818
Search strategy: 0
Initialising random weight matrix with 502 working nodes
502 working nodes out of 512
States are 0,1
Weight-choosing mode: 5
Min time to run: 0.5s
Max time to run: 1e+10s
Solutions are independent
           1       -822          0     0.00     0.00       -nan
           2       -842          0     0.00     0.00       -nan
           3       -856          0     0.00     0.00       -nan
          33       -858          0     0.00     0.00       -nan
          34       -860          0     0.00     0.00       -nan
          38       -862          0     0.00     0.00       -nan
          77       -870          0     0.00     0.01       -nan
         249       -872          0     0.00     0.03       -nan
         553       -874          0     0.00     0.06       -nan
        2491       -876          0     0.00     0.24       -nan
       60583       -876         23     5.00     5.24        4.6
      117250       -876         48    10.00    10.24        4.8
      175364       -876         73    15.00    15.24       4.87
      231086       -876        100    20.01    20.25          5
      286444       -876        129    25.01    25.25       5.16
      343051       -876        159    30.01    30.25        5.3
      401031       -876        181    35.01    35.25       5.17
      456879       -876        209    40.01    40.25       5.22
      514533       -876        234    45.01    45.25        5.2
      570579       -876        263    50.01    50.25       5.26
      628849       -876        297    55.04    55.28        5.4
      692115       -876        325    60.57    60.81       5.37
      763049       -876        362    66.66    66.90       5.43
      839351       -876        401    73.36    73.60       5.47
      922937       -876        434    80.72    80.96       5.38
     1013964       -876        476    88.82    89.06       5.36
     1060641       -876        500    92.92    93.16       5.38
Time to solution 0.18584s, assuming true minimum is -876
