N=8
Mode: 1
Seed: 82
Search strategy: 0
Initialising random weight matrix with 502 working nodes
502 working nodes out of 512
States are 0,1
Weight-choosing mode: 5
Min time to run: 0.5s
Max time to run: 1e+10s
Solutions are independent
           1       -974          0     0.00     0.00       -nan
           5       -980          0     0.00     0.00       -nan
          25       -984          0     0.00     0.00       -nan
          93       -986          0     0.00     0.01       -nan
         658       -990          0     0.00     0.07       -nan
        2357       -992          0     0.00     0.22       -nan
       57847       -992         41     5.00     5.22        8.2
      113349       -992         79    10.00    10.22        7.9
      169232       -992        112    15.00    15.22       7.47
      224582       -992        153    20.00    20.22       7.65
      280433       -992        184    25.00    25.22       7.36
      334373       -992        221    30.00    30.22       7.37
      389313       -992        256    35.00    35.22       7.31
      445355       -992        298    40.00    40.22       7.45
      500940       -992        332    45.00    45.22       7.38
      555391       -992        371    50.00    50.22       7.42
      611790       -992        416    55.03    55.25       7.56
      671912       -992        447    60.56    60.78       7.38
      738817       -992        490    66.64    66.86       7.35
      755550       -992        500    68.18    68.40       7.33
Time to solution 0.13636s, assuming true minimum is -992
