N=8
Mode: 1
Seed: 820
Search strategy: 0
Initialising random weight matrix with 502 working nodes
502 working nodes out of 512
States are 0,1
Weight-choosing mode: 5
Min time to run: 0.5s
Max time to run: 1e+10s
Solutions are independent
           1       -992          0     0.00     0.00       -nan
           2       -996          0     0.00     0.00       -nan
          53      -1002          0     0.00     0.00       -nan
         304      -1004          0     0.00     0.03       -nan
        5749      -1006          0     0.00     0.59       -nan
       52176      -1006         29     5.00     5.59        5.8
       97936      -1006         50    10.00    10.59          5
      144775      -1006         72    15.00    15.59        4.8
      190790      -1006        106    20.00    20.59        5.3
      236528      -1006        132    25.00    25.59       5.28
      282816      -1006        167    30.00    30.59       5.57
      328027      -1006        191    35.00    35.59       5.46
      374638      -1006        233    40.00    40.59       5.83
      421412      -1006        260    45.00    45.59       5.78
      467006      -1006        284    50.00    50.59       5.68
      513439      -1006        310    55.06    55.65       5.63
      563818      -1006        339    60.63    61.22       5.59
      619193      -1006        360    66.76    67.35       5.39
      679904      -1006        394    73.50    74.09       5.36
      747892      -1006        436    80.91    81.50       5.39
      820730      -1006        472    89.06    89.65        5.3
      872499      -1006        500    94.75    95.34       5.28
Time to solution 0.1895s, assuming true minimum is -1006
