N=8
Mode: 1
Seed: 821
Search strategy: 0
Initialising random weight matrix with 502 working nodes
502 working nodes out of 512
States are 0,1
Weight-choosing mode: 5
Min time to run: 0.5s
Max time to run: 1e+10s
Solutions are independent
           1       -942          0     0.00     0.00       -nan
           2       -946          0     0.00     0.00       -nan
           3       -950          0     0.00     0.00       -nan
           6       -952          0     0.00     0.00       -nan
           7       -964          0     0.00     0.00       -nan
          38       -968          0     0.00     0.01       -nan
         122       -972          0     0.00     0.02       -nan
         383       -974          0     0.00     0.06       -nan
        1135       -976          0     0.00     0.13       -nan
       56103       -976         18     5.00     5.13        3.6
      109082       -976         32    10.00    10.13        3.2
      164218       -976         49    15.00    15.13       3.27
      219440       -976         63    20.01    20.14       3.15
      272612       -976         75    25.01    25.14          3
      328420       -976         91    30.01    30.14       3.03
      381119       -976        107    35.01    35.14       3.06
      435245       -976        124    40.01    40.14        3.1
      489260       -976        145    45.01    45.14       3.22
      543117       -976        163    50.01    50.14       3.26
      597452       -976        178    55.03    55.16       3.23
      658572       -976        201    60.55    60.68       3.32
      724533       -976        220    66.62    66.75        3.3
      795684       -976        237    73.30    73.43       3.23
      875155       -976        268    80.65    80.78       3.32
      961588       -976        292    88.73    88.86       3.29
     1057296       -976        320    97.62    97.75       3.28
     1164462       -976        352   107.40   107.53       3.28
     1280241       -976        386   118.16   118.29       3.27
     1410300       -976        432   129.99   130.12       3.32
     1550249       -976        482   143.01   143.14       3.37
     1618897       -976        500   149.35   149.48       3.35
Time to solution 0.2987s, assuming true minimum is -976
