N=8
Mode: 1
Seed: 822
Search strategy: 0
Initialising random weight matrix with 502 working nodes
502 working nodes out of 512
States are 0,1
Weight-choosing mode: 5
Min time to run: 0.5s
Max time to run: 1e+10s
Solutions are independent
           1       -966          0     0.00     0.00       -nan
           2       -988          0     0.00     0.00       -nan
         104       -992          0     0.00     0.01       -nan
         180       -994          0     0.00     0.02       -nan
         248      -1000          0     0.00     0.03       -nan
        1233      -1002          0     0.00     0.13       -nan
        2872      -1004          0     0.00     0.27       -nan
        5580      -1006          0     0.00     0.49       -nan
       60749      -1006          6     5.00     5.49        1.2
      115560      -1006         10    10.00    10.49          1
      170924      -1006         18    15.00    15.49        1.2
      224101      -1006         22    20.01    20.50        1.1
      277360      -1006         25    25.01    25.50          1
      332068      -1006         30    30.01    30.50          1
      386849      -1006         36    35.01    35.50       1.03
      441390      -1006         41    40.01    40.50       1.02
      493380      -1006         42    45.01    45.50      0.933
      546509      -1006         46    50.01    50.50       0.92
      600726      -1006         52    55.07    55.56      0.944
      662860      -1006         57    60.63    61.12       0.94
      729158      -1006         63    66.75    67.24      0.944
      802628      -1006         74    73.48    73.97       1.01
      881051      -1006         86    80.88    81.37       1.06
      971970      -1006         96    89.02    89.51       1.08
     1068295      -1006        107    97.98    98.47       1.09
     1176404      -1006        120   107.83   108.32       1.11
     1294905      -1006        137   118.67   119.16       1.15
     1424617      -1006        148   130.59   131.08       1.13
     1566353      -1006        162   143.70   144.19       1.13
     1721371      -1006        182   158.12   158.61       1.15
     1893998      -1006        202   173.99   174.48       1.16
     2081433      -1006        220   191.44   191.93       1.15
     2290513      -1006        239   210.64   211.13       1.13
     2519494      -1006        264   231.76   232.25       1.14
     2773191      -1006        290   254.99   255.48       1.14
     3049512      -1006        320   280.54   281.03       1.14
     3359845      -1006        355   308.65   309.14       1.15
     3692132      -1006        381   339.57   340.06       1.12
     4063253      -1006        420   373.58   374.07       1.12
     4465433      -1006        462   410.99   411.48       1.12
     4732553      -1006        500   435.49   435.98       1.15
Time to solution 0.87098s, assuming true minimum is -1006
