N=8
Mode: 1
Seed: 823
Search strategy: 0
Initialising random weight matrix with 502 working nodes
502 working nodes out of 512
States are 0,1
Weight-choosing mode: 5
Min time to run: 0.5s
Max time to run: 1e+10s
Solutions are independent
           1       -952          0     0.00     0.00       -nan
           2       -954          0     0.00     0.00       -nan
           3       -962          0     0.00     0.00       -nan
           4       -964          0     0.00     0.00       -nan
           5       -968          0     0.00     0.00       -nan
          20       -970          0     0.00     0.00       -nan
          23       -978          0     0.00     0.00       -nan
          32       -982          0     0.00     0.01       -nan
         203       -986          0     0.00     0.02       -nan
        1408       -990          0     0.00     0.13       -nan
       55507       -990         41     5.00     5.13        8.2
      109666       -990         74    10.00    10.13        7.4
      164817       -990        108    15.00    15.13        7.2
      218645       -990        152    20.01    20.14        7.6
      272153       -990        181    25.01    25.14       7.24
      324886       -990        217    30.01    30.14       7.23
      380079       -990        248    35.01    35.14       7.08
      434620       -990        283    40.01    40.14       7.07
      489361       -990        314    45.01    45.14       6.98
      544615       -990        354    50.01    50.14       7.08
      599000       -990        389    55.03    55.16       7.07
      658308       -990        419    60.55    60.68       6.92
      724039       -990        458    66.62    66.75       6.87
      796926       -990        498    73.30    73.43       6.79
      798007       -990        500    73.38    73.51       6.81
Time to solution 0.14676s, assuming true minimum is -990
