N=8
Mode: 1
Seed: 825
Search strategy: 0
Initialising random weight matrix with 502 working nodes
502 working nodes out of 512
States are 0,1
Weight-choosing mode: 5
Min time to run: 0.5s
Max time to run: 1e+10s
Solutions are independent
           1       -936          0     0.00     0.00       -nan
           4       -940          0     0.00     0.00       -nan
           5       -950          0     0.00     0.00       -nan
           7       -954          0     0.00     0.00       -nan
           8       -962          0     0.00     0.00       -nan
         172       -964          0     0.00     0.02       -nan
         173       -966          0     0.00     0.02       -nan
         253       -970          0     0.00     0.03       -nan
        4536       -972          0     0.00     0.41       -nan
       13181       -974          0     0.00     1.14       -nan
       70678       -974         19     5.00     6.14        3.8
       77731       -976          0     0.00     6.73       -nan
      136407       -976          6     5.00    11.73        1.2
      192896       -976          9    10.00    16.73        0.9
      248761       -976         15    15.00    21.73          1
      305603       -976         22    20.00    26.73        1.1
      362094       -976         28    25.00    31.73       1.12
      418837       -976         31    30.01    36.74       1.03
      475718       -976         34    35.01    41.74      0.971
      531683       -976         38    40.01    46.74       0.95
      587765       -976         39    45.01    51.74      0.866
      646842       -976         44    50.19    56.92      0.877
      712466       -976         48    55.89    62.62      0.859
      780898       -976         52    62.16    68.89      0.837
      860070       -976         59    69.05    75.78      0.854
      945836       -976         67    76.63    83.36      0.874
     1038602       -976         73    84.97    91.70      0.859
     1142586       -976         82    94.14   100.87      0.871
     1258710       -976         93   104.23   110.96      0.892
     1387219       -976        109   115.33   122.06      0.945
     1526457       -976        121   127.54   134.27      0.949
     1680285       -976        139   140.97   147.70      0.986
     1846178       -976        154   155.74   162.47      0.989
     2033483       -976        172   171.99   178.72          1
     2236237       -976        191   189.87   196.60       1.01
     2462670       -976        214   209.54   216.27       1.02
     2704232       -976        229   231.17   237.90      0.991
     2970981       -976        244   254.97   261.70      0.957
     3268330       -976        276   281.14   287.87      0.982
     3593714       -976        310   309.93   316.66          1
     3956801       -976        341   341.60   348.33      0.998
     4351717       -976        375   376.44   383.17      0.996
     4786078       -976        419   414.76   421.49       1.01
     5265993       -976        463   456.91   463.64       1.01
     5791961       -976        497   503.28   510.01      0.988
     5840956       -976        500   507.59   514.32      0.985
Time to solution 1.01518s, assuming true minimum is -976
