N=8
Mode: 1
Seed: 828
Search strategy: 0
Initialising random weight matrix with 502 working nodes
502 working nodes out of 512
States are 0,1
Weight-choosing mode: 5
Min time to run: 0.5s
Max time to run: 1e+10s
Solutions are independent
           1       -874          0     0.00     0.00       -nan
           2       -896          0     0.00     0.00       -nan
         230       -898          0     0.00     0.02       -nan
         493       -902          0     0.00     0.04       -nan
        1552       -904          0     0.00     0.13       -nan
        3693       -906          0     0.00     0.31       -nan
       64769       -906         27     5.00     5.31        5.4
      124796       -906         73    10.00    10.31        7.3
      185668       -906        114    15.00    15.31        7.6
      246564       -906        155    20.01    20.32       7.75
      307293       -906        186    25.01    25.32       7.44
      366837       -906        228    30.01    30.32        7.6
      426529       -906        264    35.01    35.32       7.54
      487283       -906        297    40.01    40.32       7.42
      546723       -906        333    45.01    45.32        7.4
      608539       -906        378    50.01    50.32       7.56
      669755       -906        418    55.05    55.36       7.59
      737490       -906        458    60.59    60.90       7.56
      810358       -906        493    66.69    67.00       7.39
      821772       -906        500    67.62    67.93       7.39
Time to solution 0.13524s, assuming true minimum is -906
