N=8
Mode: 1
Seed: 833
Search strategy: 0
Initialising random weight matrix with 502 working nodes
502 working nodes out of 512
States are 0,1
Weight-choosing mode: 5
Min time to run: 0.5s
Max time to run: 1e+10s
Solutions are independent
           1      -1044          0     0.00     0.00       -nan
          25      -1046          0     0.00     0.00       -nan
          87      -1050          0     0.00     0.01       -nan
          92      -1052          0     0.00     0.01       -nan
         105      -1054          0     0.00     0.02       -nan
         119      -1056          0     0.00     0.02       -nan
        1054      -1058          0     0.00     0.10       -nan
       10471      -1060          0     0.00     0.95       -nan
       68412      -1060         18     5.00     5.95        3.6
      123681      -1060         31    10.00    10.95        3.1
      179870      -1060         41    15.00    15.95       2.73
      238112      -1060         58    20.00    20.95        2.9
      293811      -1060         73    25.00    25.95       2.92
      351530      -1060         92    30.00    30.95       3.07
      407750      -1060        108    35.00    35.95       3.09
      464647      -1060        126    40.00    40.95       3.15
      519408      -1060        132    45.00    45.95       2.93
      574764      -1060        143    50.00    50.95       2.86
      632591      -1060        162    55.10    56.05       2.94
      695298      -1060        171    60.71    61.66       2.82
      765188      -1060        196    66.88    67.83       2.93
      841581      -1060        216    73.67    74.62       2.93
      925365      -1060        238    81.14    82.09       2.93
     1017729      -1060        264    89.35    90.30       2.95
     1120493      -1060        294    98.38    99.33       2.99
     1231188      -1060        321   108.32   109.27       2.96
     1355010      -1060        358   119.25   120.20          3
     1492829      -1060        410   131.28   132.23       3.12
     1641764      -1060        443   144.51   145.46       3.07
     1807072      -1060        491   159.06   160.01       3.09
     1844718      -1060        500   162.41   163.36       3.08
Time to solution 0.32482s, assuming true minimum is -1060
