N=8
Mode: 1
Seed: 836
Search strategy: 0
Initialising random weight matrix with 502 working nodes
502 working nodes out of 512
States are 0,1
Weight-choosing mode: 5
Min time to run: 0.5s
Max time to run: 1e+10s
Solutions are independent
           1       -912          0     0.00     0.00       -nan
           2       -920          0     0.00     0.00       -nan
           4       -922          0     0.00     0.00       -nan
           5       -926          0     0.00     0.00       -nan
           6       -934          0     0.00     0.00       -nan
           8       -938          0     0.00     0.00       -nan
          34       -940          0     0.00     0.01       -nan
          39       -942          0     0.00     0.01       -nan
         117       -944          0     0.00     0.02       -nan
         397       -946          0     0.00     0.04       -nan
        9820       -948          0     0.00     0.90       -nan
       64748       -948         20     5.00     5.90          4
      121148       -948         50    10.00    10.90          5
      177372       -948         79    15.00    15.90       5.27
      234650       -948         96    20.00    20.90        4.8
      291690       -948        127    25.00    25.90       5.08
      348193       -948        145    30.00    30.90       4.83
      404617       -948        171    35.00    35.90       4.89
      460776       -948        202    40.00    40.90       5.05
      517766       -948        236    45.00    45.90       5.24
      574290       -948        262    50.00    50.90       5.24
      631170       -948        298    55.09    55.99       5.41
      694576       -948        324    60.69    61.59       5.34
      764663       -948        357    66.85    67.75       5.34
      840376       -948        393    73.63    74.53       5.34
      925827       -948        422    81.09    81.99        5.2
     1017101       -948        466    89.29    90.19       5.22
     1090647       -948        500    95.77    96.67       5.22
Time to solution 0.19154s, assuming true minimum is -948
