N=8
Mode: 1
Seed: 838
Search strategy: 0
Initialising random weight matrix with 502 working nodes
502 working nodes out of 512
States are 0,1
Weight-choosing mode: 5
Min time to run: 0.5s
Max time to run: 1e+10s
Solutions are independent
           1       -858          0     0.00     0.00       -nan
           2       -864          0     0.00     0.00       -nan
           4       -866          0     0.00     0.00       -nan
           6       -870          0     0.00     0.00       -nan
          74       -876          0     0.00     0.01       -nan
          77       -878          0     0.00     0.01       -nan
        2495       -880          0     0.00     0.22       -nan
       16997       -882          0     0.00     1.49       -nan
       73300       -882         12     5.00     6.49        2.4
      130842       -882         27    10.00    11.49        2.7
      187345       -882         52    15.01    16.50       3.46
      244570       -882         65    20.01    21.50       3.25
      290266       -884          0     0.00    25.61       -nan
      349604       -884          3     5.00    30.61        0.6
      406304       -884          6    10.00    35.61        0.6
      466357       -884          8    15.00    40.61      0.533
      522498       -884         10    20.00    45.61        0.5
      579753       -884         12    25.00    50.61       0.48
      637874       -884         13    30.07    55.68      0.432
      701549       -884         13    35.64    61.25      0.365
      770786       -884         15    41.77    67.38      0.359
      845817       -884         18    48.51    74.12      0.371
      931301       -884         19    55.93    81.54       0.34
     1023954       -884         22    64.09    89.70      0.343
     1128675       -884         27    73.07    98.68       0.37
     1245654       -884         31    82.94   108.55      0.374
     1367830       -884         34    93.80   119.41      0.362
     1506272       -884         40   105.75   131.36      0.378
     1656072       -884         45   118.89   144.50      0.379
     1822566       -884         49   133.35   158.96      0.367
     2002947       -884         55   149.25   174.86      0.369
     2204357       -884         58   166.74   192.35      0.348
     2429792       -884         60   185.98   211.59      0.323
     2672277       -884         65   207.14   232.75      0.314
     2938543       -884         68   230.42   256.03      0.295
     3242121       -884         78   256.03   281.64      0.305
     3568763       -884         88   284.20   309.81       0.31
     3931479       -884         98   315.19   340.80      0.311
     4325627       -884        109   349.28   374.89      0.312
     4758413       -884        119   386.77   412.38      0.308
     5237478       -884        130   428.01   453.62      0.304
     5763383       -884        144   473.38   498.99      0.304
     6341637       -884        155   523.28   548.89      0.296
     6982325       -884        176   578.17   603.78      0.304
     7683834       -884        197   638.55   664.16      0.309
     8450327       -884        218   704.97   730.58      0.309
     9296058       -884        244   778.03   803.64      0.314
    10224350       -884        269   858.40   884.01      0.313
    11236275       -884        298   946.81   972.42      0.315
    12366703       -884        331  1044.06  1069.67      0.317
    13614799       -884        369  1151.03  1176.64      0.321
    14986480       -884        411  1268.70  1294.31      0.324
    16489072       -884        451  1398.14  1423.75      0.323
    18022903       -884        500  1530.94  1556.55      0.327
Time to solution 3.06188s, assuming true minimum is -884
