N=8
Mode: 1
Seed: 839
Search strategy: 0
Initialising random weight matrix with 502 working nodes
502 working nodes out of 512
States are 0,1
Weight-choosing mode: 5
Min time to run: 0.5s
Max time to run: 1e+10s
Solutions are independent
           1       -994          0     0.00     0.00       -nan
           2       -996          0     0.00     0.00       -nan
           4      -1002          0     0.00     0.00       -nan
          11      -1004          0     0.00     0.00       -nan
          33      -1008          0     0.00     0.00       -nan
         413      -1012          0     0.00     0.04       -nan
         590      -1014          0     0.00     0.05       -nan
        1291      -1016          0     0.00     0.11       -nan
        5468      -1018          0     0.00     0.48       -nan
       65422      -1018         12     5.00     5.48        2.4
      126831      -1018         18    10.00    10.48        1.8
      187873      -1018         25    15.00    15.48       1.67
      245208      -1018         30    20.00    20.48        1.5
      304574      -1018         40    25.00    25.48        1.6
      363942      -1018         51    30.00    30.48        1.7
      424947      -1018         62    35.01    35.49       1.77
      484774      -1018         79    40.01    40.49       1.97
      545419      -1018         86    45.01    45.49       1.91
      606322      -1018         97    50.01    50.49       1.94
      667659      -1018        115    55.06    55.54       2.09
      733857      -1018        125    60.62    61.10       2.06
      807969      -1018        136    66.74    67.22       2.04
      890207      -1018        155    73.47    73.95       2.11
      979464      -1018        170    80.87    81.35        2.1
     1079215      -1018        192    89.01    89.49       2.16
     1186790      -1018        205    97.96    98.44       2.09
     1303810      -1018        226   107.81   108.29        2.1
     1436078      -1018        250   118.64   119.12       2.11
     1580969      -1018        273   130.56   131.04       2.09
     1740498      -1018        303   143.67   144.15       2.11
     1914908      -1018        332   158.09   158.57        2.1
     2106553      -1018        360   173.95   174.43       2.07
     2317436      -1018        391   191.40   191.88       2.04
     2550025      -1018        431   210.59   211.07       2.05
     2808019      -1018        473   231.70   232.18       2.04
     2979540      -1018        500   245.96   246.44       2.03
Time to solution 0.49192s, assuming true minimum is -1018
