N=8
Mode: 1
Seed: 840
Search strategy: 0
Initialising random weight matrix with 502 working nodes
502 working nodes out of 512
States are 0,1
Weight-choosing mode: 5
Min time to run: 0.5s
Max time to run: 1e+10s
Solutions are independent
           1       -936          0     0.00     0.00       -nan
         201       -938          0     0.00     0.02       -nan
         458       -940          0     0.00     0.04       -nan
         601       -942          0     0.00     0.06       -nan
        2681       -944          0     0.00     0.24       -nan
       11039       -946          0     0.00     0.97       -nan
       70872       -946         32     5.00     5.97        6.4
      129437       -946         58    10.00    10.97        5.8
      188041       -946         96    15.00    15.97        6.4
      246759       -946        126    20.00    20.97        6.3
      304199       -946        163    25.00    25.97       6.52
      362188       -946        193    30.00    30.97       6.43
      419186       -946        235    35.00    35.97       6.71
      477550       -946        275    40.00    40.97       6.88
      535797       -946        309    45.00    45.97       6.87
      594603       -946        353    50.00    50.97       7.06
      653659       -946        381    55.10    56.07       6.91
      718150       -946        411    60.71    61.68       6.77
      790295       -946        462    66.88    67.85       6.91
      857685       -946        500    72.64    73.61       6.88
Time to solution 0.14528s, assuming true minimum is -946
