N=8
Mode: 1
Seed: 841
Search strategy: 0
Initialising random weight matrix with 502 working nodes
502 working nodes out of 512
States are 0,1
Weight-choosing mode: 5
Min time to run: 0.5s
Max time to run: 1e+10s
Solutions are independent
           1      -1032          0     0.00     0.00       -nan
           6      -1040          0     0.00     0.00       -nan
           7      -1042          0     0.00     0.00       -nan
           8      -1046          0     0.00     0.00       -nan
          17      -1052          0     0.00     0.00       -nan
         514      -1054          0     0.00     0.04       -nan
        1080      -1056          0     0.00     0.10       -nan
        1716      -1060          0     0.00     0.16       -nan
       55444      -1060          6     5.00     5.16        1.2
      107984      -1060         10    10.00    10.16          1
      162021      -1060         21    15.00    15.16        1.4
      215212      -1060         29    20.00    20.16       1.45
      268162      -1060         34    25.00    25.16       1.36
      320929      -1060         42    30.00    30.16        1.4
      373284      -1060         47    35.00    35.16       1.34
      426610      -1060         56    40.00    40.16        1.4
      479001      -1060         60    45.00    45.16       1.33
      533014      -1060         68    50.00    50.16       1.36
      586193      -1060         79    55.02    55.18       1.44
      646002      -1060         86    60.54    60.70       1.42
      710917      -1060         99    66.62    66.78       1.49
      782819      -1060        108    73.30    73.46       1.47
      859814      -1060        118    80.65    80.81       1.46
      948011      -1060        138    88.74    88.90       1.56
     1044586      -1060        153    97.64    97.80       1.57
     1147819      -1060        167   107.43   107.59       1.55
     1262777      -1060        186   118.19   118.35       1.57
     1388188      -1060        201   130.03   130.19       1.55
     1525776      -1060        223   143.05   143.21       1.56
     1680014      -1060        251   157.38   157.54       1.59
     1849678      -1060        283   173.14   173.30       1.63
     2037845      -1060        316   190.48   190.64       1.66
     2241591      -1060        347   209.55   209.71       1.66
     2467205      -1060        390   230.53   230.69       1.69
     2716475      -1060        430   253.60   253.76        1.7
     2988088      -1060        478   278.98   279.14       1.71
     3159967      -1060        500   295.04   295.20       1.69
Time to solution 0.59008s, assuming true minimum is -1060
