N=8
Mode: 1
Seed: 843
Search strategy: 0
Initialising random weight matrix with 502 working nodes
502 working nodes out of 512
States are 0,1
Weight-choosing mode: 5
Min time to run: 0.5s
Max time to run: 1e+10s
Solutions are independent
           1       -942          0     0.00     0.00       -nan
           2       -946          0     0.00     0.00       -nan
           3       -956          0     0.00     0.00       -nan
         183       -960          0     0.00     0.02       -nan
         408       -962          0     0.00     0.04       -nan
       20569       -964          0     0.00     1.86       -nan
       75158       -964         18     5.00     6.86        3.6
      128916       -964         37    10.00    11.86        3.7
      181515       -964         56    15.00    16.86       3.73
      235737       -964         73    20.00    21.86       3.65
      288341       -964         88    25.00    26.86       3.52
      341601       -964        107    30.00    31.86       3.57
      394874       -964        120    35.00    36.86       3.43
      449797       -964        139    40.00    41.86       3.48
      504012       -964        161    45.00    46.86       3.58
      559334       -964        180    50.00    51.86        3.6
      614593       -964        206    55.19    57.05       3.73
      675197       -964        230    60.90    62.76       3.78
      742418       -964        253    67.18    69.04       3.77
      816178       -964        268    74.09    75.95       3.62
      899103       -964        301    81.69    83.55       3.68
      989096       -964        332    90.05    91.91       3.69
     1088795       -964        368    99.25   101.11       3.71
     1197798       -964        408   109.37   111.23       3.73
     1317947       -964        448   120.50   122.36       3.72
     1449786       -964        495   132.74   134.60       3.73
     1461414       -964        500   133.81   135.67       3.74
Time to solution 0.26762s, assuming true minimum is -964
