N=8
Mode: 1
Seed: 847
Search strategy: 0
Initialising random weight matrix with 502 working nodes
502 working nodes out of 512
States are 0,1
Weight-choosing mode: 5
Min time to run: 0.5s
Max time to run: 1e+10s
Solutions are independent
           1       -842          0     0.00     0.00       -nan
           7       -844          0     0.00     0.00       -nan
         775       -846          0     0.00     0.08       -nan
        1078       -848          0     0.00     0.11       -nan
        1603       -850          0     0.00     0.16       -nan
       53019       -850         35     5.00     5.16          7
      105088       -850         75    10.00    10.16        7.5
      155487       -850        112    15.00    15.16       7.47
      204853       -850        134    20.00    20.16        6.7
      254559       -850        168    25.00    25.16       6.72
      303579       -850        195    30.00    30.16        6.5
      354456       -850        237    35.00    35.16       6.77
      404419       -850        279    40.00    40.16       6.97
      452883       -850        312    45.00    45.16       6.93
      503676       -850        347    50.00    50.16       6.94
      554118       -850        381    55.02    55.18       6.92
      610901       -850        412    60.54    60.70       6.81
      671672       -850        447    66.62    66.78       6.71
      739505       -850        482    73.30    73.46       6.58
      761976       -850        500    75.54    75.70       6.62
Time to solution 0.15108s, assuming true minimum is -850
