N=8
Mode: 1
Seed: 854
Search strategy: 0
Initialising random weight matrix with 502 working nodes
502 working nodes out of 512
States are 0,1
Weight-choosing mode: 5
Min time to run: 0.5s
Max time to run: 1e+10s
Solutions are independent
           1       -906          0     0.00     0.00       -nan
           3       -922          0     0.00     0.00       -nan
          53       -928          0     0.00     0.00       -nan
          55       -930          0     0.00     0.00       -nan
          90       -932          0     0.00     0.01       -nan
         289       -938          0     0.00     0.03       -nan
        1376       -940          0     0.00     0.12       -nan
        1624       -942          0     0.00     0.16       -nan
       55748       -942          6     5.00     5.16        1.2
      108522       -942         14    10.00    10.16        1.4
      163569       -942         21    15.00    15.16        1.4
      217465       -942         27    20.00    20.16       1.35
      270833       -942         29    25.00    25.16       1.16
      324421       -942         35    30.00    30.16       1.17
      379107       -942         38    35.00    35.16       1.09
      434296       -942         45    40.00    40.16       1.12
      488482       -942         50    45.00    45.16       1.11
      541957       -942         54    50.00    50.16       1.08
      595294       -942         61    55.02    55.18       1.11
      656038       -942         66    60.54    60.70       1.09
      719926       -942         72    66.62    66.78       1.08
      791338       -942         76    73.30    73.46       1.04
      871884       -942         84    80.65    80.81       1.04
      961749       -942         91    88.74    88.90       1.03
     1058649       -942         99    97.64    97.80       1.01
     1162620       -942        109   107.43   107.59       1.01
     1281662       -942        121   118.19   118.35       1.02
     1410423       -942        138   130.03   130.19       1.06
     1549967       -942        145   143.05   143.21       1.01
     1706103       -942        162   157.38   157.54       1.03
     1874930       -942        177   173.14   173.30       1.02
     2062448       -942        196   190.48   190.64       1.03
     2269078       -942        212   209.55   209.71       1.01
     2496764       -942        228   230.53   230.69      0.989
     2745083       -942        256   253.60   253.76       1.01
     3015957       -942        284   278.98   279.14       1.02
     3317945       -942        308   306.90   307.06          1
     3647396       -942        335   337.61   337.77      0.992
     4003498       -942        362   371.39   371.55      0.975
     4401155       -942        393   408.55   408.71      0.962
     4842410       -942        438   449.43   449.59      0.975
     5320660       -942        468   494.39   494.55      0.947
     5666168       -942        500   526.57   526.73       0.95
Time to solution 1.05314s, assuming true minimum is -942
