N=8
Mode: 1
Seed: 857
Search strategy: 0
Initialising random weight matrix with 502 working nodes
502 working nodes out of 512
States are 0,1
Weight-choosing mode: 5
Min time to run: 0.5s
Max time to run: 1e+10s
Solutions are independent
           1       -940          0     0.00     0.00       -nan
           3       -972          0     0.00     0.00       -nan
           8       -976          0     0.00     0.00       -nan
          19       -978          0     0.00     0.00       -nan
          55       -980          0     0.00     0.01       -nan
          91       -982          0     0.00     0.01       -nan
         136       -986          0     0.00     0.02       -nan
         383       -988          0     0.00     0.04       -nan
        1122       -990          0     0.00     0.10       -nan
        2419       -992          0     0.00     0.23       -nan
       10162       -994          0     0.00     0.93       -nan
       53714       -996          0     0.00     4.82       -nan
      109577       -996         14     5.00     9.82        2.8
      164351       -996         29    10.00    14.82        2.9
      218081       -996         44    15.00    19.82       2.93
      273293       -996         57    20.00    24.82       2.85
      327566       -996         70    25.00    29.82        2.8
      379383       -996         81    30.00    34.82        2.7
      431595       -996         94    35.00    39.82       2.69
      485918       -996        108    40.00    44.82        2.7
      539351       -996        121    45.00    49.82       2.69
      593080       -996        137    50.00    54.82       2.74
      653735       -996        161    55.49    60.31        2.9
      720478       -996        181    61.53    66.35       2.94
      792970       -996        199    68.17    72.99       2.92
      871888       -996        225    75.47    80.29       2.98
      956173       -996        242    83.50    88.32        2.9
     1051335       -996        267    92.34    97.16       2.89
     1157623       -996        301   102.06   106.88       2.95
     1272894       -996        327   112.75   117.57        2.9
     1399579       -996        354   124.51   129.33       2.84
     1540760       -996        397   137.45   142.27       2.89
     1695790       -996        426   151.68   156.50       2.81
     1864355       -996        463   167.33   172.15       2.77
     2025352       -996        500   182.50   187.32       2.74
Time to solution 0.365s, assuming true minimum is -996
