N=8
Mode: 1
Seed: 862
Search strategy: 0
Initialising random weight matrix with 502 working nodes
502 working nodes out of 512
States are 0,1
Weight-choosing mode: 5
Min time to run: 0.5s
Max time to run: 1e+10s
Solutions are independent
           1       -826          0     0.00     0.00       -nan
          48       -830          0     0.00     0.01       -nan
         226       -832          0     0.00     0.03       -nan
        1268       -834          0     0.00     0.12       -nan
        2913       -836          0     0.00     0.27       -nan
       59912       -836         25     5.00     5.27          5
      117923       -836         53    10.00    10.27        5.3
      175041       -836         72    15.00    15.27        4.8
      233217       -836        103    20.00    20.27       5.15
      291478       -836        132    25.00    25.27       5.28
      348771       -836        154    30.00    30.27       5.13
      406887       -836        188    35.00    35.27       5.37
      463037       -836        209    40.00    40.27       5.22
      519782       -836        227    45.00    45.27       5.04
      577013       -836        260    50.00    50.27        5.2
      635554       -836        283    55.03    55.30       5.14
      698732       -836        314    60.56    60.83       5.18
      769907       -836        343    66.65    66.92       5.15
      848848       -836        378    73.35    73.62       5.15
      934218       -836        409    80.72    80.99       5.07
     1027909       -836        441    88.82    89.09       4.97
     1129329       -836        486    97.73    98.00       4.97
     1153647       -836        500    99.80   100.07       5.01
Time to solution 0.1996s, assuming true minimum is -836
