N=8
Mode: 1
Seed: 864
Search strategy: 0
Initialising random weight matrix with 502 working nodes
502 working nodes out of 512
States are 0,1
Weight-choosing mode: 5
Min time to run: 0.5s
Max time to run: 1e+10s
Solutions are independent
           1      -1054          0     0.00     0.00       -nan
           6      -1062          0     0.00     0.00       -nan
           9      -1068          0     0.00     0.00       -nan
         553      -1070          0     0.00     0.05       -nan
        5181      -1072          0     0.00     0.49       -nan
       57898      -1072         19     5.00     5.49        3.8
      111384      -1072         38    10.00    10.49        3.8
      163211      -1072         51    15.00    15.49        3.4
      216451      -1072         66    20.01    20.50        3.3
      266494      -1072         72    25.01    25.50       2.88
      317393      -1072         81    30.01    30.50        2.7
      369651      -1072         93    35.01    35.50       2.66
      422228      -1072        107    40.01    40.50       2.67
      474497      -1072        118    45.01    45.50       2.62
      526558      -1072        129    50.01    50.50       2.58
      578159      -1072        141    55.07    55.56       2.56
      636755      -1072        162    60.63    61.12       2.67
      699939      -1072        177    66.75    67.24       2.65
      769480      -1072        193    73.48    73.97       2.63
      846131      -1072        207    80.88    81.37       2.56
      928734      -1072        222    89.02    89.51       2.49
     1021313      -1072        243    97.98    98.47       2.48
     1125071      -1072        262   107.83   108.32       2.43
     1239636      -1072        291   118.67   119.16       2.45
     1363457      -1072        317   130.59   131.08       2.43
     1500621      -1072        352   143.70   144.19       2.45
     1651475      -1072        393   158.12   158.61       2.49
     1817522      -1072        446   173.99   174.48       2.56
     1997037      -1072        479   191.44   191.93        2.5
     2100173      -1072        500   201.59   202.08       2.48
Time to solution 0.40318s, assuming true minimum is -1072
