N=8
Mode: 1
Seed: 867
Search strategy: 0
Initialising random weight matrix with 502 working nodes
502 working nodes out of 512
States are 0,1
Weight-choosing mode: 5
Min time to run: 0.5s
Max time to run: 1e+10s
Solutions are independent
           1       -920          0     0.00     0.00       -nan
           2       -964          0     0.00     0.00       -nan
         108       -966          0     0.00     0.01       -nan
         139       -970          0     0.00     0.01       -nan
         773       -972          0     0.00     0.06       -nan
        1648       -974          0     0.00     0.14       -nan
       11827       -976          0     0.00     1.07       -nan
       64247       -976          6     5.00     6.07        1.2
      117377       -976         11    10.00    11.07        1.1
      170468       -976         13    15.00    16.07      0.867
      222405       -976         19    20.00    21.07       0.95
      275915       -976         23    25.00    26.07       0.92
      329480       -976         24    30.00    31.07        0.8
      383884       -976         30    35.00    36.07      0.857
      436998       -976         35    40.00    41.07      0.875
      489116       -976         37    45.00    46.07      0.822
      544328       -976         43    50.00    51.07       0.86
      599815       -976         46    55.11    56.18      0.835
      660853       -976         50    60.73    61.80      0.823
      726452       -976         57    66.91    67.98      0.852
      799979       -976         68    73.71    74.78      0.923
      883636       -976         79    81.19    82.26      0.973
      972448       -976         80    89.42    90.49      0.895
     1069408       -976         88    98.47    99.54      0.894
     1176375       -976         96   108.43   109.50      0.885
     1294037       -976        103   119.38   120.45      0.863
     1424643       -976        118   131.43   132.50      0.898
     1564174       -976        128   144.68   145.75      0.885
     1719718       -976        139   159.26   160.33      0.873
     1892691       -976        152   175.30   176.37      0.867
     2081557       -976        168   192.94   194.01      0.871
     2289502       -976        188   212.35   213.42      0.885
     2519535       -976        214   233.70   234.77      0.916
     2773458       -976        239   257.18   258.25      0.929
     3053071       -976        271   283.01   284.08      0.958
     3354935       -976        302   311.42   312.49       0.97
     3691326       -976        331   342.67   343.74      0.966
     4059781       -976        366   377.05   378.12      0.971
     4470330       -976        409   414.87   415.94      0.986
     4918960       -976        467   456.47   457.54       1.02
     5224234       -976        500   485.25   486.32       1.03
Time to solution 0.9705s, assuming true minimum is -976
