N=8
Mode: 1
Seed: 868
Search strategy: 0
Initialising random weight matrix with 502 working nodes
502 working nodes out of 512
States are 0,1
Weight-choosing mode: 5
Min time to run: 0.5s
Max time to run: 1e+10s
Solutions are independent
           1       -958          0     0.00     0.00       -nan
           2       -974          0     0.00     0.00       -nan
           4       -998          0     0.00     0.00       -nan
         462      -1002          0     0.00     0.04       -nan
         582      -1006          0     0.00     0.06       -nan
       23558      -1008          0     0.00     2.13       -nan
       78882      -1008         11     5.00     7.13        2.2
      132844      -1008         21    10.00    12.13        2.1
      190024      -1008         37    15.01    17.14       2.47
      244619      -1008         49    20.01    22.14       2.45
      300911      -1008         61    25.01    27.14       2.44
      356878      -1008         75    30.01    32.14        2.5
      412119      -1008         87    35.01    37.14       2.49
      469470      -1008        101    40.01    42.14       2.52
      524795      -1008        114    45.01    47.14       2.53
      579410      -1008        120    50.01    52.14        2.4
      638763      -1008        138    55.23    57.36        2.5
      704174      -1008        152    60.97    63.10       2.49
      775674      -1008        173    67.29    69.42       2.57
      852745      -1008        192    74.24    76.37       2.59
      937545      -1008        205    81.88    84.01        2.5
     1029881      -1008        224    90.29    92.42       2.48
     1135123      -1008        254    99.54   101.67       2.55
     1248901      -1008        272   109.71   111.84       2.48
     1370677      -1008        291   120.90   123.03       2.41
     1510710      -1008        328   133.21   135.34       2.46
     1661956      -1008        367   146.75   148.88        2.5
     1831219      -1008        416   161.64   163.77       2.57
     2016205      -1008        458   178.02   180.15       2.57
     2214895      -1008        496   196.04   198.17       2.53
     2216741      -1008        500   196.19   198.32       2.55
Time to solution 0.39238s, assuming true minimum is -1008
