N=8
Mode: 1
Seed: 872
Search strategy: 0
Initialising random weight matrix with 502 working nodes
502 working nodes out of 512
States are 0,1
Weight-choosing mode: 5
Min time to run: 0.5s
Max time to run: 1e+10s
Solutions are independent
           1       -870          0     0.00     0.00       -nan
           3       -888          0     0.00     0.00       -nan
           5       -894          0     0.00     0.00       -nan
           8       -898          0     0.00     0.00       -nan
          38       -912          0     0.00     0.00       -nan
         625       -914          0     0.00     0.06       -nan
        1153       -916          0     0.00     0.10       -nan
       56632       -916         17     5.00     5.10        3.4
      113607       -916         41    10.00    10.10        4.1
      170535       -916         64    15.00    15.10       4.27
      226799       -916         95    20.00    20.10       4.75
      283470       -916        123    25.00    25.10       4.92
      339734       -916        140    30.00    30.10       4.67
      394627       -916        151    35.00    35.10       4.31
      451652       -916        170    40.00    40.10       4.25
      508436       -916        188    45.00    45.10       4.18
      564991       -916        209    50.00    50.10       4.18
      621523       -916        236    55.02    55.12       4.29
      683295       -916        258    60.54    60.64       4.26
      751150       -916        287    66.61    66.71       4.31
      825369       -916        318    73.29    73.39       4.34
      908952       -916        351    80.63    80.73       4.35
     1000088       -916        377    88.71    88.81       4.25
     1099541       -916        418    97.60    97.70       4.28
     1209919       -916        459   107.38   107.48       4.27
     1304164       -916        500   115.69   115.79       4.32
Time to solution 0.23138s, assuming true minimum is -916
