N=8
Mode: 1
Seed: 874
Search strategy: 0
Initialising random weight matrix with 502 working nodes
502 working nodes out of 512
States are 0,1
Weight-choosing mode: 5
Min time to run: 0.5s
Max time to run: 1e+10s
Solutions are independent
           1      -1032          0     0.00     0.00       -nan
         338      -1036          0     0.00     0.03       -nan
         908      -1038          0     0.00     0.06       -nan
        7176      -1040          0     0.00     0.58       -nan
       65582      -1040         36     5.00     5.58        7.2
      122566      -1040         55    10.00    10.58        5.5
      181861      -1040         89    15.00    15.58       5.93
      239114      -1040        114    20.00    20.58        5.7
      297761      -1040        137    25.00    25.58       5.48
      355535      -1040        160    30.00    30.58       5.33
      413469      -1040        184    35.00    35.58       5.26
      470854      -1040        206    40.00    40.58       5.15
      528354      -1040        240    45.00    45.58       5.33
      586017      -1040        270    50.00    50.58        5.4
      645228      -1040        310    55.06    55.64       5.63
      710755      -1040        342    60.63    61.21       5.64
      781754      -1040        370    66.76    67.34       5.54
      859597      -1040        412    73.50    74.08       5.61
      945568      -1040        459    80.91    81.49       5.67
     1007245      -1040        500    86.25    86.83        5.8
Time to solution 0.1725s, assuming true minimum is -1040
