N=8
Mode: 1
Seed: 877
Search strategy: 0
Initialising random weight matrix with 502 working nodes
502 working nodes out of 512
States are 0,1
Weight-choosing mode: 5
Min time to run: 0.5s
Max time to run: 1e+10s
Solutions are independent
           1       -878          0     0.00     0.00       -nan
           2       -886          0     0.00     0.00       -nan
           3       -888          0     0.00     0.00       -nan
          10       -892          0     0.00     0.00       -nan
          12       -904          0     0.00     0.00       -nan
          28       -908          0     0.00     0.00       -nan
          83       -910          0     0.00     0.00       -nan
         149       -912          0     0.00     0.01       -nan
         243       -916          0     0.00     0.02       -nan
         438       -918          0     0.00     0.04       -nan
        2760       -920          0     0.00     0.24       -nan
       16102       -922          0     0.00     1.40       -nan
       73940       -922          7     5.00     6.40        1.4
      129758       -922         19    10.00    11.40        1.9
      185763       -922         21    15.00    16.40        1.4
      242291       -922         27    20.00    21.40       1.35
      297776       -922         31    25.00    26.40       1.24
      354940       -922         44    30.00    31.40       1.47
      410907       -922         49    35.00    36.40        1.4
      468068       -922         55    40.00    41.40       1.38
      525373       -922         60    45.00    46.40       1.33
      582567       -922         68    50.00    51.40       1.36
      638144       -922         75    55.15    56.55       1.36
      701638       -922         84    60.81    62.21       1.38
      772182       -922        100    67.04    68.44       1.49
      852276       -922        118    73.89    75.29        1.6
      938017       -922        128    81.42    82.82       1.57
     1030427       -922        135    89.71    91.11        1.5
     1133747       -922        151    98.83   100.23       1.53
     1247610       -922        179   108.86   110.26       1.64
     1372897       -922        197   119.89   121.29       1.64
     1511075       -922        214   132.02   133.42       1.62
     1662304       -922        239   145.37   146.77       1.64
     1828807       -922        272   160.05   161.45        1.7
     2007682       -922        298   176.20   177.60       1.69
     2211160       -922        339   193.96   195.36       1.75
     2430686       -922        374   213.50   214.90       1.75
     2674654       -922        414   235.00   236.40       1.76
     2941074       -922        453   258.64   260.04       1.75
     3235164       -922        493   284.65   286.05       1.73
     3280804       -922        500   288.65   290.05       1.73
Time to solution 0.5773s, assuming true minimum is -922
