N=8
Mode: 1
Seed: 881
Search strategy: 0
Initialising random weight matrix with 502 working nodes
502 working nodes out of 512
States are 0,1
Weight-choosing mode: 5
Min time to run: 0.5s
Max time to run: 1e+10s
Solutions are independent
           1       -936          0     0.00     0.00       -nan
           3       -960          0     0.00     0.00       -nan
         508       -962          0     0.00     0.05       -nan
         597       -964          0     0.00     0.06       -nan
        1157       -966          0     0.00     0.11       -nan
        5934       -968          0     0.00     0.54       -nan
       30813       -970          0     0.00     3.03       -nan
       80022       -970          2     5.00     8.03        0.4
      127599       -970          4    10.00    13.03        0.4
      175869       -970          7    15.00    18.03      0.467
      226074       -970         13    20.00    23.03       0.65
      277812       -970         22    25.00    28.03       0.88
      328370       -970         24    30.00    33.03        0.8
      378056       -970         27    35.00    38.03      0.771
      426310       -970         29    40.00    43.03      0.725
      475651       -970         33    45.00    48.03      0.733
      525855       -970         36    50.00    53.03       0.72
      580117       -970         46    55.31    58.34      0.832
      637050       -970         50    61.15    64.18      0.818
      699910       -970         56    67.57    70.60      0.829
      768953       -970         58    74.63    77.66      0.777
      844996       -970         64    82.40    85.43      0.777
      932486       -970         77    90.95    93.98      0.847
     1030464       -970         85   100.35   103.38      0.847
     1135869       -970         96   110.69   113.72      0.867
     1248790       -970        106   122.07   125.10      0.868
     1375621       -970        116   134.58   137.61      0.862
     1512770       -970        128   148.35   151.38      0.863
     1661395       -970        139   163.49   166.52       0.85
     1829503       -970        154   180.15   183.18      0.855
     2013261       -970        173   198.47   201.50      0.872
     2214452       -970        193   218.62   221.65      0.883
     2434290       -970        221   240.79   243.82      0.918
     2675275       -970        244   265.18   268.21       0.92
     2944780       -970        274   292.01   295.04      0.938
     3245670       -970        315   321.52   324.55       0.98
     3563899       -970        340   353.98   357.01      0.961
     3914442       -970        373   389.69   392.72      0.957
     4300113       -970        400   428.97   432.00      0.932
     4729281       -970        446   472.18   475.21      0.945
     5194646       -970        482   519.71   522.74      0.927
     5392582       -970        500   539.96   542.99      0.926
Time to solution 1.07992s, assuming true minimum is -970
