N=8
Mode: 1
Seed: 882
Search strategy: 0
Initialising random weight matrix with 502 working nodes
502 working nodes out of 512
States are 0,1
Weight-choosing mode: 5
Min time to run: 0.5s
Max time to run: 1e+10s
Solutions are independent
           1       -872          0     0.00     0.00       -nan
           2       -920          0     0.00     0.00       -nan
          65       -932          0     0.00     0.00       -nan
         619       -934          0     0.00     0.07       -nan
        4090       -936          0     0.00     0.40       -nan
       55494       -936          9     5.00     5.40        1.8
      108273       -936         21    10.00    10.40        2.1
      160178       -936         31    15.00    15.40       2.07
      212291       -936         41    20.00    20.40       2.05
      264620       -936         51    25.00    25.40       2.04
      317321       -936         67    30.00    30.40       2.23
      369324       -936         77    35.00    35.40        2.2
      421503       -936         89    40.00    40.40       2.23
      473703       -936        102    45.00    45.40       2.27
      526176       -936        114    50.00    50.40       2.28
      579537       -936        122    55.05    55.45       2.22
      636598       -936        134    60.60    61.00       2.21
      698089       -936        145    66.71    67.11       2.17
      766805       -936        154    73.43    73.83        2.1
      846178       -936        169    80.82    81.22       2.09
      932682       -936        189    88.95    89.35       2.12
     1026747       -936        208    97.89    98.29       2.12
     1128094       -936        234   107.72   108.12       2.17
     1239252       -936        262   118.54   118.94       2.21
     1364707       -936        293   130.44   130.84       2.25
     1500863       -936        313   143.53   143.93       2.18
     1653855       -936        353   157.93   158.33       2.24
     1819463       -936        393   173.77   174.17       2.26
     2004755       -936        439   191.19   191.59        2.3
     2201771       -936        474   210.35   210.75       2.25
     2287163       -936        500   218.38   218.78       2.29
Time to solution 0.43676s, assuming true minimum is -936
