N=8
Mode: 1
Seed: 883
Search strategy: 0
Initialising random weight matrix with 502 working nodes
502 working nodes out of 512
States are 0,1
Weight-choosing mode: 5
Min time to run: 0.5s
Max time to run: 1e+10s
Solutions are independent
           1       -956          0     0.00     0.00       -nan
           5       -958          0     0.00     0.00       -nan
          76       -960          0     0.00     0.01       -nan
          84       -962          0     0.00     0.01       -nan
          99       -966          0     0.00     0.01       -nan
         327       -972          0     0.00     0.04       -nan
       26485       -974          0     0.00     2.33       -nan
       85689       -974          3     5.00     7.33        0.6
      144516       -974          6    10.00    12.33        0.6
      201481       -974          8    15.00    17.33      0.533
      259406       -974          9    20.00    22.33       0.45
      317255       -974         12    25.00    27.33       0.48
      376010       -974         16    30.00    32.33      0.533
      432644       -974         17    35.00    37.33      0.486
      489306       -974         17    40.00    42.33      0.425
      547396       -974         18    45.00    47.33        0.4
      603688       -974         19    50.00    52.33       0.38
      664169       -974         22    55.24    57.57      0.398
      731836       -974         26    61.00    63.33      0.426
      806135       -974         29    67.34    69.67      0.431
      889664       -974         36    74.31    76.64      0.484
      978907       -974         39    81.98    84.31      0.476
     1074576       -974         43    90.42    92.75      0.476
     1183153       -974         49    99.70   102.03      0.491
     1302160       -974         52   109.91   112.24      0.473
     1434726       -974         57   121.14   123.47      0.471
     1580130       -974         62   133.49   135.82      0.464
     1741053       -974         67   147.08   149.41      0.456
     1917788       -974         76   162.03   164.36      0.469
     2114222       -974         85   178.47   180.80      0.476
     2325639       -974         95   196.56   198.89      0.483
     2560528       -974         98   216.45   218.78      0.453
     2815362       -974        102   238.33   240.66      0.428
     3099703       -974        116   262.40   264.73      0.442
     3408973       -974        123   288.88   291.21      0.426
     3750683       -974        137   318.01   320.34      0.431
     4125720       -974        150   350.05   352.38      0.429
     4540770       -974        165   385.29   387.62      0.428
     4992683       -974        182   424.06   426.39      0.429
     5489444       -974        197   466.70   469.03      0.422
     6036100       -974        221   513.61   515.94       0.43
     6641024       -974        245   565.21   567.54      0.433
     7296284       -974        262   621.97   624.30      0.421
     8028879       -974        286   684.40   686.73      0.418
     8829675       -974        325   753.08   755.41      0.432
     9704219       -974        355   828.63   830.96      0.428
    10679505       -974        393   911.73   914.06      0.431
    11748761       -974        427  1003.14  1005.47      0.426
    12929185       -974        478  1103.69  1106.02      0.433
    13468225       -974        500  1149.53  1151.86      0.435
Time to solution 2.29906s, assuming true minimum is -974
