N=8
Mode: 1
Seed: 887
Search strategy: 0
Initialising random weight matrix with 502 working nodes
502 working nodes out of 512
States are 0,1
Weight-choosing mode: 5
Min time to run: 0.5s
Max time to run: 1e+10s
Solutions are independent
           1       -862          0     0.00     0.00       -nan
           2       -902          0     0.00     0.00       -nan
          42       -904          0     0.00     0.00       -nan
          56       -918          0     0.00     0.00       -nan
       53972       -918         31     5.00     5.00        6.2
      108413       -918         57    10.00    10.00        5.7
      162361       -918         85    15.00    15.00       5.67
      217014       -918        114    20.00    20.00        5.7
      270992       -918        143    25.00    25.00       5.72
      325543       -918        182    30.00    30.00       6.07
      377851       -918        201    35.00    35.00       5.74
      433358       -918        234    40.00    40.00       5.85
      488216       -918        268    45.00    45.00       5.96
      542785       -918        304    50.00    50.00       6.08
      596867       -918        333    55.01    55.01       6.05
      655104       -918        365    60.52    60.52       6.03
      722022       -918        409    66.58    66.58       6.14
      794450       -918        451    73.24    73.24       6.16
      873360       -918        491    80.57    80.57       6.09
      891155       -918        500    82.27    82.27       6.08
Time to solution 0.16454s, assuming true minimum is -918
