N=8
Mode: 1
Seed: 889
Search strategy: 0
Initialising random weight matrix with 502 working nodes
502 working nodes out of 512
States are 0,1
Weight-choosing mode: 5
Min time to run: 0.5s
Max time to run: 1e+10s
Solutions are independent
           1       -966          0     0.00     0.00       -nan
          20       -974          0     0.00     0.00       -nan
          27       -978          0     0.00     0.00       -nan
       11896       -980          0     0.00     1.06       -nan
       67644       -980         18     5.01     6.07       3.59
      121925       -980         31    10.01    11.07        3.1
      176859       -980         55    15.01    16.07       3.66
      232388       -980         68    20.01    21.07        3.4
      287415       -980         90    25.01    26.07        3.6
      343364       -980        106    30.01    31.07       3.53
      399457       -980        125    35.01    36.07       3.57
      454746       -980        140    40.01    41.07        3.5
      510425       -980        162    45.01    46.07        3.6
      564574       -980        177    50.01    51.07       3.54
      620816       -980        197    55.12    56.18       3.57
      682818       -980        217    60.74    61.80       3.57
      751275       -980        245    66.92    67.98       3.66
      826901       -980        276    73.72    74.78       3.74
      910522       -980        302    81.20    82.26       3.72
     1001799       -980        336    89.43    90.49       3.76
     1102599       -980        367    98.48    99.54       3.73
     1215722       -980        393   108.44   109.50       3.62
     1336408       -980        444   119.39   120.45       3.72
     1471314       -980        497   131.44   132.50       3.78
     1488448       -980        500   133.06   134.12       3.76
Time to solution 0.26612s, assuming true minimum is -980
