N=8
Mode: 1
Seed: 890
Search strategy: 0
Initialising random weight matrix with 502 working nodes
502 working nodes out of 512
States are 0,1
Weight-choosing mode: 5
Min time to run: 0.5s
Max time to run: 1e+10s
Solutions are independent
           1      -1006          0     0.00     0.00       -nan
           2      -1016          0     0.00     0.00       -nan
          31      -1018          0     0.00     0.00       -nan
          49      -1022          0     0.00     0.00       -nan
          53      -1024          0     0.00     0.00       -nan
          61      -1036          0     0.00     0.01       -nan
       17530      -1038          0     0.00     1.60       -nan
       69421      -1038         24     5.00     6.60        4.8
      121311      -1038         45    10.00    11.60        4.5
      172788      -1038         69    15.00    16.60        4.6
      225125      -1038        100    20.00    21.60          5
      277663      -1038        129    25.00    26.60       5.16
      328546      -1038        146    30.00    31.60       4.87
      379310      -1038        164    35.00    36.60       4.69
      429691      -1038        187    40.00    41.60       4.67
      480243      -1038        213    45.00    46.60       4.73
      530333      -1038        232    50.00    51.60       4.64
      584867      -1038        260    55.17    56.77       4.71
      641947      -1038        282    60.85    62.45       4.63
      706816      -1038        318    67.10    68.70       4.74
      777728      -1038        354    73.98    75.58       4.79
      855584      -1038        398    81.54    83.14       4.88
      939121      -1038        439    89.86    91.46       4.89
     1033112      -1038        481    99.01   100.61       4.86
     1071341      -1038        500   102.69   104.29       4.87
Time to solution 0.20538s, assuming true minimum is -1038
