N=8
Mode: 1
Seed: 892
Search strategy: 0
Initialising random weight matrix with 502 working nodes
502 working nodes out of 512
States are 0,1
Weight-choosing mode: 5
Min time to run: 0.5s
Max time to run: 1e+10s
Solutions are independent
           1       -984          0     0.00     0.00       -nan
          13       -986          0     0.00     0.00       -nan
          18       -990          0     0.00     0.00       -nan
         125       -994          0     0.00     0.02       -nan
         300       -998          0     0.00     0.03       -nan
        4225      -1000          0     0.00     0.37       -nan
       51046      -1002          0     0.00     4.35       -nan
      109167      -1002          3     5.00     9.35        0.6
      169503      -1002          6    10.00    14.35        0.6
      226457      -1002          7    15.00    19.35      0.467
      286056      -1002         10    20.00    24.35        0.5
      345553      -1002         13    25.00    29.35       0.52
      404064      -1002         14    30.00    34.35      0.467
      464072      -1002         16    35.00    39.35      0.457
      524798      -1002         17    40.00    44.35      0.425
      582733      -1002         18    45.00    49.35        0.4
      641916      -1002         22    50.00    54.35       0.44
      707400      -1002         26    55.44    59.79      0.469
      776953      -1002         28    61.42    65.77      0.456
      854583      -1002         29    68.00    72.35      0.426
      939580      -1002         32    75.24    79.59      0.425
     1033115      -1002         35    83.20    87.55      0.421
     1137068      -1002         35    91.96    96.31      0.381
     1249439      -1002         39   101.60   105.95      0.384
     1378390      -1002         46   112.20   116.55       0.41
     1515803      -1002         49   123.86   128.21      0.396
     1666703      -1002         56   136.69   141.04       0.41
     1832242      -1002         62   150.80   155.15      0.411
     2014169      -1002         70   166.32   170.67      0.421
     2214164      -1002         76   183.39   187.74      0.414
     2442692      -1002         85   202.17   206.52       0.42
     2689600      -1002         97   222.83   227.18      0.435
     2957316      -1002        107   245.55   249.90      0.436
     3253523      -1002        118   270.55   274.90      0.436
     3581379      -1002        133   298.04   302.39      0.446
     3942362      -1002        155   328.28   332.63      0.472
     4338687      -1002        174   361.55   365.90      0.481
     4766925      -1002        191   398.14   402.49       0.48
     5240509      -1002        217   438.39   442.74      0.495
     5769241      -1002        250   482.67   487.02      0.518
     6346773      -1002        274   531.38   535.73      0.516
     6982790      -1002        306   584.96   589.31      0.523
     7681045      -1002        347   643.90   648.25      0.539
     8437354      -1002        366   708.73   713.08      0.516
     9284050      -1002        397   780.04   784.39      0.509
    10208937      -1002        431   858.48   862.83      0.502
    11228605      -1002        465   944.77   949.12      0.492
    12234494      -1002        500  1030.01  1034.36      0.485
Time to solution 2.06002s, assuming true minimum is -1002
