N=8
Mode: 1
Seed: 893
Search strategy: 0
Initialising random weight matrix with 502 working nodes
502 working nodes out of 512
States are 0,1
Weight-choosing mode: 5
Min time to run: 0.5s
Max time to run: 1e+10s
Solutions are independent
           1       -906          0     0.00     0.00       -nan
           6       -916          0     0.00     0.00       -nan
         347       -918          0     0.00     0.03       -nan
         412       -920          0     0.00     0.04       -nan
        5351       -922          0     0.00     0.55       -nan
        8626       -924          0     0.00     0.84       -nan
       63308       -924         15     5.00     5.84          3
      117460       -924         24    10.00    10.84        2.4
      172707       -924         35    15.00    15.84       2.33
      180451       -926          0     0.00    16.55       -nan
      236614       -926          0     5.00    21.55          0
      293286       -926          0    10.00    26.55          0
      349435       -926          0    15.00    31.55          0
      405015       -926          0    20.00    36.55          0
      460973       -926          1    25.00    41.55       0.04
      517223       -926          4    30.00    46.55      0.133
      571604       -926          6    35.00    51.55      0.171
      629719       -926          8    40.16    56.71      0.199
      694633       -926          9    45.84    62.39      0.196
      763524       -926         10    52.08    68.63      0.192
      841605       -926         13    58.95    75.50      0.221
      926433       -926         15    66.51    83.06      0.226
     1016071       -926         15    74.82    91.37        0.2
     1115414       -926         15    83.96   100.51      0.179
     1227986       -926         18    94.02   110.57      0.191
     1354427       -926         20   105.08   121.63       0.19
     1492598       -926         21   117.25   133.80      0.179
     1642961       -926         22   130.64   147.19      0.168
     1805962       -926         23   145.36   161.91      0.158
     1988085       -926         25   161.56   178.11      0.155
     2186709       -926         28   179.38   195.93      0.156
     2405461       -926         35   198.98   215.53      0.176
     2643213       -926         37   220.54   237.09      0.168
     2908342       -926         47   244.25   260.80      0.192
     3198264       -926         53   270.34   286.89      0.196
     3520497       -926         58   299.03   315.58      0.194
     3875856       -926         65   330.59   347.14      0.197
     4268530       -926         78   365.31   381.86      0.214
     4693579       -926         80   403.50   420.05      0.198
     5158845       -926         90   445.51   462.06      0.202
     5681904       -926        107   491.72   508.27      0.218
     6250063       -926        118   542.55   559.10      0.217
     6878275       -926        134   598.47   615.02      0.224
     7569255       -926        144   659.98   676.53      0.218
     8323817       -926        164   727.64   744.19      0.225
     9153723       -926        181   802.06   818.61      0.226
    10070074       -926        205   883.93   900.48      0.232
    11080316       -926        225   973.98   990.53      0.231
    12191404       -926        251  1073.04  1089.59      0.234
    13410575       -926        279  1182.00  1198.55      0.236
    14747011       -926        310  1301.86  1318.41      0.238
    16217824       -926        338  1433.71  1450.26      0.236
    17846099       -926        383  1578.74  1595.29      0.243
    19625136       -926        421  1738.27  1754.82      0.242
    21586911       -926        469  1913.76  1930.31      0.245
    22696923       -926        500  2013.10  2029.65      0.248
Time to solution 4.0262s, assuming true minimum is -926
