N=8
Mode: 1
Seed: 896
Search strategy: 0
Initialising random weight matrix with 502 working nodes
502 working nodes out of 512
States are 0,1
Weight-choosing mode: 5
Min time to run: 0.5s
Max time to run: 1e+10s
Solutions are independent
           1       -884          0     0.00     0.00       -nan
           8       -886          0     0.00     0.00       -nan
          11       -890          0     0.00     0.00       -nan
          12       -900          0     0.00     0.00       -nan
          14       -906          0     0.00     0.00       -nan
          30       -908          0     0.00     0.00       -nan
          73       -910          0     0.00     0.01       -nan
         805       -912          0     0.00     0.08       -nan
        4397       -914          0     0.00     0.41       -nan
       53214       -914         21     5.00     5.41        4.2
       98844       -914         36    10.00    10.41        3.6
      146802       -914         56    15.00    15.41       3.73
      194426       -914         70    20.00    20.41        3.5
      241562       -914         82    25.00    25.41       3.28
      290686       -914        105    30.00    30.41        3.5
      341307       -914        129    35.00    35.41       3.69
      389407       -914        149    40.00    40.41       3.73
      437428       -914        168    45.00    45.41       3.73
      485372       -914        187    50.00    50.41       3.74
      533557       -914        208    55.05    55.46       3.78
      585211       -914        226    60.60    61.01       3.73
      644875       -914        254    66.71    67.12       3.81
      709241       -914        284    73.43    73.84       3.87
      781862       -914        311    80.82    81.23       3.85
      859232       -914        343    88.95    89.36       3.86
      945923       -914        385    97.89    98.30       3.93
     1039693       -914        415   107.73   108.14       3.85
     1143107       -914        453   118.55   118.96       3.82
     1257158       -914        500   130.35   130.76       3.84
Time to solution 0.2607s, assuming true minimum is -914
