N=8
Mode: 1
Seed: 897
Search strategy: 0
Initialising random weight matrix with 502 working nodes
502 working nodes out of 512
States are 0,1
Weight-choosing mode: 5
Min time to run: 0.5s
Max time to run: 1e+10s
Solutions are independent
           1      -1018          0     0.00     0.00       -nan
           2      -1022          0     0.00     0.00       -nan
          10      -1030          0     0.00     0.00       -nan
          65      -1034          0     0.00     0.01       -nan
         888      -1036          0     0.00     0.08       -nan
        2310      -1038          0     0.00     0.22       -nan
        7745      -1040          0     0.00     0.70       -nan
       64243      -1040         18     5.00     5.70        3.6
       88190      -1042          0     0.00     7.82       -nan
      145923      -1042          5     5.00    12.82          1
      148750      -1044          0     0.00    13.06       -nan
      209932      -1044          0     5.01    18.07          0
      268514      -1044          0    10.01    23.07          0
      325749      -1044          0    15.01    28.07          0
      383507      -1044          0    20.01    33.07          0
      443962      -1044          0    25.01    38.07          0
      501316      -1044          1    30.01    43.07     0.0333
      564000      -1044          1    35.01    48.07     0.0286
      623756      -1044          1    40.01    53.07      0.025
      685528      -1044          2    45.32    58.38     0.0441
      755154      -1044          3    51.16    64.22     0.0586
      829085      -1044          4    57.59    70.65     0.0695
      912158      -1044          4    64.66    77.72     0.0619
     1003036      -1044          4    72.44    85.50     0.0552
     1104575      -1044          5    81.00    94.06     0.0617
     1218634      -1044          6    90.41   103.47     0.0664
     1340972      -1044          6   100.76   113.82     0.0595
     1471367      -1044          6   112.15   125.21     0.0535
     1619966      -1044          8   124.68   137.74     0.0642
     1782057      -1044          8   138.46   151.52     0.0578
     1957470      -1044          8   153.62   166.68     0.0521
     2144958      -1044          8   170.29   183.35      0.047
     2359632      -1044          9   188.63   201.69     0.0477
     2593487      -1044         11   208.80   221.86     0.0527
     2850272      -1044         13   230.99   244.05     0.0563
     3129363      -1044         16   255.40   268.46     0.0626
     3446148      -1044         17   282.25   295.31     0.0602
     3789721      -1044         21   311.79   324.85     0.0674
     4177229      -1044         28   344.28   357.34     0.0813
     4591097      -1044         31   380.02   393.08     0.0816
     5047581      -1044         35   419.33   432.39     0.0835
     5548489      -1044         43   462.57   475.63      0.093
     6100427      -1044         45   510.14   523.20     0.0882
     6709209      -1044         52   562.47   575.53     0.0924
     7373154      -1044         61   620.03   633.09     0.0984
     8109446      -1044         67   683.34   696.40      0.098
     8920690      -1044         73   752.99   766.05     0.0969
     9822028      -1044         80   829.60   842.66     0.0964
    10796376      -1044         89   913.87   926.93     0.0974
    11885434      -1044        100  1006.57  1019.63     0.0993
    13079919      -1044        107  1108.54  1121.60     0.0965
    14390439      -1044        118  1220.70  1233.76     0.0967
    15830174      -1044        129  1344.08  1357.14      0.096
    17411767      -1044        139  1479.80  1492.86     0.0939
    19146592      -1044        160  1629.09  1642.15     0.0982
    21051107      -1044        172  1793.31  1806.37     0.0959
    23158440      -1044        191  1973.95  1987.01     0.0968
    25487523      -1044        205  2172.66  2185.72     0.0944
    28066708      -1044        219  2391.24  2404.30     0.0916
    30866509      -1044        244  2631.68  2644.74     0.0927
    33971565      -1044        266  2896.16  2909.22     0.0918
    37405068      -1044        290  3187.09  3200.15      0.091
    41130947      -1044        324  3507.11  3520.17     0.0924
    45246103      -1044        346  3859.13  3872.19     0.0897
    49759677      -1044        369  4246.35  4259.41     0.0869
    54747777      -1044        416  4672.30  4685.36      0.089
    60233063      -1044        460  5140.84  5153.90     0.0895
    65115967      -1044        500  5558.21  5571.27       0.09
Time to solution 11.1164s, assuming true minimum is -1044
