N=8
Mode: 1
Seed: 898
Search strategy: 0
Initialising random weight matrix with 502 working nodes
502 working nodes out of 512
States are 0,1
Weight-choosing mode: 5
Min time to run: 0.5s
Max time to run: 1e+10s
Solutions are independent
           1       -924          0     0.00     0.00       -nan
           2       -930          0     0.00     0.00       -nan
           3       -942          0     0.00     0.00       -nan
          11       -946          0     0.00     0.00       -nan
          53       -948          0     0.00     0.01       -nan
          79       -952          0     0.00     0.01       -nan
         234       -958          0     0.00     0.03       -nan
         936       -960          0     0.00     0.10       -nan
        1782       -964          0     0.00     0.17       -nan
       10428       -966          0     0.00     0.91       -nan
       56534       -968          0     0.00     4.70       -nan
      116189       -968         12     5.00     9.70        2.4
      177744       -968         23    10.00    14.70        2.3
      238486       -968         38    15.00    19.70       2.53
      300479       -968         51    20.00    24.70       2.55
      361381       -968         68    25.00    29.70       2.72
      421622       -968         83    30.00    34.70       2.77
      481510       -968         94    35.00    39.70       2.69
      541701       -968        105    40.00    44.70       2.62
      602990       -968        113    45.00    49.70       2.51
      663587       -968        121    50.00    54.70       2.42
      730161       -968        139    55.48    60.18       2.51
      802601       -968        154    61.50    66.20        2.5
      883140       -968        170    68.13    72.83        2.5
      972231       -968        181    75.42    80.12        2.4
     1069394       -968        197    83.44    88.14       2.36
     1175426       -968        217    92.26    96.96       2.35
     1293334       -968        235   101.96   106.66        2.3
     1419502       -968        266   112.63   117.33       2.36
     1562797       -968        291   124.37   129.07       2.34
     1719192       -968        325   137.28   141.98       2.37
     1890731       -968        361   151.48   156.18       2.38
     2079729       -968        397   167.10   171.80       2.38
     2290071       -968        441   184.29   188.99       2.39
     2520704       -968        484   203.19   207.89       2.38
     2576870       -968        500   207.80   212.50       2.41
Time to solution 0.4156s, assuming true minimum is -968
