N=8
Mode: 1
Seed: 90
Search strategy: 0
Initialising random weight matrix with 502 working nodes
502 working nodes out of 512
States are 0,1
Weight-choosing mode: 5
Min time to run: 1000s
Max time to run: 10000s
Groundtruth: -918
           1       -872          1     0.00
           3       -902          1     0.00
         103       -908          1     0.02
         144       -912          1     0.03
        5750       -914          1     1.24
       28854       -914          3     6.24
       51925       -914          4    11.24
       75120       -914          4    16.25
       98248       -914          5    21.25
      121359       -914          6    26.25
      144487       -914          7    31.25
      167606       -914          8    36.25
      190703       -914          8    41.25
      213827       -914          8    46.25
      236973       -914          9    51.25
      260742       -914         10    56.38
      286799       -914         11    62.02
      315465       -914         11    68.23
      324830       -916          1    70.25
      357083       -916          2    77.28
      392827       -916          2    85.01
      432151       -916          2    93.52
      475388       -916          3   102.88
      522863       -916          3   113.17
      575168       -916          3   124.49
      606133       -918          1   131.16
      666878       -918          1   144.28
      733574       -918          1   158.71
      807011       -918          1   174.59
      887815       -918          1   192.05
      976502       -918          1   211.26
     1074085       -918          1   232.39
     1181509       -918          1   255.63
     1299689       -918          1   281.20
     1429750       -918          1   309.32
     1573171       -918          1   340.26
     1730969       -918          1   374.29
     1904539       -918          1   411.72
     2095107       -918          1   452.90
     2304236       -918          1   498.19
     2528595       -918          2   548.01
     2781479       -918          2   602.82
     3059597       -918          2   663.11
     3365243       -918          3   729.43
     3702992       -918          4   802.38
     4074433       -918          4   882.62
     4482818       -918          4   970.89
     4932196       -918          4  1067.98
     5427336       -918          4  1174.78
     5971482       -918          4  1292.26
     6568730       -918          5  1421.49
     7224308       -918          5  1563.64
     7948034       -918          5  1720.01
     8745194       -918          5  1892.02
     9622075       -918          5  2081.23
    10586075       -918          6  2289.36
    11645622       -918          6  2518.30
    12810126       -918          6  2770.14
    14094111       -918          6  3047.16
    15505756       -918          6  3351.88
    17056041       -918          6  3687.07
    18764069       -918          6  4055.78
    20641437       -918          7  4461.36
    22707671       -918          9  4907.50
    24975182       -918          9  5398.25
    25638150       -918         10  5544.78
Time to solution 554.478s, assuming true minimum is -918
