N=8
Mode: 1
Seed: 903
Search strategy: 0
Initialising random weight matrix with 502 working nodes
502 working nodes out of 512
States are 0,1
Weight-choosing mode: 5
Min time to run: 0.5s
Max time to run: 1e+10s
Solutions are independent
           1      -1008          0     0.00     0.00       -nan
           4      -1018          0     0.00     0.00       -nan
          17      -1024          0     0.00     0.00       -nan
          48      -1026          0     0.00     0.01       -nan
         100      -1030          0     0.00     0.01       -nan
         272      -1032          0     0.00     0.03       -nan
       52603      -1032         15     5.00     5.03          3
      105155      -1032         25    10.01    10.04        2.5
      157876      -1032         36    15.01    15.04        2.4
      209788      -1032         44    20.01    20.04        2.2
      262372      -1032         57    25.01    25.04       2.28
      314699      -1032         68    30.01    30.04       2.27
      366024      -1032         78    35.01    35.04       2.23
      419511      -1032         86    40.01    40.04       2.15
      471145      -1032         93    45.01    45.04       2.07
      523043      -1032        103    50.01    50.04       2.06
      574995      -1032        111    55.02    55.05       2.02
      632420      -1032        120    60.53    60.56       1.98
      698035      -1032        133    66.59    66.62          2
      767866      -1032        147    73.26    73.29       2.01
      844080      -1032        159    80.59    80.62       1.97
      927788      -1032        181    88.66    88.69       2.04
     1019133      -1032        194    97.53    97.56       1.99
     1121587      -1032        219   107.29   107.32       2.04
     1230766      -1032        239   118.03   118.06       2.02
     1352408      -1032        266   129.84   129.87       2.05
     1484984      -1032        289   142.83   142.86       2.02
     1634016      -1032        325   157.12   157.15       2.07
     1796787      -1032        362   172.84   172.87       2.09
     1972005      -1032        396   190.13   190.16       2.08
     2172797      -1032        440   209.15   209.18        2.1
     2388040      -1032        489   230.07   230.10       2.13
     2435374      -1032        500   234.60   234.63       2.13
Time to solution 0.4692s, assuming true minimum is -1032
