N=8
Mode: 1
Seed: 911
Search strategy: 0
Initialising random weight matrix with 502 working nodes
502 working nodes out of 512
States are 0,1
Weight-choosing mode: 5
Min time to run: 0.5s
Max time to run: 1e+10s
Solutions are independent
           1       -962          0     0.00     0.00       -nan
          24       -964          0     0.00     0.00       -nan
          26       -966          0     0.00     0.00       -nan
          27       -968          0     0.00     0.00       -nan
          66       -974          0     0.00     0.00       -nan
         312       -976          0     0.00     0.02       -nan
         420       -978          0     0.00     0.04       -nan
       24046       -980          0     0.00     2.34       -nan
       79598       -980         10     5.00     7.34          2
      131920       -980         21    10.00    12.34        2.1
      185145       -980         30    15.00    17.34          2
      239385       -980         40    20.00    22.34          2
      292646       -980         53    25.00    27.34       2.12
      346770       -980         60    30.00    32.34          2
      400952       -980         76    35.00    37.34       2.17
      456635       -980         83    40.00    42.34       2.08
      512107       -980         94    45.00    47.34       2.09
      566277       -980        106    50.00    52.34       2.12
      622981       -980        120    55.24    57.58       2.17
      686143       -980        138    61.00    63.34       2.26
      754711       -980        151    67.34    69.68       2.24
      830727       -980        164    74.31    76.65       2.21
      912555       -980        182    81.98    84.32       2.22
     1004536       -980        205    90.42    92.76       2.27
     1106478       -980        223    99.70   102.04       2.24
     1217063       -980        246   109.91   112.25       2.24
     1339445       -980        276   121.14   123.48       2.28
     1472643       -980        311   133.49   135.83       2.33
     1620855       -980        352   147.08   149.42       2.39
     1783321       -980        374   162.03   164.37       2.31
     1962743       -980        417   178.47   180.81       2.34
     2158906       -980        467   196.56   198.90       2.38
     2284199       -980        500   208.03   210.37        2.4
Time to solution 0.41606s, assuming true minimum is -980
