N=8
Mode: 1
Seed: 917
Search strategy: 0
Initialising random weight matrix with 502 working nodes
502 working nodes out of 512
States are 0,1
Weight-choosing mode: 5
Min time to run: 0.5s
Max time to run: 1e+10s
Solutions are independent
           1       -926          0     0.00     0.00       -nan
           2       -934          0     0.00     0.00       -nan
           5       -938          0     0.00     0.00       -nan
           6       -940          0     0.00     0.00       -nan
          12       -942          0     0.00     0.00       -nan
          25       -948          0     0.00     0.00       -nan
         145       -950          0     0.00     0.02       -nan
        2614       -952          0     0.00     0.25       -nan
        5033       -954          0     0.00     0.46       -nan
       19606       -956          0     0.00     1.82       -nan
       76319       -956          7     5.00     6.82        1.4
      131759       -956         10    10.00    11.82          1
      187494       -956         13    15.00    16.82      0.867
      243839       -956         19    20.00    21.82       0.95
      300162       -956         24    25.00    26.82       0.96
      356063       -956         29    30.00    31.82      0.967
      409752       -956         31    35.00    36.82      0.886
      465670       -956         36    40.00    41.82        0.9
      523420       -956         43    45.00    46.82      0.956
      576861       -956         46    50.00    51.82       0.92
      635783       -956         57    55.19    57.01       1.03
      700716       -956         64    60.90    62.72       1.05
      771758       -956         71    67.18    69.00       1.06
      849971       -956         81    74.08    75.90       1.09
      934427       -956         83    81.68    83.50       1.02
     1028480       -956         93    90.04    91.86       1.03
     1129975       -956        103    99.23   101.05       1.04
     1244497       -956        112   109.34   111.16       1.02
     1367436       -956        119   120.46   122.28      0.988
     1503482       -956        125   132.69   134.51      0.942
     1649733       -956        134   146.15   147.97      0.917
     1814852       -956        149   160.95   162.77      0.926
     1994399       -956        164   177.23   179.05      0.925
     2196287       -956        187   195.14   196.96      0.958
     2415511       -956        201   214.84   216.66      0.936
     2657928       -956        223   236.51   238.33      0.943
     2920404       -956        240   260.35   262.17      0.922
     3209883       -956        265   286.57   288.39      0.925
     3531869       -956        293   315.41   317.23      0.929
     3880567       -956        323   347.14   348.96       0.93
     4267786       -956        354   382.04   383.86      0.927
     4692622       -956        385   420.43   422.25      0.916
     5162863       -956        418   462.66   464.48      0.903
     5681952       -956        468   509.11   510.93      0.919
     5996426       -956        500   537.02   538.84      0.931
Time to solution 1.07404s, assuming true minimum is -956
