N=8
Mode: 1
Seed: 920
Search strategy: 0
Initialising random weight matrix with 502 working nodes
502 working nodes out of 512
States are 0,1
Weight-choosing mode: 5
Min time to run: 0.5s
Max time to run: 1e+10s
Solutions are independent
           1       -982          0     0.00     0.00       -nan
           2       -996          0     0.00     0.00       -nan
           3      -1008          0     0.00     0.00       -nan
         139      -1010          0     0.00     0.01       -nan
         287      -1012          0     0.00     0.03       -nan
         336      -1014          0     0.00     0.04       -nan
       15889      -1016          0     0.00     1.42       -nan
       67631      -1016         14     5.00     6.42        2.8
      122193      -1016         36    10.00    11.42        3.6
      175629      -1016         62    15.00    16.42       4.13
      227656      -1016         82    20.00    21.42        4.1
      280027      -1016        103    25.00    26.42       4.12
      331226      -1016        124    30.00    31.42       4.13
      383659      -1016        144    35.00    36.42       4.11
      434644      -1016        162    40.00    41.42       4.05
      486360      -1016        187    45.00    46.42       4.16
      538260      -1016        210    50.00    51.42        4.2
      589914      -1016        227    55.15    56.57       4.12
      648626      -1016        251    60.81    62.23       4.13
      711765      -1016        266    67.04    68.46       3.97
      782702      -1016        292    73.89    75.31       3.95
      860609      -1016        320    81.43    82.85       3.93
      948114      -1016        367    89.72    91.14       4.09
     1041223      -1016        397    98.84   100.26       4.02
     1142662      -1016        425   108.87   110.29        3.9
     1257818      -1016        464   119.90   121.32       3.87
     1348529      -1016        500   128.62   130.04       3.89
Time to solution 0.25724s, assuming true minimum is -1016
