N=8
Mode: 1
Seed: 923
Search strategy: 0
Initialising random weight matrix with 502 working nodes
502 working nodes out of 512
States are 0,1
Weight-choosing mode: 5
Min time to run: 0.5s
Max time to run: 1e+10s
Solutions are independent
           1       -950          0     0.00     0.00       -nan
           6       -956          0     0.00     0.00       -nan
           7       -962          0     0.00     0.00       -nan
           9       -964          0     0.00     0.00       -nan
          19       -970          0     0.00     0.00       -nan
         108       -972          0     0.00     0.01       -nan
         837       -974          0     0.00     0.08       -nan
        3350       -976          0     0.00     0.28       -nan
       16029       -978          0     0.00     1.38       -nan
       72608       -978          9     5.00     6.38        1.8
      128871       -978         15    10.00    11.38        1.5
      186628       -978         23    15.01    16.39       1.53
      242623       -978         35    20.01    21.39       1.75
      298324       -978         39    25.01    26.39       1.56
      353783       -978         47    30.01    31.39       1.57
      410617       -978         53    35.01    36.39       1.51
      466933       -978         63    40.01    41.39       1.57
      523833       -978         70    45.01    46.39       1.56
      580070       -978         75    50.01    51.39        1.5
      639059       -978         84    55.15    56.53       1.52
      701608       -978         97    60.81    62.19        1.6
      772967       -978        112    67.03    68.41       1.67
      851571       -978        122    73.88    75.26       1.65
      935365       -978        128    81.41    82.79       1.57
     1025558       -978        131    89.69    91.07       1.46
     1130013       -978        144    98.80   100.18       1.46
     1243034       -978        159   108.82   110.20       1.46
     1366208       -978        171   119.85   121.23       1.43
     1502859       -978        187   131.98   133.36       1.42
     1655012       -978        204   145.32   146.70        1.4
     1819500       -978        221   159.99   161.37       1.38
     1999873       -978        236   176.13   177.51       1.34
     2199851       -978        264   193.89   195.27       1.36
     2419297       -978        286   213.42   214.80       1.34
     2662879       -978        319   234.91   236.29       1.36
     2929460       -978        358   258.54   259.92       1.38
     3221027       -978        401   284.54   285.92       1.41
     3539803       -978        441   313.14   314.52       1.41
     3894696       -978        478   344.60   345.98       1.39
     4112977       -978        500   364.24   365.62       1.37
Time to solution 0.72848s, assuming true minimum is -978
