N=8
Mode: 1
Seed: 926
Search strategy: 0
Initialising random weight matrix with 502 working nodes
502 working nodes out of 512
States are 0,1
Weight-choosing mode: 5
Min time to run: 0.5s
Max time to run: 1e+10s
Solutions are independent
           1       -906          0     0.00     0.00       -nan
           2       -924          0     0.00     0.00       -nan
           4       -930          0     0.00     0.00       -nan
        1380       -932          0     0.00     0.12       -nan
        2401       -934          0     0.00     0.23       -nan
        4163       -936          0     0.00     0.38       -nan
       59527       -936         25     5.00     5.38          5
      114322       -936         51    10.00    10.38        5.1
      171295       -936         76    15.00    15.38       5.07
      226053       -936         93    20.01    20.39       4.65
      282528       -936        113    25.01    25.39       4.52
      337301       -936        136    30.01    30.39       4.53
      393784       -936        154    35.01    35.39        4.4
      449001       -936        166    40.01    40.39       4.15
      503692       -936        183    45.01    45.39       4.07
      558933       -936        209    50.01    50.39       4.18
      613507       -936        236    55.05    55.43       4.29
      675657       -936        269    60.60    60.98       4.44
      743593       -936        299    66.70    67.08       4.48
      818918       -936        330    73.41    73.79        4.5
      899797       -936        364    80.79    81.17       4.51
      991003       -936        394    88.91    89.29       4.43
     1090521       -936        436    97.84    98.22       4.46
     1199974       -936        474   107.67   108.05        4.4
     1260662       -936        500   113.09   113.47       4.42
Time to solution 0.22618s, assuming true minimum is -936
