N=8
Mode: 1
Seed: 927
Search strategy: 0
Initialising random weight matrix with 502 working nodes
502 working nodes out of 512
States are 0,1
Weight-choosing mode: 5
Min time to run: 0.5s
Max time to run: 1e+10s
Solutions are independent
           1       -988          0     0.00     0.00       -nan
           2      -1000          0     0.00     0.00       -nan
          65      -1002          0     0.00     0.00       -nan
         129      -1004          0     0.00     0.02       -nan
         213      -1006          0     0.00     0.02       -nan
        5906      -1008          0     0.00     0.54       -nan
       58063      -1008          1     5.00     5.54        0.2
      108673      -1008          2    10.00    10.54        0.2
      162846      -1008          7    15.00    15.54      0.467
      217523      -1008         15    20.00    20.54       0.75
      270022      -1008         22    25.00    25.54       0.88
      322812      -1008         25    30.00    30.54      0.833
      375952      -1008         29    35.00    35.54      0.829
      429930      -1008         35    40.00    40.54      0.875
      484425      -1008         38    45.00    45.54      0.844
      537690      -1008         41    50.00    50.54       0.82
      591532      -1008         44    55.06    55.60      0.799
      649647      -1008         47    60.63    61.17      0.775
      715373      -1008         54    66.75    67.29      0.809
      786063      -1008         60    73.48    74.02      0.817
      864310      -1008         67    80.89    81.43      0.828
      951193      -1008         72    89.04    89.58      0.809
     1047430      -1008         80    98.00    98.54      0.816
     1148862      -1008         87   107.86   108.40      0.807
     1263938      -1008         97   118.71   119.25      0.817
     1391808      -1008        108   130.64   131.18      0.827
     1532416      -1008        122   143.76   144.30      0.849
     1685429      -1008        135   158.20   158.74      0.853
     1853428      -1008        154   174.08   174.62      0.885
     2037641      -1008        167   191.55   192.09      0.872
     2237974      -1008        182   210.76   211.30      0.864
     2459406      -1008        194   231.90   232.44      0.837
     2707966      -1008        217   255.15   255.69       0.85
     2976724      -1008        236   280.72   281.26      0.841
     3275270      -1008        264   308.85   309.39      0.855
     3605974      -1008        284   339.79   340.33      0.836
     3965162      -1008        314   373.83   374.37       0.84
     4366604      -1008        354   411.27   411.81      0.861
     4807594      -1008        396   452.46   453.00      0.875
     5288664      -1008        429   497.77   498.31      0.862
     5817284      -1008        467   547.61   548.15      0.853
     6178425      -1008        500   581.54   582.08       0.86
Time to solution 1.16308s, assuming true minimum is -1008
