N=8
Mode: 1
Seed: 94
Search strategy: 0
Initialising random weight matrix with 502 working nodes
502 working nodes out of 512
States are 0,1
Weight-choosing mode: 5
Min time to run: 1000s
Max time to run: 10000s
Groundtruth: -1012
           1       -964          1     0.00
           2       -972          1     0.00
           3       -998          1     0.00
         189      -1000          1     0.04
        1077      -1002          1     0.24
        1332      -1004          1     0.30
        8927      -1006          1     2.03
       30554      -1006          7     7.03
       30936      -1008          1     7.12
       52788      -1008          1    12.13
       74757      -1008          2    17.14
       96519      -1008          6    22.14
      118542      -1008          6    27.14
      140628      -1008          9    32.14
      162753      -1008          9    37.14
      184817      -1008          9    42.14
      206865      -1008         11    47.14
      228937      -1008         13    52.14
      234400      -1010          1    53.38
      257961      -1010          1    58.72
      283833      -1010          1    64.60
      312373      -1010          1    71.06
      343823      -1010          1    78.17
      378233      -1010          1    85.99
      415938      -1010          1    94.59
      457767      -1010          1   104.05
      503708      -1010          2   114.46
      554181      -1010          4   125.91
      609617      -1010          5   138.51
      670646      -1010          7   152.37
      737796      -1010          7   167.61
      811883      -1010          8   184.38
      893144      -1010          8   202.82
      982701      -1010          8   223.11
     1081322      -1010          8   245.43
     1189718      -1010          9   269.98
     1309039      -1010          9   296.98
     1440035      -1010         10   326.68
     1483541      -1012          1   336.54
     1632381      -1012          1   370.20
     1795544      -1012          1   407.22
     1975257      -1012          2   447.95
     2173388      -1012          2   492.75
     2391283      -1012          3   542.03
     2630352      -1012          3   596.24
     2893609      -1012          3   655.87
     3183561      -1012          3   721.46
     3501929      -1012          3   793.61
     3852531      -1012          3   872.98
     4237765      -1012          3   960.28
     4661910      -1012          3  1056.31
     5128653      -1012          3  1161.95
     5641305      -1012          3  1278.15
     6205031      -1012          3  1405.97
     6825653      -1012          3  1546.57
     7509156      -1012          4  1701.23
     8260991      -1012          4  1871.36
     9085678      -1012          5  2058.50
     9994899      -1012          5  2264.36
    10994437      -1012          5  2490.80
    12094628      -1012          7  2739.89
    13302053      -1012          7  3013.88
    13975287      -1012         10  3166.34
Time to solution 316.634s, assuming true minimum is -1012
