N=8
Mode: 1
Seed: 944
Search strategy: 0
Initialising random weight matrix with 502 working nodes
502 working nodes out of 512
States are 0,1
Weight-choosing mode: 5
Min time to run: 0.5s
Max time to run: 1e+10s
Solutions are independent
           1       -914          0     0.00     0.00       -nan
           2       -916          0     0.00     0.00       -nan
           7       -922          0     0.00     0.00       -nan
         847       -926          0     0.00     0.08       -nan
       18969       -928          0     0.00     1.70       -nan
       72967       -928          7     5.00     6.70        1.4
      127906       -928         14    10.00    11.70        1.4
      180990       -928         21    15.00    16.70        1.4
      236056       -928         34    20.00    21.70        1.7
      290530       -928         46    25.00    26.70       1.84
      344182       -928         54    30.00    31.70        1.8
      398384       -928         60    35.00    36.70       1.71
      452984       -928         70    40.00    41.70       1.75
      506324       -928         74    45.00    46.70       1.64
      561516       -928         89    50.00    51.70       1.78
      617128       -928         98    55.18    56.88       1.78
      678413       -928        107    60.87    62.57       1.76
      747544       -928        123    67.13    68.83       1.83
      819724       -928        127    74.02    75.72       1.72
      900332       -928        140    81.60    83.30       1.72
      990886       -928        153    89.94    91.64        1.7
     1088943       -928        161    99.11   100.81       1.62
     1198904       -928        178   109.20   110.90       1.63
     1320977       -928        199   120.30   122.00       1.65
     1451612       -928        217   132.51   134.21       1.64
     1595234       -928        237   145.94   147.64       1.62
     1754803       -928        258   160.71   162.41       1.61
     1928049       -928        277   176.96   178.66       1.57
     2118364       -928        304   194.83   196.53       1.56
     2330662       -928        337   214.49   216.19       1.57
     2567027       -928        372   236.11   237.81       1.58
     2827226       -928        418   259.90   261.60       1.61
     3107685       -928        456   286.07   287.77       1.59
     3399556       -928        500   313.31   315.01        1.6
Time to solution 0.62662s, assuming true minimum is -928
