N=8
Mode: 1
Seed: 949
Search strategy: 0
Initialising random weight matrix with 502 working nodes
502 working nodes out of 512
States are 0,1
Weight-choosing mode: 5
Min time to run: 0.5s
Max time to run: 1e+10s
Solutions are independent
           1       -946          0     0.00     0.00       -nan
           4       -948          0     0.00     0.00       -nan
          75       -950          0     0.00     0.01       -nan
         120       -952          0     0.00     0.01       -nan
         250       -954          0     0.00     0.02       -nan
         892       -956          0     0.00     0.10       -nan
         971       -958          0     0.00     0.10       -nan
        7698       -960          0     0.00     0.70       -nan
       19369       -962          0     0.00     1.79       -nan
       75142       -962          3     5.00     6.79        0.6
      129540       -962          7    10.00    11.79        0.7
      182744       -962          8    15.00    16.79      0.533
      233654       -962          8    20.00    21.79        0.4
      288002       -962         16    25.00    26.79       0.64
      341784       -962         18    30.00    31.79        0.6
      394836       -962         20    35.00    36.79      0.571
      450409       -962         23    40.00    41.79      0.575
      503680       -962         27    45.00    46.79        0.6
      557172       -962         30    50.00    51.79        0.6
      613854       -962         34    55.18    56.97      0.616
      677289       -962         37    60.88    62.67      0.608
      744675       -962         42    67.15    68.94      0.625
      816309       -962         43    74.05    75.84      0.581
      899231       -962         48    81.64    83.43      0.588
      987873       -962         51    89.99    91.78      0.567
     1089300       -962         55    99.17   100.96      0.555
     1200069       -962         64   109.27   111.06      0.586
     1322172       -962         69   120.38   122.17      0.573
     1453266       -962         82   132.60   134.39      0.618
     1597561       -962         90   146.04   147.83      0.616
     1756273       -962         98   160.83   162.62      0.609
     1932132       -962        111   177.10   178.89      0.627
     2125261       -962        117   194.99   196.78        0.6
     2333619       -962        127   214.67   216.46      0.592
     2565688       -962        140   236.32   238.11      0.592
     2822266       -962        158   260.14   261.93      0.607
     3100605       -962        167   286.34   288.13      0.583
     3411097       -962        186   315.16   316.95       0.59
     3756511       -962        211   346.86   348.65      0.608
     4136369       -962        236   381.73   383.52      0.618
     4553308       -962        258   420.09   421.88      0.614
     5007389       -962        279   462.28   464.07      0.604
     5509882       -962        313   508.69   510.48      0.615
     6057996       -962        346   559.74   561.53      0.618
     6663203       -962        371   615.90   617.69      0.602
     7325654       -962        405   677.67   679.46      0.598
     8064659       -962        450   745.62   747.41      0.604
     8865599       -962        491   820.37   822.16      0.599
     9014323       -962        500   834.33   836.12      0.599
Time to solution 1.66866s, assuming true minimum is -962
