N=8
Mode: 1
Seed: 95
Search strategy: 0
Initialising random weight matrix with 502 working nodes
502 working nodes out of 512
States are 0,1
Weight-choosing mode: 5
Min time to run: 1000s
Max time to run: 10000s
Groundtruth: -952
           1       -914          1     0.00
           2       -924          1     0.00
           3       -926          1     0.00
           9       -936          1     0.00
          39       -942          1     0.01
        3129       -944          1     0.69
       12961       -946          1     2.82
       32826       -948          1     7.16
       55729       -948          2    12.16
       78718       -948          4    17.16
      101721       -948          5    22.16
      124748       -948          7    27.16
      147595       -948          9    32.16
      170445       -948         11    37.16
      179862       -950          1    39.21
      202760       -950          1    44.21
      225836       -950          2    49.21
      248890       -950          2    54.21
      273915       -950          3    59.64
      301401       -950          3    65.61
      331594       -950          3    72.18
      364690       -950          3    79.40
      401160       -950          3    87.35
      441439       -950          4    96.09
      485751       -950          4   105.70
      534490       -950          4   116.28
      588069       -950          5   127.91
      647030       -950          6   140.71
      711946       -950          6   154.79
      783348       -950          7   170.27
      861781       -950          7   187.30
      948100       -950          8   206.04
     1043110       -950          9   226.65
     1147619       -950         11   249.32
     1262530       -950         12   274.26
     1389009       -950         12   301.69
     1527780       -950         14   331.86
     1680724       -950         14   365.05
     1847808       -950         15   401.56
     2031650       -950         18   441.72
     2234307       -950         18   485.90
     2457723       -950         22   534.49
     2701991       -950         25   587.94
     2971667       -950         30   646.74
     3268403       -950         32   711.42
     3593420       -950         36   782.57
     3953016       -950         41   860.83
     4349792       -950         43   946.92
     4786320       -950         46  1041.62
     5266168       -950         52  1145.79
     5794045       -950         58  1260.37
     6374934       -950         62  1386.41
     7012940       -950         70  1525.06
     7715240       -950         78  1677.57
     7830211       -952          1  1702.51
     8614078       -952          1  1872.77
     9477284       -952          2  2060.05
    10423859       -952          2  2266.06
    11468287       -952          2  2492.67
    12616935       -952          3  2741.94
    13880476       -952          3  3016.14
    15269296       -952          4  3317.76
    16798236       -952          4  3649.54
    18478984       -952          4  4014.50
    20326637       -952          4  4415.96
    22361311       -952          4  4857.56
    24598987       -952          4  5343.32
    27059412       -952          4  5877.66
    29762567       -952          4  6465.43
    32738925       -952          4  7111.98
    36008364       -952          4  7823.18
    39613026       -952          4  8605.50
    43573984       -952          5  9466.06
    46031673       -952          5 10000.00
Time to solution 2000s, assuming true minimum is -952
