N=8
Mode: 1
Seed: 952
Search strategy: 0
Initialising random weight matrix with 502 working nodes
502 working nodes out of 512
States are 0,1
Weight-choosing mode: 5
Min time to run: 0.5s
Max time to run: 1e+10s
Solutions are independent
           1      -1004          0     0.00     0.00       -nan
           2      -1016          0     0.00     0.00       -nan
          22      -1020          0     0.00     0.00       -nan
          35      -1022          0     0.00     0.01       -nan
         232      -1026          0     0.00     0.04       -nan
        1087      -1028          0     0.00     0.12       -nan
       21213      -1030          0     0.00     1.97       -nan
       77834      -1030         30     5.00     6.97          6
      133756      -1030         63    10.00    11.97        6.3
      188608      -1030         95    15.00    16.97       6.33
      245166      -1030        139    20.00    21.97       6.95
      302429      -1030        184    25.00    26.97       7.36
      359397      -1030        224    30.00    31.97       7.47
      414013      -1030        271    35.00    36.97       7.74
      470260      -1030        306    40.00    41.97       7.65
      526694      -1030        341    45.00    46.97       7.58
      583905      -1030        372    50.00    51.97       7.44
      641587      -1030        408    55.20    57.17       7.39
      705554      -1030        460    60.92    62.89       7.55
      770486      -1030        500    66.69    68.66        7.5
Time to solution 0.13338s, assuming true minimum is -1030
