N=8
Mode: 1
Seed: 955
Search strategy: 0
Initialising random weight matrix with 502 working nodes
502 working nodes out of 512
States are 0,1
Weight-choosing mode: 5
Min time to run: 0.5s
Max time to run: 1e+10s
Solutions are independent
           1       -914          0     0.00     0.00       -nan
           2       -924          0     0.00     0.00       -nan
          19       -932          0     0.00     0.00       -nan
          35       -934          0     0.00     0.00       -nan
          38       -936          0     0.00     0.01       -nan
         300       -944          0     0.00     0.03       -nan
       57057       -944          5     5.00     5.03          1
      112490       -944         12    10.01    10.04        1.2
      168635       -944         21    15.01    15.04        1.4
      224977       -944         26    20.01    20.04        1.3
      279522       -944         34    25.01    25.04       1.36
      333306       -944         39    30.01    30.04        1.3
      388211       -944         47    35.01    35.04       1.34
      442972       -944         51    40.01    40.04       1.27
      500185       -944         56    45.01    45.04       1.24
      557101       -944         64    50.01    50.04       1.28
      612703       -944         73    55.02    55.05       1.33
      673291       -944         82    60.53    60.56       1.35
      740616       -944         87    66.59    66.62       1.31
      816124       -944         93    73.26    73.29       1.27
      896587       -944        100    80.59    80.62       1.24
      985752       -944        114    88.66    88.69       1.29
     1082557       -944        125    97.53    97.56       1.28
     1191202       -944        139   107.29   107.32        1.3
     1312246       -944        155   118.03   118.06       1.31
     1443503       -944        174   129.84   129.87       1.34
     1587368       -944        203   142.83   142.86       1.42
     1747450       -944        224   157.12   157.15       1.43
     1923328       -944        249   172.84   172.87       1.44
     2120225       -944        276   190.13   190.16       1.45
     2331972       -944        304   209.15   209.18       1.45
     2568107       -944        342   230.07   230.10       1.49
     2822631       -944        373   253.08   253.11       1.47
     3102249       -944        403   278.40   278.43       1.45
     3413041       -944        433   306.25   306.28       1.41
     3752397       -944        467   336.88   336.91       1.39
     4028513       -944        500   361.25   361.28       1.38
Time to solution 0.7225s, assuming true minimum is -944
