N=8
Mode: 1
Seed: 956
Search strategy: 0
Initialising random weight matrix with 502 working nodes
502 working nodes out of 512
States are 0,1
Weight-choosing mode: 5
Min time to run: 0.5s
Max time to run: 1e+10s
Solutions are independent
           1      -1028          0     0.00     0.00       -nan
           3      -1034          0     0.00     0.00       -nan
          58      -1036          0     0.00     0.01       -nan
          74      -1040          0     0.00     0.01       -nan
         496      -1042          0     0.00     0.05       -nan
         724      -1046          0     0.00     0.08       -nan
        4785      -1048          0     0.00     0.44       -nan
        8304      -1050          0     0.00     0.77       -nan
       63354      -1050          8     5.00     5.77        1.6
      115737      -1050         13    10.00    10.77        1.3
      166526      -1050         15    15.00    15.77          1
      219067      -1050         18    20.00    20.77        0.9
      272382      -1050         26    25.00    25.77       1.04
      325323      -1050         35    30.00    30.77       1.17
      378620      -1050         43    35.00    35.77       1.23
      428827      -1050         49    40.00    40.77       1.23
      481186      -1050         53    45.00    45.77       1.18
      532783      -1050         59    50.00    50.77       1.18
      587873      -1050         60    55.08    55.85       1.09
      645102      -1050         66    60.67    61.44       1.09
      708933      -1050         73    66.82    67.59       1.09
      777786      -1050         80    73.58    74.35       1.09
      853932      -1050         89    81.02    81.79        1.1
      938508      -1050         91    89.20    89.97       1.02
     1030063      -1050         97    98.20    98.97      0.988
     1133823      -1050        106   108.10   108.87      0.981
     1248033      -1050        119   118.99   119.76          1
     1377227      -1050        140   130.97   131.74       1.07
     1518371      -1050        150   144.15   144.92       1.04
     1669068      -1050        167   158.65   159.42       1.05
     1835963      -1050        181   174.60   175.37       1.04
     2020392      -1050        199   192.14   192.91       1.04
     2217795      -1050        213   211.44   212.21       1.01
     2440511      -1050        233   232.67   233.44          1
     2684025      -1050        253   256.02   256.79      0.988
     2956116      -1050        277   281.70   282.47      0.983
     3254128      -1050        302   309.95   310.72      0.974
     3579126      -1050        344   341.03   341.80       1.01
     3940493      -1050        384   375.21   375.98       1.02
     4333726      -1050        414   412.81   413.58          1
     4770174      -1050        455   454.17   454.94          1
     5214940      -1050        500   496.49   497.26       1.01
Time to solution 0.99298s, assuming true minimum is -1050
