N=8
Mode: 1
Seed: 96
Search strategy: 0
Initialising random weight matrix with 502 working nodes
502 working nodes out of 512
States are 0,1
Weight-choosing mode: 5
Min time to run: 0.5s
Max time to run: 1e+10s
Solutions are independent
           1       -926          0     0.00     0.00       -nan
           4       -930          0     0.00     0.00       -nan
          10       -934          0     0.00     0.00       -nan
          13       -942          0     0.00     0.00       -nan
         659       -946          0     0.00     0.06       -nan
         755       -950          0     0.00     0.07       -nan
        3613       -952          0     0.00     0.28       -nan
       61960       -952          1     5.00     5.28        0.2
      119548       -952          2    10.01    10.29        0.2
      179185       -952          3    15.01    15.29        0.2
      238363       -952          4    20.01    20.29        0.2
      298231       -952          5    25.01    25.29        0.2
      356263       -952          6    30.01    30.29        0.2
      416362       -952          9    35.01    35.29      0.257
      473717       -952         11    40.01    40.29      0.275
      534776       -952         14    45.01    45.29      0.311
      592273       -952         16    50.01    50.29       0.32
      654207       -952         19    55.04    55.32      0.345
      717224       -952         20    60.58    60.86       0.33
      790840       -952         22    66.67    66.95       0.33
      869326       -952         25    73.37    73.65      0.341
      957305       -952         30    80.74    81.02      0.372
     1053801       -952         37    88.85    89.13      0.416
     1159577       -952         46    97.77    98.05       0.47
     1275173       -952         50   107.58   107.86      0.465
     1400027       -952         53   118.37   118.65      0.448
     1537992       -952         59   130.24   130.52      0.453
     1689666       -952         67   143.30   143.58      0.468
     1856079       -952         75   157.66   157.94      0.476
     2042909       -952         82   173.46   173.74      0.473
     2250360       -952         90   190.84   191.12      0.472
     2481178       -952         94   209.96   210.24      0.448
     2743724       -952        107   230.99   231.27      0.463
     3034133       -952        119   254.12   254.40      0.468
     3355301       -952        130   279.57   279.85      0.465
     3706514       -952        154   307.56   307.84      0.501
     4090015       -952        164   338.35   338.63      0.485
     4518021       -952        184   372.22   372.50      0.494
     4986189       -952        205   409.48   409.76      0.501
     5500745       -952        232   450.46   450.74      0.515
     6065364       -952        252   495.54   495.82      0.509
     6679119       -952        272   545.13   545.41      0.499
     7356695       -952        296   599.68   599.96      0.494
     8109471       -952        323   659.68   659.96       0.49
     8933344       -952        361   725.68   725.96      0.497
     9846804       -952        392   798.28   798.56      0.491
    10844171       -952        434   878.14   878.42      0.494
    11947522       -952        471   965.99   966.27      0.488
    12566662       -952        500  1015.22  1015.50      0.493
Time to solution 2.03044s, assuming true minimum is -952
