N=8
Mode: 1
Seed: 960
Search strategy: 0
Initialising random weight matrix with 502 working nodes
502 working nodes out of 512
States are 0,1
Weight-choosing mode: 5
Min time to run: 0.5s
Max time to run: 1e+10s
Solutions are independent
           1       -902          0     0.00     0.00       -nan
           4       -924          0     0.00     0.00       -nan
         222       -930          0     0.00     0.03       -nan
         514       -934          0     0.00     0.06       -nan
       55224       -934          3     5.00     5.06        0.6
      108965       -934          7    10.00    10.06        0.7
      164634       -934         13    15.00    15.06      0.867
      219638       -934         14    20.01    20.07        0.7
      275527       -934         15    25.01    25.07        0.6
      330960       -934         17    30.01    30.07      0.566
      385603       -934         18    35.01    35.07      0.514
      442057       -934         20    40.01    40.07        0.5
      496253       -934         21    45.01    45.07      0.467
      549716       -934         24    50.01    50.07       0.48
      603507       -934         26    55.02    55.08      0.473
      663645       -934         27    60.53    60.59      0.446
      730064       -934         30    66.59    66.65      0.451
      800859       -934         30    73.26    73.32       0.41
      881053       -934         33    80.60    80.66      0.409
      969895       -934         36    88.67    88.73      0.406
     1068875       -934         45    97.55    97.61      0.461
     1175436       -934         49   107.32   107.38      0.457
     1293091       -934         52   118.06   118.12       0.44
     1419936       -934         55   129.88   129.94      0.423
     1563011       -934         63   142.88   142.94      0.441
     1722062       -934         70   157.18   157.24      0.445
     1897582       -934         77   172.91   172.97      0.445
     2087144       -934         88   190.21   190.27      0.463
     2296743       -934         96   209.24   209.30      0.459
     2524804       -934        109   230.18   230.24      0.474
     2774013       -934        117   253.21   253.27      0.462
     3048736       -934        130   278.54   278.60      0.467
     3353733       -934        144   306.41   306.47       0.47
     3684867       -934        156   337.06   337.12      0.463
     4056775       -934        179   370.78   370.84      0.483
     4461816       -934        193   407.87   407.93      0.473
     4907470       -934        218   448.67   448.73      0.486
     5403860       -934        241   493.55   493.61      0.488
     5935994       -934        255   542.92   542.98       0.47
     6528963       -934        282   597.22   597.28      0.472
     7171546       -934        303   656.95   657.01      0.461
     7881053       -934        338   722.66   722.72      0.468
     8662130       -934        361   794.94   795.00      0.454
     9523189       -934        391   874.45   874.51      0.447
    10479767       -934        425   961.91   961.97      0.442
    11525862       -934        471  1058.11  1058.17      0.445
    12591289       -934        500  1156.20  1156.26      0.432
Time to solution 2.3124s, assuming true minimum is -934
