N=8
Mode: 1
Seed: 961
Search strategy: 0
Initialising random weight matrix with 502 working nodes
502 working nodes out of 512
States are 0,1
Weight-choosing mode: 5
Min time to run: 0.5s
Max time to run: 1e+10s
Solutions are independent
           1       -978          0     0.00     0.00       -nan
           5       -980          0     0.00     0.00       -nan
          17       -986          0     0.00     0.00       -nan
         114       -990          0     0.00     0.01       -nan
         115       -992          0     0.00     0.01       -nan
         247       -994          0     0.00     0.02       -nan
        1082       -996          0     0.00     0.11       -nan
        3758       -998          0     0.00     0.37       -nan
        9134      -1000          0     0.00     0.92       -nan
       62995      -1000          3     5.00     5.92        0.6
      119742      -1000          6    10.00    10.92        0.6
      174944      -1000          9    15.00    15.92        0.6
      232033      -1000         12    20.00    20.92        0.6
      287058      -1000         13    25.00    25.92       0.52
      342788      -1000         15    30.00    30.92        0.5
      400504      -1000         20    35.00    35.92      0.571
      456989      -1000         22    40.00    40.92       0.55
      515219      -1000         23    45.00    45.92      0.511
      570000      -1000         25    50.00    50.92        0.5
      627196      -1000         30    55.10    56.02      0.544
      688302      -1000         33    60.71    61.63      0.544
      758502      -1000         39    66.88    67.80      0.583
      833879      -1000         41    73.66    74.58      0.557
      913323      -1000         43    81.12    82.04       0.53
     1005158      -1000         50    89.33    90.25       0.56
     1108345      -1000         55    98.36    99.28      0.559
     1218640      -1000         59   108.29   109.21      0.545
     1340523      -1000         65   119.22   120.14      0.545
     1474776      -1000         70   131.24   132.16      0.533
     1620302      -1000         75   144.46   145.38      0.519
     1781177      -1000         84   159.00   159.92      0.528
     1957638      -1000         95   175.00   175.92      0.543
     2148856      -1000        103   192.60   193.52      0.535
     2362860      -1000        113   211.96   212.88      0.533
     2597725      -1000        121   233.25   234.17      0.519
     2856632      -1000        132   256.67   257.59      0.514
     3143018      -1000        143   282.43   283.35      0.506
     3454748      -1000        152   310.77   311.69      0.489
     3797449      -1000        166   341.94   342.86      0.485
     4174823      -1000        185   376.23   377.15      0.492
     4593000      -1000        201   413.95   414.87      0.486
     5050811      -1000        221   455.44   456.36      0.485
     5554640      -1000        243   501.08   502.00      0.485
     6120765      -1000        258   551.28   552.20      0.468
     6729667      -1000        279   606.51   607.43       0.46
     7398607      -1000        305   667.26   668.18      0.457
     8142642      -1000        333   734.08   735.00      0.454
     8965955      -1000        374   807.59   808.51      0.463
     9864903      -1000        413   888.45   889.37      0.465
    10855039      -1000        443   977.39   978.31      0.453
    11939730      -1000        490  1075.23  1076.15      0.456
    12158178      -1000        500  1094.73  1095.65      0.457
Time to solution 2.18946s, assuming true minimum is -1000
