N=8
Mode: 1
Seed: 969
Search strategy: 0
Initialising random weight matrix with 502 working nodes
502 working nodes out of 512
States are 0,1
Weight-choosing mode: 5
Min time to run: 0.5s
Max time to run: 1e+10s
Solutions are independent
           1      -1012          0     0.00     0.00       -nan
           3      -1014          0     0.00     0.00       -nan
           5      -1028          0     0.00     0.00       -nan
          33      -1030          0     0.00     0.01       -nan
         107      -1034          0     0.00     0.02       -nan
         472      -1036          0     0.00     0.06       -nan
         940      -1038          0     0.00     0.11       -nan
        4140      -1040          0     0.00     0.39       -nan
       56822      -1040         36     5.00     5.39        7.2
      109790      -1040         69    10.00    10.39        6.9
      165391      -1040        106    15.00    15.39       7.07
      218302      -1040        142    20.00    20.39        7.1
      271666      -1040        170    25.00    25.39        6.8
      325110      -1040        210    30.00    30.39          7
      377085      -1040        229    35.00    35.39       6.54
      430280      -1040        269    40.00    40.39       6.72
      483078      -1040        298    45.00    45.39       6.62
      536842      -1040        324    50.00    50.39       6.48
      591153      -1040        346    55.04    55.43       6.29
      651378      -1040        383    60.59    60.98       6.32
      717215      -1040        420    66.69    67.08        6.3
      788806      -1040        462    73.40    73.79       6.29
      855467      -1040        500    79.51    79.90       6.29
Time to solution 0.15902s, assuming true minimum is -1040
