N=8
Mode: 1
Seed: 973
Search strategy: 0
Initialising random weight matrix with 502 working nodes
502 working nodes out of 512
States are 0,1
Weight-choosing mode: 5
Min time to run: 0.5s
Max time to run: 1e+10s
Solutions are independent
           1       -934          0     0.00     0.00       -nan
           3       -938          0     0.00     0.00       -nan
          28       -944          0     0.00     0.00       -nan
          46       -948          0     0.00     0.01       -nan
         436       -952          0     0.00     0.05       -nan
         646       -956          0     0.00     0.07       -nan
        3440       -958          0     0.00     0.34       -nan
        8584       -960          0     0.00     0.77       -nan
       67250       -960         15     5.00     5.77          3
      125110       -960         24    10.00    10.77        2.4
      182371       -960         32    15.00    15.77       2.13
      239923       -960         38    20.00    20.77        1.9
      297999       -960         52    25.00    25.77       2.08
      356800       -960         65    30.00    30.77       2.17
      414657       -960         77    35.00    35.77        2.2
      472916       -960         92    40.00    40.77        2.3
      530969       -960         98    45.00    45.77       2.18
      588584       -960        107    50.00    50.77       2.14
      646495       -960        117    55.08    55.85       2.12
      711317       -960        130    60.67    61.44       2.14
      783237       -960        141    66.82    67.59       2.11
      859487       -960        162    73.58    74.35        2.2
      944591       -960        184    81.02    81.79       2.27
     1040002       -960        201    89.20    89.97       2.25
     1143010       -960        219    98.20    98.97       2.23
     1257598       -960        239   108.10   108.87       2.21
     1382388       -960        269   118.99   119.76       2.26
     1519250       -960        296   130.97   131.74       2.26
     1670825       -960        326   144.15   144.92       2.26
     1837788       -960        358   158.65   159.42       2.26
     2021145       -960        395   174.60   175.37       2.26
     2221902       -960        430   192.14   192.91       2.24
     2446633       -960        472   211.44   212.21       2.23
     2590603       -960        500   223.74   224.51       2.23
Time to solution 0.44748s, assuming true minimum is -960
