N=8
Mode: 1
Seed: 974
Search strategy: 0
Initialising random weight matrix with 502 working nodes
502 working nodes out of 512
States are 0,1
Weight-choosing mode: 5
Min time to run: 0.5s
Max time to run: 1e+10s
Solutions are independent
           1      -1014          0     0.00     0.00       -nan
           5      -1016          0     0.00     0.00       -nan
          57      -1020          0     0.00     0.01       -nan
         422      -1022          0     0.00     0.05       -nan
        1470      -1024          0     0.00     0.14       -nan
        5268      -1026          0     0.00     0.46       -nan
       57634      -1026          9     5.00     5.46        1.8
      110578      -1026         21    10.00    10.46        2.1
      164516      -1026         27    15.00    15.46        1.8
      217518      -1026         36    20.00    20.46        1.8
      271269      -1026         48    25.00    25.46       1.92
      323018      -1026         63    30.00    30.46        2.1
      374764      -1026         78    35.00    35.46       2.23
      428088      -1026         90    40.00    40.46       2.25
      482860      -1026        100    45.00    45.46       2.22
      535362      -1026        106    50.00    50.46       2.12
      590234      -1026        125    55.05    55.51       2.27
      649211      -1026        137    60.61    61.07       2.26
      714379      -1026        147    66.72    67.18        2.2
      786612      -1026        166    73.44    73.90       2.26
      864265      -1026        186    80.83    81.29        2.3
      951070      -1026        211    88.96    89.42       2.37
     1045770      -1026        237    97.91    98.37       2.42
     1150203      -1026        262   107.75   108.21       2.43
     1264526      -1026        288   118.58   119.04       2.43
     1392218      -1026        318   130.49   130.95       2.44
     1530185      -1026        352   143.59   144.05       2.45
     1683133      -1026        388   158.00   158.46       2.46
     1852717      -1026        416   173.85   174.31       2.39
     2037748      -1026        459   191.29   191.75        2.4
     2179975      -1026        500   204.66   205.12       2.44
Time to solution 0.40932s, assuming true minimum is -1026
