N=8
Mode: 1
Seed: 975
Search strategy: 0
Initialising random weight matrix with 502 working nodes
502 working nodes out of 512
States are 0,1
Weight-choosing mode: 5
Min time to run: 0.5s
Max time to run: 1e+10s
Solutions are independent
           1       -984          0     0.00     0.00       -nan
           6       -986          0     0.00     0.00       -nan
          10       -988          0     0.00     0.00       -nan
          22       -992          0     0.00     0.00       -nan
         315       -996          0     0.00     0.03       -nan
        1377       -998          0     0.00     0.14       -nan
       58024       -998        113     5.00     5.14       22.6
       59490      -1000          0     0.00     5.27       -nan
      114185      -1000          5     5.00    10.27          1
      169836      -1000         14    10.00    15.27        1.4
      224167      -1000         21    15.00    20.27        1.4
      280501      -1000         30    20.00    25.27        1.5
      336826      -1000         42    25.00    30.27       1.68
      393579      -1000         49    30.00    35.27       1.63
      450625      -1000         62    35.00    40.27       1.77
      505744      -1000         70    40.00    45.27       1.75
      560429      -1000         81    45.00    50.27        1.8
      615405      -1000         86    50.03    55.30       1.72
      677095      -1000         97    55.56    60.83       1.75
      744318      -1000        109    61.65    66.92       1.77
      819325      -1000        120    68.35    73.62       1.76
      903047      -1000        132    75.72    80.99       1.74
      991953      -1000        145    83.82    89.09       1.73
     1090933      -1000        163    92.73    98.00       1.76
     1198735      -1000        177   102.54   107.81       1.73
     1320113      -1000        198   113.33   118.60       1.75
     1451170      -1000        218   125.19   130.46       1.74
     1597098      -1000        234   138.24   143.51       1.69
     1758063      -1000        265   152.60   157.87       1.74
     1933487      -1000        298   168.39   173.66       1.77
     2128633      -1000        323   185.76   191.03       1.74
     2342913      -1000        359   204.87   210.14       1.75
     2576817      -1000        389   225.89   231.16       1.72
     2834596      -1000        429   249.01   254.28       1.72
     3118166      -1000        470   274.44   279.71       1.71
     3374655      -1000        500   297.59   302.86       1.68
Time to solution 0.59518s, assuming true minimum is -1000
