N=8
Mode: 1
Seed: 98
Search strategy: 0
Initialising random weight matrix with 502 working nodes
502 working nodes out of 512
States are 0,1
Weight-choosing mode: 5
Min time to run: 1000s
Max time to run: 10000s
Groundtruth: -982
           1       -922          1     0.00
           2       -944          1     0.00
           6       -946          1     0.00
           8       -950          1     0.00
          12       -958          1     0.00
          17       -966          1     0.00
         112       -968          1     0.02
         209       -974          1     0.04
        2435       -978          1     0.54
       24760       -978          5     5.54
       34710       -980          1     7.76
       57043       -980          2    12.76
       79392       -980          3    17.76
      101731       -980          3    22.76
      124055       -980          3    27.76
      146443       -980          3    32.77
      168784       -980          3    37.77
      191113       -980          3    42.77
      213416       -980          3    47.77
      235771       -980          4    52.77
      259406       -980          5    58.05
      285399       -980          5    63.86
      314001       -980          6    70.25
      345459       -980          7    77.28
      379920       -980          7    85.01
      417945       -980          7    93.52
      459680       -980          8   102.88
      505708       -980          8   113.17
      556278       -980          9   124.49
      611895       -980          9   136.94
      673213       -980         11   150.64
      740573       -980         11   165.71
      814671       -980         11   182.29
      896162       -980         11   200.52
      985784       -980         12   220.58
     1084230       -980         13   242.64
     1192452       -980         14   266.91
     1311599       -980         14   293.61
     1442767       -980         18   322.98
     1587124       -980         20   355.28
     1745918       -980         21   390.81
     1920676       -980         22   429.90
     2112843       -980         28   472.89
     2295323       -982          1   513.72
     2524818       -982          1   565.10
     2777298       -982          1   621.62
     3053338       -982          2   683.79
     3356854       -982          2   752.17
     3692392       -982          2   827.39
     4061366       -982          2   910.13
     4467203       -982          4  1001.15
     4913377       -982          4  1101.27
     5405321       -982          5  1211.40
     5946509       -982          5  1332.55
     6541721       -982          8  1465.81
     7196098       -982          8  1612.40
     7916342       -982          8  1773.65
     8707619       -982          9  1951.02
     9575588       -982          9  2146.13
    10056076       -982         10  2253.64
Time to solution 225.364s, assuming true minimum is -982
