N=8
Mode: 1
Seed: 987
Search strategy: 0
Initialising random weight matrix with 502 working nodes
502 working nodes out of 512
States are 0,1
Weight-choosing mode: 5
Min time to run: 0.5s
Max time to run: 1e+10s
Solutions are independent
           1       -868          0     0.00     0.00       -nan
           2       -876          0     0.00     0.00       -nan
           4       -878          0     0.00     0.00       -nan
           8       -880          0     0.00     0.00       -nan
          87       -882          0     0.00     0.01       -nan
         110       -884          0     0.00     0.01       -nan
         346       -888          0     0.00     0.03       -nan
        8395       -890          0     0.00     0.74       -nan
       65482       -890         13     5.00     5.74        2.6
      123631       -890         37    10.00    10.74        3.7
      179794       -890         53    15.00    15.74       3.53
      237075       -890         75    20.01    20.75       3.75
      293708       -890         92    25.01    25.75       3.68
      351078       -890        105    30.01    30.75        3.5
      407838       -890        126    35.01    35.75        3.6
      466456       -890        149    40.01    40.75       3.72
      523056       -890        172    45.01    45.75       3.82
      580265       -890        190    50.01    50.75        3.8
      638279       -890        211    55.09    55.83       3.83
      702813       -890        233    60.68    61.42       3.84
      773736       -890        256    66.83    67.57       3.83
      851550       -890        282    73.59    74.33       3.83
      934369       -890        311    81.03    81.77       3.84
     1026867       -890        339    89.21    89.95        3.8
     1129306       -890        367    98.21    98.95       3.74
     1242810       -890        402   108.11   108.85       3.72
     1367966       -890        443   119.00   119.74       3.72
     1503080       -890        481   130.98   131.72       3.67
     1568949       -890        500   136.94   137.68       3.65
Time to solution 0.27388s, assuming true minimum is -890
