N=8
Mode: 1
Seed: 989
Search strategy: 0
Initialising random weight matrix with 502 working nodes
502 working nodes out of 512
States are 0,1
Weight-choosing mode: 5
Min time to run: 0.5s
Max time to run: 1e+10s
Solutions are independent
           1       -922          0     0.00     0.00       -nan
           2       -942          0     0.00     0.00       -nan
         106       -946          0     0.00     0.01       -nan
         414       -948          0     0.00     0.04       -nan
        2575       -950          0     0.00     0.25       -nan
       31781       -952          0     0.00     2.97       -nan
       85897       -952          6     5.01     7.98        1.2
      139380       -952         12    10.01    12.98        1.2
      191243       -952         15    15.01    17.98      0.999
      245028       -952         23    20.01    22.98       1.15
      299842       -952         29    25.01    27.98       1.16
      349635       -952         33    30.02    32.99        1.1
      403593       -952         45    35.02    37.99       1.28
      456908       -952         52    40.02    42.99        1.3
      509420       -952         57    45.02    47.99       1.27
      560981       -952         64    50.02    52.99       1.28
      617042       -952         72    55.32    58.29        1.3
      678628       -952         78    61.15    64.12       1.28
      746923       -952         89    67.57    70.54       1.32
      821509       -952         95    74.63    77.60       1.27
      906007       -952        107    82.39    85.36        1.3
      994447       -952        119    90.93    93.90       1.31
     1094245       -952        129   100.33   103.30       1.29
     1204937       -952        143   110.67   113.64       1.29
     1325893       -952        161   122.04   125.01       1.32
     1458388       -952        174   134.55   137.52       1.29
     1605123       -952        197   148.31   151.28       1.33
     1763708       -952        216   163.44   166.41       1.32
     1939620       -952        236   180.09   183.06       1.31
     2133131       -952        261   198.40   201.37       1.32
     2348367       -952        291   218.54   221.51       1.33
     2582781       -952        318   240.70   243.67       1.32
     2838752       -952        346   265.07   268.04       1.31
     3123714       -952        373   291.88   294.85       1.28
     3437665       -952        405   321.37   324.34       1.26
     3781748       -952        444   353.81   356.78       1.25
     4157347       -952        487   389.49   392.46       1.25
     4244125       -952        500   397.80   400.77       1.26
Time to solution 0.7956s, assuming true minimum is -952
