N=8
Mode: 1
Seed: 99
Search strategy: 0
Initialising random weight matrix with 502 working nodes
502 working nodes out of 512
States are 0,1
Weight-choosing mode: 5
Min time to run: 1000s
Max time to run: 10000s
Groundtruth: -1010
           1       -962          1     0.00
           5       -984          1     0.00
          11       -986          1     0.00
          76       -988          1     0.01
         125       -994          1     0.02
         142       -996          1     0.03
         181       -998          1     0.04
        1292      -1000          1     0.28
        2404      -1002          1     0.52
        8033      -1004          1     1.76
       18258      -1006          1     4.01
       41021      -1006          1     9.01
       63776      -1006          1    14.01
       86538      -1006          2    19.01
      109401      -1006          6    24.01
      132170      -1006          6    29.01
      154959      -1006          7    34.02
      162981      -1008          1    35.78
      185698      -1008          1    40.78
      208534      -1008          1    45.78
      231230      -1008          1    50.78
      254233      -1008          1    55.86
      279703      -1008          1    61.45
      307690      -1008          1    67.60
      338510      -1008          1    74.36
      372418      -1008          1    81.80
      409666      -1008          2    89.98
      450684      -1008          4    98.98
      495698      -1008          4   108.88
      545333      -1008          4   119.77
      599917      -1008          5   131.75
      659957      -1008          5   144.93
      726094      -1008          5   159.43
      798764      -1008          7   175.38
      878641      -1008          7   192.92
      966434      -1008          7   212.22
     1063205      -1008          8   233.45
     1169536      -1008          9   256.80
     1286208      -1008         10   282.48
     1414902      -1008         11   310.73
     1556521      -1008         14   341.81
     1712353      -1008         16   376.00
     1883386      -1008         16   413.60
     2071050      -1008         17   454.97
     2278321      -1008         17   500.47
     2506280      -1008         17   550.52
     2756274      -1008         18   605.58
     3031373      -1008         19   666.14
     3334566      -1008         19   732.76
     3668171      -1008         22   806.04
     4033885      -1008         25   886.65
     4435794      -1008         30   975.32
     4879440      -1008         32  1072.86
     5365709      -1008         38  1180.15
     5899036      -1008         41  1298.17
     6487995      -1008         43  1427.99
     7137290      -1008         48  1570.79
     7845723      -1008         50  1727.87
     8626598      -1008         56  1900.66
     9485121      -1008         61  2090.73
     9752600      -1010          1  2149.73
    10730730      -1010          2  2364.71
    11806126      -1010          2  2601.19
    12986801      -1010          3  2861.31
    14289485      -1010          3  3147.45
    15719781      -1010          4  3462.20
    17292601      -1010          4  3808.42
    19023874      -1010          4  4189.27
    20930959      -1010          5  4608.20
    23027551      -1010          6  5069.02
    25345188      -1010          7  5575.93
    27974119      -1010          7  6133.53
    30845574      -1010          7  6746.89
    34058824      -1010          7  7421.58
    37587650      -1010          7  8163.74
    41445511      -1010          8  8980.12
    44459758      -1010         10  9613.23
Time to solution 961.323s, assuming true minimum is -1010
