N=8
Mode: 1
Seed: 992
Search strategy: 0
Initialising random weight matrix with 502 working nodes
502 working nodes out of 512
States are 0,1
Weight-choosing mode: 5
Min time to run: 0.5s
Max time to run: 1e+10s
Solutions are independent
           1      -1006          0     0.00     0.00       -nan
          47      -1008          0     0.00     0.01       -nan
         190      -1010          0     0.00     0.02       -nan
         739      -1014          0     0.00     0.07       -nan
         828      -1016          0     0.00     0.08       -nan
       53900      -1016         13     5.00     5.08        2.6
       68997      -1018          0     0.00     6.49       -nan
      122779      -1018          0     5.00    11.49          0
      175435      -1018          4    10.01    16.50        0.4
      228325      -1018          6    15.01    21.50        0.4
      281858      -1018          8    20.01    26.50        0.4
      339391      -1018         10    25.01    31.50        0.4
      392562      -1018         11    30.01    36.50      0.367
      449237      -1018         12    35.01    41.50      0.343
      504630      -1018         16    40.01    46.50        0.4
      557670      -1018         18    45.01    51.50        0.4
      615124      -1018         21    50.17    56.66      0.419
      675587      -1018         23    55.84    62.33      0.412
      741716      -1018         26    62.08    68.57      0.419
      816245      -1018         31    68.94    75.43       0.45
      901718      -1018         32    76.49    82.98      0.418
      991301      -1018         35    84.79    91.28      0.413
     1090870      -1018         37    93.92   100.41      0.394
     1197647      -1018         40   103.97   110.46      0.385
     1318291      -1018         43   115.02   121.51      0.374
     1448060      -1018         45   127.18   133.67      0.354
     1591320      -1018         46   140.55   147.04      0.327
     1746710      -1018         49   155.26   161.75      0.316
     1923303      -1018         53   171.44   177.93      0.309
     2116509      -1018         58   189.24   195.73      0.306
     2329660      -1018         63   208.82   215.31      0.302
     2559461      -1018         72   230.36   236.85      0.313
     2813284      -1018         76   254.05   260.54      0.299
     3091105      -1018         85   280.11   286.60      0.303
     3402453      -1018         93   308.78   315.27      0.301
     3747287      -1018        102   340.31   346.80        0.3
     4124942      -1018        112   374.99   381.48      0.299
     4534500      -1018        126   413.14   419.63      0.305
     4991436      -1018        141   455.11   461.60       0.31
     5516952      -1018        154   501.28   507.77      0.307
     6109779      -1018        170   552.06   558.55      0.308
     6756484      -1018        186   607.92   614.41      0.306
     7459525      -1018        203   669.37   675.86      0.303
     8250954      -1018        221   736.96   743.45        0.3
     9128839      -1018        243   811.31   817.80        0.3
    10106871      -1018        271   893.09   899.58      0.303
    11174522      -1018        295   983.05   989.54        0.3
    12359875      -1018        321  1082.01  1088.50      0.297
    13691060      -1018        355  1190.87  1197.36      0.298
    15162986      -1018        400  1310.61  1317.10      0.305
    16780235      -1018        465  1442.32  1448.81      0.322
    18052403      -1018        500  1547.33  1553.82      0.323
Time to solution 3.09466s, assuming true minimum is -1018
