N=8
Mode: 1
Seed: 998
Search strategy: 0
Initialising random weight matrix with 502 working nodes
502 working nodes out of 512
States are 0,1
Weight-choosing mode: 5
Min time to run: 0.5s
Max time to run: 1e+10s
Solutions are independent
           1       -900          0     0.00     0.00       -nan
           5       -910          0     0.00     0.00       -nan
           6       -912          0     0.00     0.00       -nan
           7       -916          0     0.00     0.00       -nan
           8       -920          0     0.00     0.00       -nan
          27       -924          0     0.00     0.00       -nan
         288       -926          0     0.00     0.03       -nan
         415       -928          0     0.00     0.04       -nan
         584       -930          0     0.00     0.06       -nan
        2161       -932          0     0.00     0.21       -nan
        4193       -934          0     0.00     0.42       -nan
       55639       -934         18     5.00     5.42        3.6
      106414       -934         32    10.00    10.42        3.2
      156605       -934         49    15.00    15.42       3.27
      207931       -934         63    20.00    20.42       3.15
      257281       -934         73    25.00    25.42       2.92
      308092       -934         82    30.00    30.42       2.73
      359533       -934        104    35.00    35.42       2.97
      410726       -934        116    40.00    40.42        2.9
      460269       -934        132    45.00    45.42       2.93
      511347       -934        151    50.00    50.42       3.02
      561694       -934        166    55.05    55.47       3.02
      617553       -934        176    60.60    61.02        2.9
      679554       -934        187    66.71    67.13        2.8
      749618       -934        211    73.43    73.85       2.87
      827906       -934        236    80.82    81.24       2.92
      911932       -934        265    88.95    89.37       2.98
     1005330       -934        289    97.89    98.31       2.95
     1105438       -934        309   107.73   108.15       2.87
     1217068       -934        338   118.55   118.97       2.85
     1342012       -934        373   130.45   130.87       2.86
     1474752       -934        410   143.54   143.96       2.86
     1621286       -934        441   157.94   158.36       2.79
     1782321       -934        474   173.78   174.20       2.73
     1876688       -934        500   183.08   183.50       2.73
Time to solution 0.36616s, assuming true minimum is -934
