N=8
Mode: 1
Seed: 407
Search strategy: 1
Initialising random weight matrix with 439 working nodes
439 working nodes out of 512
States are 0,1
Weight-choosing mode: 5
Min time to run: 0.5s
Max time to run: 1e+10s
Groundtruth: 1000000000
           1       -810          1     0.00
           3       -812          1     0.00
           7       -818          1     0.00
         976       -820          1     0.37
       14225       -820         25     5.37
       27470       -820         45    10.38
       40796       -820         58    15.38
       54100       -820         75    20.39
       67381       -820         87    25.39
       80669       -820        113    30.39
       93987       -820        135    35.39
      107260       -820        157    40.39
      120545       -820        176    45.39
      133770       -820        201    50.39
      147182       -820        217    55.43
      161780       -820        239    60.98
      177986       -820        257    67.08
      195759       -820        282    73.79
      215337       -820        304    81.17
      236923       -820        339    89.29
      260621       -820        373    98.22
      286702       -820        417   108.05
      315429       -820        446   118.86
      346953       -820        492   130.75
      353786       -820        500   133.32
Time to solution 0.26664s, assuming true minimum is -820
