N=8
Mode: 1
Seed: 1
Search strategy: 0
Initialising random weight matrix with 439 working nodes
439 working nodes out of 512
States are 0,1
Weight-choosing mode: 5
Min time to run: 0.5s
Max time to run: 1e+10s
Solutions are independent
           1       -862          0     0.00     0.00       -nan
           3       -868          0     0.00     0.00       -nan
          37       -876          0     0.00     0.00       -nan
         463       -880          0     0.00     0.04       -nan
        3968       -882          0     0.00     0.32       -nan
       62594       -882         25     5.00     5.32          5
      121270       -882         47    10.00    10.32        4.7
      178943       -882         77    15.00    15.32       5.13
      236216       -882        105    20.01    20.33       5.25
      293493       -882        132    25.01    25.33       5.28
      351371       -882        168    30.01    30.33        5.6
      409426       -882        200    35.01    35.33       5.71
      467031       -882        224    40.01    40.33        5.6
      523313       -882        253    45.01    45.33       5.62
      580320       -882        276    50.01    50.33       5.52
      638857       -882        303    55.05    55.37        5.5
      703429       -882        334    60.59    60.91       5.51
      774554       -882        370    66.69    67.01       5.55
      850359       -882        406    73.40    73.72       5.53
      935833       -882        442    80.78    81.10       5.47
     1029646       -882        498    88.90    89.22        5.6
     1031900       -882        500    89.08    89.40       5.61
Time to solution 0.17816s, assuming true minimum is -882
