N=8
Mode: 1
Seed: 101
Search strategy: 0
Initialising random weight matrix with 439 working nodes
439 working nodes out of 512
States are 0,1
Weight-choosing mode: 5
Min time to run: 0.5s
Max time to run: 1e+10s
Solutions are independent
           1       -770          0     0.00     0.00       -nan
           2       -774          0     0.00     0.00       -nan
           7       -780          0     0.00     0.00       -nan
          81       -782          0     0.00     0.01       -nan
         289       -784          0     0.00     0.03       -nan
         405       -786          0     0.00     0.04       -nan
        2619       -788          0     0.00     0.24       -nan
       12534       -790          0     0.00     1.05       -nan
       71380       -790         30     5.00     6.05          6
      129766       -790         58    10.00    11.05        5.8
      188599       -790         80    15.00    16.05       5.33
      248159       -790         97    20.00    21.05       4.85
      306081       -790        129    25.00    26.05       5.16
      366041       -790        149    30.00    31.05       4.97
      425085       -790        179    35.00    36.05       5.11
      484315       -790        206    40.00    41.05       5.15
      544933       -790        240    45.00    46.05       5.33
      604598       -790        266    50.00    51.05       5.32
      665354       -790        288    55.11    56.16       5.23
      733203       -790        323    60.73    61.78       5.32
      805035       -790        350    66.91    67.96       5.23
      886427       -790        391    73.71    74.76        5.3
      976311       -790        436    81.19    82.24       5.37
     1073288       -790        478    89.42    90.47       5.35
     1119548       -790        500    93.28    94.33       5.36
Time to solution 0.18656s, assuming true minimum is -790
