N=8
Mode: 1
Seed: 130
Search strategy: 0
Initialising random weight matrix with 439 working nodes
439 working nodes out of 512
States are 0,1
Weight-choosing mode: 5
Min time to run: 0.5s
Max time to run: 1e+10s
Solutions are independent
           1       -834          0     0.00     0.00       -nan
           2       -846          0     0.00     0.00       -nan
          18       -850          0     0.00     0.00       -nan
          52       -856          0     0.00     0.01       -nan
         783       -858          0     0.00     0.08       -nan
        2416       -860          0     0.00     0.23       -nan
       57242       -860         23     5.00     5.23        4.6
      112471       -860         52    10.00    10.23        5.2
      167385       -860         84    15.00    15.23        5.6
      221246       -860        112    20.00    20.23        5.6
      275881       -860        141    25.00    25.23       5.64
      330136       -860        167    30.00    30.23       5.57
      383341       -860        191    35.01    35.24       5.46
      437324       -860        217    40.01    40.24       5.42
      491732       -860        247    45.01    45.24       5.49
      546123       -860        268    50.01    50.24       5.36
      602686       -860        294    55.04    55.27       5.34
      661242       -860        319    60.57    60.80       5.27
      728517       -860        350    66.65    66.88       5.25
      799945       -860        379    73.34    73.57       5.17
      881795       -860        416    80.70    80.93       5.15
      969294       -860        461    88.80    89.03       5.19
     1064406       -860        500    97.47    97.70       5.13
Time to solution 0.19494s, assuming true minimum is -860
