N=8
Mode: 1
Seed: 132
Search strategy: 0
Initialising random weight matrix with 439 working nodes
439 working nodes out of 512
States are 0,1
Weight-choosing mode: 5
Min time to run: 0.5s
Max time to run: 1e+10s
Solutions are independent
           1       -634          0     0.00     0.00       -nan
           2       -672          0     0.00     0.00       -nan
           3       -678          0     0.00     0.00       -nan
           7       -682          0     0.00     0.00       -nan
         160       -684          0     0.00     0.01       -nan
         869       -688          0     0.00     0.09       -nan
         982       -690          0     0.00     0.10       -nan
       59987       -690         32     5.00     5.10        6.4
      118008       -690         65    10.00    10.10        6.5
      176020       -690         99    15.00    15.10        6.6
      233736       -690        133    20.00    20.10       6.65
      292780       -690        162    25.00    25.10       6.48
      352406       -690        194    30.00    30.10       6.47
      410071       -690        216    35.00    35.10       6.17
      469956       -690        250    40.00    40.10       6.25
      528449       -690        291    45.00    45.10       6.47
      586667       -690        330    50.00    50.10        6.6
      645005       -690        364    55.02    55.12       6.62
      708979       -690        405    60.54    60.64       6.69
      780759       -690        438    66.61    66.71       6.58
      859150       -690        480    73.29    73.39       6.55
      889530       -690        500    75.90    76.00       6.59
Time to solution 0.1518s, assuming true minimum is -690
