N=8
Mode: 1
Seed: 141
Search strategy: 0
Initialising random weight matrix with 439 working nodes
439 working nodes out of 512
States are 0,1
Weight-choosing mode: 5
Min time to run: 0.5s
Max time to run: 1e+10s
Solutions are independent
           1       -842          0     0.00     0.00       -nan
           2       -864          0     0.00     0.00       -nan
          10       -870          0     0.00     0.00       -nan
          13       -876          0     0.00     0.00       -nan
          82       -884          0     0.00     0.01       -nan
         815       -886          0     0.00     0.08       -nan
        4836       -888          0     0.00     0.46       -nan
       59304       -888         26     5.00     5.46        5.2
      112887       -888         56    10.00    10.46        5.6
      167378       -888         93    15.00    15.46        6.2
      220810       -888        130    20.00    20.46        6.5
      274589       -888        161    25.00    25.46       6.44
      329965       -888        194    30.00    30.46       6.47
      384767       -888        230    35.00    35.46       6.57
      438508       -888        257    40.00    40.46       6.42
      492299       -888        290    45.00    45.46       6.44
      546405       -888        330    50.00    50.46        6.6
      601484       -888        360    55.05    55.51       6.54
      662119       -888        400    60.61    61.07        6.6
      727704       -888        438    66.72    67.18       6.56
      799680       -888        480    73.44    73.90       6.54
      830598       -888        500    76.22    76.68       6.56
Time to solution 0.15244s, assuming true minimum is -888
