N=8
Mode: 1
Seed: 149
Search strategy: 0
Initialising random weight matrix with 439 working nodes
439 working nodes out of 512
States are 0,1
Weight-choosing mode: 5
Min time to run: 0.5s
Max time to run: 1e+10s
Solutions are independent
           1       -760          0     0.00     0.00       -nan
          10       -768          0     0.00     0.00       -nan
          43       -770          0     0.00     0.00       -nan
         116       -772          0     0.00     0.01       -nan
         479       -774          0     0.00     0.05       -nan
       25083       -776          0     0.00     2.23       -nan
       83020       -776         18     5.00     7.23        3.6
      140750       -776         38    10.00    12.23        3.8
      198653       -776         56    15.00    17.23       3.73
      255332       -776         68    20.00    22.23        3.4
      311888       -776         81    25.00    27.23       3.24
      369608       -776         95    30.01    32.24       3.17
      426534       -776        110    35.01    37.24       3.14
      483298       -776        131    40.01    42.24       3.27
      540585       -776        142    45.01    47.24       3.15
      597771       -776        164    50.01    52.24       3.28
      658434       -776        187    55.24    57.47       3.39
      724362       -776        202    60.99    63.22       3.31
      796847       -776        223    67.32    69.55       3.31
      877569       -776        245    74.28    76.51        3.3
      964983       -776        273    81.94    84.17       3.33
     1061372       -776        300    90.36    92.59       3.32
     1167431       -776        330    99.62   101.85       3.31
     1284004       -776        369   109.81   112.04       3.36
     1412934       -776        412   121.02   123.25        3.4
     1552681       -776        450   133.35   135.58       3.37
     1710192       -776        495   146.91   149.14       3.37
     1730283       -776        500   148.73   150.96       3.36
Time to solution 0.29746s, assuming true minimum is -776
