N=8
Mode: 1
Seed: 17
Search strategy: 0
Initialising random weight matrix with 439 working nodes
439 working nodes out of 512
States are 0,1
Weight-choosing mode: 5
Min time to run: 0.5s
Max time to run: 1e+10s
Solutions are independent
           1       -764          0     0.00     0.00       -nan
          30       -772          0     0.00     0.00       -nan
         131       -774          0     0.00     0.01       -nan
        5090       -776          0     0.00     0.48       -nan
       59407       -776         29     5.00     5.48        5.8
      113502       -776         51    10.00    10.48        5.1
      168584       -776         83    15.00    15.48       5.53
      223464       -776        112    20.00    20.48        5.6
      277571       -776        144    25.00    25.48       5.76
      332269       -776        174    30.00    30.48        5.8
      387444       -776        203    35.01    35.49        5.8
      440959       -776        221    40.01    40.49       5.52
      495560       -776        254    45.01    45.49       5.64
      549528       -776        282    50.01    50.49       5.64
      605903       -776        315    55.06    55.54       5.72
      666041       -776        343    60.62    61.10       5.66
      733944       -776        383    66.74    67.22       5.74
      807258       -776        425    73.47    73.95       5.78
      887515       -776        471    80.87    81.35       5.82
      944143       -776        500    85.96    86.44       5.82
Time to solution 0.17192s, assuming true minimum is -776
