N=8
Mode: 1
Seed: 170
Search strategy: 0
Initialising random weight matrix with 439 working nodes
439 working nodes out of 512
States are 0,1
Weight-choosing mode: 5
Min time to run: 0.5s
Max time to run: 1e+10s
Solutions are independent
           1       -784          0     0.00     0.00       -nan
           2       -786          0     0.00     0.00       -nan
           3       -800          0     0.00     0.00       -nan
          31       -802          0     0.00     0.00       -nan
          48       -804          0     0.00     0.01       -nan
          64       -806          0     0.00     0.01       -nan
        1246       -808          0     0.00     0.11       -nan
        2973       -810          0     0.00     0.26       -nan
       11908       -812          0     0.00     1.03       -nan
       70090       -812         23     5.00     6.03        4.6
      130852       -812         46    10.01    11.04        4.6
      189139       -812         71    15.01    16.04       4.73
      247190       -812         98    20.01    21.04        4.9
      305497       -812        124    25.01    26.04       4.96
      364607       -812        165    30.01    31.04        5.5
      423329       -812        202    35.01    36.04       5.77
      481578       -812        234    40.01    41.04       5.85
      540853       -812        262    45.01    46.04       5.82
      598160       -812        302    50.01    51.04       6.04
      658722       -812        324    55.12    56.15       5.88
      725036       -812        356    60.74    61.77       5.86
      798333       -812        399    66.92    67.95       5.96
      878899       -812        434    73.72    74.75       5.89
      966256       -812        466    81.20    82.23       5.74
     1041587       -812        500    87.60    88.63       5.71
Time to solution 0.1752s, assuming true minimum is -812
