N=8
Mode: 1
Seed: 182
Search strategy: 0
Initialising random weight matrix with 439 working nodes
439 working nodes out of 512
States are 0,1
Weight-choosing mode: 5
Min time to run: 0.5s
Max time to run: 1e+10s
Solutions are independent
           1       -772          0     0.00     0.00       -nan
           2       -776          0     0.00     0.00       -nan
           4       -778          0     0.00     0.00       -nan
           6       -782          0     0.00     0.00       -nan
           7       -792          0     0.00     0.00       -nan
          28       -794          0     0.00     0.00       -nan
          98       -796          0     0.00     0.01       -nan
         174       -798          0     0.00     0.02       -nan
        2030       -800          0     0.00     0.21       -nan
       15223       -802          0     0.00     1.47       -nan
       67032       -802         28     5.00     6.47        5.6
      118578       -802         64    10.00    11.47        6.4
      169859       -802         85    15.00    16.47       5.67
      223193       -802        110    20.00    21.47        5.5
      273721       -802        141    25.00    26.47       5.64
      324841       -802        166    30.00    31.47       5.53
      376703       -802        194    35.00    36.47       5.54
      427637       -802        217    40.00    41.47       5.42
      479398       -802        244    45.00    46.47       5.42
      530605       -802        271    50.00    51.47       5.42
      584516       -802        298    55.15    56.62        5.4
      643553       -802        330    60.82    62.29       5.43
      706292       -802        360    67.05    68.52       5.37
      778475       -802        401    73.91    75.38       5.43
      855443       -802        445    81.45    82.92       5.46
      940671       -802        486    89.75    91.22       5.42
      959692       -802        500    91.66    93.13       5.45
Time to solution 0.18332s, assuming true minimum is -802
