N=8
Mode: 1
Seed: 187
Search strategy: 0
Initialising random weight matrix with 439 working nodes
439 working nodes out of 512
States are 0,1
Weight-choosing mode: 5
Min time to run: 0.5s
Max time to run: 1e+10s
Solutions are independent
           1       -760          0     0.00     0.00       -nan
           2       -766          0     0.00     0.00       -nan
           6       -768          0     0.00     0.00       -nan
           7       -774          0     0.00     0.00       -nan
          31       -776          0     0.00     0.00       -nan
          65       -778          0     0.00     0.01       -nan
         234       -780          0     0.00     0.02       -nan
         421       -782          0     0.00     0.04       -nan
         688       -784          0     0.00     0.07       -nan
        1266       -786          0     0.00     0.13       -nan
       10343       -788          0     0.00     0.98       -nan
       65673       -788          9     5.00     5.98        1.8
      121606       -788         21    10.00    10.98        2.1
      178678       -788         30    15.00    15.98          2
      232811       -788         37    20.00    20.98       1.85
      287651       -788         46    25.00    25.98       1.84
      343788       -788         61    30.00    30.98       2.03
      399452       -788         72    35.01    35.99       2.06
      453574       -788         82    40.01    40.99       2.05
      508824       -788         90    45.01    45.99          2
      563741       -788        101    50.01    50.99       2.02
      619757       -788        106    55.11    56.09       1.92
      682463       -788        115    60.72    61.70       1.89
      750519       -788        127    66.89    67.87        1.9
      826268       -788        149    73.68    74.66       2.02
      908072       -788        162    81.15    82.13          2
      999472       -788        186    89.37    90.35       2.08
     1101877       -788        209    98.41    99.39       2.12
     1211134       -788        229   108.35   109.33       2.11
     1332820       -788        248   119.29   120.27       2.08
     1466561       -788        274   131.32   132.30       2.09
     1614735       -788        299   144.56   145.54       2.07
     1778726       -788        328   159.12   160.10       2.06
     1957619       -788        359   175.13   176.11       2.05
     2152184       -788        390   192.75   193.73       2.02
     2366854       -788        425   212.13   213.11          2
     2604471       -788        472   233.45   234.43       2.02
     2746314       -788        500   246.16   247.14       2.03
Time to solution 0.49232s, assuming true minimum is -788
