N=8
Mode: 1
Seed: 199
Search strategy: 0
Initialising random weight matrix with 439 working nodes
439 working nodes out of 512
States are 0,1
Weight-choosing mode: 5
Min time to run: 0.5s
Max time to run: 1e+10s
Solutions are independent
           1       -796          0     0.00     0.00       -nan
          43       -804          0     0.00     0.00       -nan
       14722       -806          0     0.00     1.38       -nan
       69923       -806         20     5.00     6.38          4
      123461       -806         35    10.00    11.38        3.5
      177627       -806         59    15.01    16.39       3.93
      230833       -806         75    20.01    21.39       3.75
      286910       -806         99    25.01    26.39       3.96
      342802       -806        117    30.01    31.39        3.9
      397684       -806        137    35.01    36.39       3.91
      451753       -806        165    40.01    41.39       4.12
      506639       -806        182    45.01    46.39       4.04
      561937       -806        201    50.01    51.39       4.02
      617592       -806        211    55.15    56.53       3.83
      679962       -806        236    60.81    62.19       3.88
      748329       -806        266    67.03    68.41       3.97
      822712       -806        292    73.88    75.26       3.95
      903199       -806        320    81.41    82.79       3.93
      995197       -806        365    89.69    91.07       4.07
     1094444       -806        397    98.80   100.18       4.02
     1202747       -806        439   108.82   110.20       4.03
     1324094       -806        484   119.85   121.23       4.04
     1363421       -806        500   123.44   124.82       4.05
Time to solution 0.24688s, assuming true minimum is -806
