N=8
Mode: 1
Seed: 205
Search strategy: 0
Initialising random weight matrix with 439 working nodes
439 working nodes out of 512
States are 0,1
Weight-choosing mode: 5
Min time to run: 0.5s
Max time to run: 1e+10s
Solutions are independent
           1       -802          0     0.00     0.00       -nan
           2       -816          0     0.00     0.00       -nan
           7       -820          0     0.00     0.00       -nan
          12       -828          0     0.00     0.00       -nan
          70       -830          0     0.00     0.01       -nan
         449       -832          0     0.00     0.05       -nan
        1352       -834          0     0.00     0.13       -nan
        8925       -836          0     0.00     0.81       -nan
       65925       -836         37     5.01     5.82       7.39
      122671       -836         70    10.01    10.82       6.99
      179240       -836        110    15.01    15.82       7.33
      235880       -836        154    20.01    20.82        7.7
      292339       -836        182    25.01    25.82       7.28
      349994       -836        212    30.01    30.82       7.06
      408380       -836        252    35.01    35.82        7.2
      466019       -836        286    40.01    40.82       7.15
      522671       -836        324    45.01    45.82        7.2
      578841       -836        371    50.01    50.82       7.42
      637326       -836        407    55.10    55.91       7.39
      700895       -836        448    60.70    61.51       7.38
      771399       -836        496    66.86    67.67       7.42
      773106       -836        500    67.00    67.81       7.46
Time to solution 0.134s, assuming true minimum is -836
