N=8
Mode: 1
Seed: 212
Search strategy: 0
Initialising random weight matrix with 439 working nodes
439 working nodes out of 512
States are 0,1
Weight-choosing mode: 5
Min time to run: 0.5s
Max time to run: 1e+10s
Solutions are independent
           1       -784          0     0.00     0.00       -nan
           3       -786          0     0.00     0.00       -nan
         104       -788          0     0.00     0.01       -nan
         186       -796          0     0.00     0.02       -nan
       60301       -796         30     5.00     5.02          6
      119708       -796         67    10.00    10.02        6.7
      178689       -796        105    15.00    15.02          7
      238093       -796        148    20.00    20.02        7.4
      296855       -796        185    25.00    25.02        7.4
      357075       -796        215    30.00    30.02       7.17
      414899       -796        244    35.00    35.02       6.97
      474760       -796        278    40.00    40.02       6.95
      535101       -796        311    45.00    45.02       6.91
      593962       -796        343    50.00    50.02       6.86
      650865       -796        377    55.01    55.03       6.85
      716124       -796        404    60.52    60.54       6.68
      785880       -796        446    66.58    66.60        6.7
      864035       -796        478    73.24    73.26       6.53
      920980       -796        500    78.01    78.03       6.41
Time to solution 0.15602s, assuming true minimum is -796
