N=8
Mode: 1
Seed: 215
Search strategy: 0
Initialising random weight matrix with 439 working nodes
439 working nodes out of 512
States are 0,1
Weight-choosing mode: 5
Min time to run: 0.5s
Max time to run: 1e+10s
Solutions are independent
           1       -780          0     0.00     0.00       -nan
          67       -782          0     0.00     0.01       -nan
         216       -786          0     0.00     0.02       -nan
        1910       -788          0     0.00     0.19       -nan
       15894       -790          0     0.00     1.43       -nan
       39057       -792          0     0.00     3.44       -nan
       97522       -792         14     5.00     8.44        2.8
      156701       -792         20    10.00    13.44          2
      214954       -792         31    15.00    18.44       2.07
      273361       -792         43    20.00    23.44       2.15
      333537       -792         58    25.00    28.44       2.32
      393728       -792         68    30.00    33.44       2.27
      452497       -792         76    35.00    38.44       2.17
      511196       -792         87    40.00    43.44       2.17
      571252       -792         98    45.00    48.44       2.18
      630626       -792        105    50.00    53.44        2.1
      693332       -792        111    55.35    58.79       2.01
      762090       -792        128    61.23    64.67       2.09
      839982       -792        142    67.70    71.14        2.1
      924465       -792        153    74.82    78.26       2.04
     1015807       -792        168    82.65    86.09       2.03
     1117389       -792        181    91.26    94.70       1.98
     1229035       -792        202   100.74   104.18       2.01
     1351900       -792        227   111.16   114.60       2.04
     1486703       -792        255   122.62   126.06       2.08
     1635264       -792        275   135.23   138.67       2.03
     1800209       -792        306   149.10   152.54       2.05
     1980115       -792        343   164.36   167.80       2.09
     2178284       -792        376   181.15   184.59       2.08
     2395570       -792        414   199.61   203.05       2.07
     2634875       -792        458   219.92   223.36       2.08
     2865084       -792        500   239.37   242.81       2.09
Time to solution 0.47874s, assuming true minimum is -792
