N=8
Mode: 1
Seed: 229
Search strategy: 0
Initialising random weight matrix with 439 working nodes
439 working nodes out of 512
States are 0,1
Weight-choosing mode: 5
Min time to run: 0.5s
Max time to run: 1e+10s
Solutions are independent
           1       -726          0     0.00     0.00       -nan
           4       -732          0     0.00     0.00       -nan
          30       -738          0     0.00     0.00       -nan
          86       -740          0     0.00     0.01       -nan
         280       -742          0     0.00     0.03       -nan
         392       -744          0     0.00     0.04       -nan
        1319       -746          0     0.00     0.12       -nan
        5011       -748          0     0.00     0.45       -nan
       62661       -748         29     5.00     5.45        5.8
      120217       -748         62    10.00    10.45        6.2
      176914       -748         88    15.00    15.45       5.87
      235990       -748        116    20.00    20.45        5.8
      294436       -748        143    25.00    25.45       5.72
      352650       -748        177    30.00    30.45        5.9
      409286       -748        206    35.00    35.45       5.89
      466934       -748        243    40.00    40.45       6.08
      524985       -748        268    45.00    45.45       5.96
      582180       -748        294    50.00    50.45       5.88
      640881       -748        319    55.05    55.50       5.79
      705967       -748        346    60.61    61.06       5.71
      777573       -748        370    66.72    67.17       5.55
      856810       -748        410    73.44    73.89       5.58
      943587       -748        452    80.83    81.28       5.59
     1035825       -748        494    88.96    89.41       5.55
     1049246       -748        500    90.14    90.59       5.55
Time to solution 0.18028s, assuming true minimum is -748
