N=8
Mode: 1
Seed: 231
Search strategy: 0
Initialising random weight matrix with 439 working nodes
439 working nodes out of 512
States are 0,1
Weight-choosing mode: 5
Min time to run: 0.5s
Max time to run: 1e+10s
Solutions are independent
           1       -854          0     0.00     0.00       -nan
           7       -858          0     0.00     0.00       -nan
          11       -860          0     0.00     0.00       -nan
          12       -864          0     0.00     0.00       -nan
          19       -866          0     0.00     0.00       -nan
          80       -870          0     0.00     0.01       -nan
        1187       -872          0     0.00     0.12       -nan
        6386       -874          0     0.00     0.60       -nan
       19755       -876          0     0.00     1.78       -nan
       78715       -876         11     5.00     6.78        2.2
      135839       -876         22    10.01    11.79        2.2
      194277       -876         30    15.01    16.79          2
      253953       -876         40    20.01    21.79          2
      313617       -876         53    25.01    26.79       2.12
      370870       -876         59    30.01    31.79       1.97
      428120       -876         69    35.01    36.79       1.97
      488237       -876         79    40.01    41.79       1.97
      546846       -876         94    45.01    46.79       2.09
      604952       -876        101    50.01    51.79       2.02
      666597       -876        108    55.19    56.97       1.96
      734302       -876        125    60.89    62.67       2.05
      808217       -876        138    67.16    68.94       2.05
      890645       -876        153    74.06    75.84       2.07
      979762       -876        171    81.65    83.43       2.09
     1079244       -876        190    90.00    91.78       2.11
     1186709       -876        216    99.18   100.96       2.18
     1304404       -876        234   109.28   111.06       2.14
     1436253       -876        259   120.39   122.17       2.15
     1576032       -876        278   132.61   134.39        2.1
     1735162       -876        312   146.05   147.83       2.14
     1909571       -876        340   160.84   162.62       2.11
     2099897       -876        364   177.11   178.89       2.06
     2310835       -876        404   195.00   196.78       2.07
     2544568       -876        447   214.68   216.46       2.08
     2800126       -876        499   236.33   238.11       2.11
     2817630       -876        500   237.81   239.59        2.1
Time to solution 0.47562s, assuming true minimum is -876
