N=8
Mode: 1
Seed: 237
Search strategy: 0
Initialising random weight matrix with 439 working nodes
439 working nodes out of 512
States are 0,1
Weight-choosing mode: 5
Min time to run: 0.5s
Max time to run: 1e+10s
Solutions are independent
           1       -768          0     0.00     0.00       -nan
           8       -770          0     0.00     0.00       -nan
          82       -772          0     0.00     0.01       -nan
         119       -774          0     0.00     0.02       -nan
         178       -776          0     0.00     0.02       -nan
         198       -778          0     0.00     0.02       -nan
         216       -782          0     0.00     0.02       -nan
        8621       -784          0     0.00     0.78       -nan
       63021       -784         18     5.00     5.78        3.6
      116796       -784         29    10.01    10.79        2.9
      171507       -784         45    15.01    15.79          3
      224862       -784         58    20.01    20.79        2.9
      276896       -784         64    25.01    25.79       2.56
      331250       -784         80    30.01    30.79       2.67
      385739       -784         97    35.01    35.79       2.77
      439019       -784        111    40.01    40.79       2.77
      492090       -784        125    45.01    45.79       2.78
      546884       -784        145    50.01    50.79        2.9
      601947       -784        157    55.09    55.87       2.85
      662203       -784        177    60.68    61.46       2.92
      728800       -784        189    66.83    67.61       2.83
      802501       -784        215    73.60    74.38       2.92
      882621       -784        240    81.04    81.82       2.96
      969794       -784        263    89.23    90.01       2.95
     1065533       -784        277    98.24    99.02       2.82
     1174030       -784        311   108.15   108.93       2.88
     1291283       -784        342   119.05   119.83       2.87
     1420211       -784        375   131.04   131.82       2.86
     1562152       -784        409   144.23   145.01       2.84
     1718067       -784        457   158.74   159.52       2.88
     1873367       -784        500   172.92   173.70       2.89
Time to solution 0.34584s, assuming true minimum is -784
