N=8
Mode: 1
Seed: 264
Search strategy: 0
Initialising random weight matrix with 439 working nodes
439 working nodes out of 512
States are 0,1
Weight-choosing mode: 5
Min time to run: 0.5s
Max time to run: 1e+10s
Solutions are independent
           1       -768          0     0.00     0.00       -nan
           5       -770          0     0.00     0.00       -nan
          19       -772          0     0.00     0.00       -nan
         127       -774          0     0.00     0.02       -nan
         808       -776          0     0.00     0.08       -nan
       55092       -776         37     5.00     5.08        7.4
      109884       -776         67    10.00    10.08        6.7
      162772       -776         92    15.00    15.08       6.13
      216644       -776        120    20.00    20.08          6
      270872       -776        151    25.00    25.08       6.04
      324487       -776        181    30.00    30.08       6.03
      377256       -776        205    35.00    35.08       5.86
      430534       -776        241    40.00    40.08       6.03
      484057       -776        271    45.00    45.08       6.02
      537710       -776        298    50.00    50.08       5.96
      590353       -776        326    55.01    55.09       5.93
      650001       -776        365    60.52    60.60       6.03
      713836       -776        398    66.59    66.67       5.98
      785359       -776        439    73.26    73.34       5.99
      864500       -776        480    80.60    80.68       5.96
      905458       -776        500    84.51    84.59       5.92
Time to solution 0.16902s, assuming true minimum is -776
