N=8
Mode: 1
Seed: 266
Search strategy: 0
Initialising random weight matrix with 439 working nodes
439 working nodes out of 512
States are 0,1
Weight-choosing mode: 5
Min time to run: 0.5s
Max time to run: 1e+10s
Solutions are independent
           1       -718          0     0.00     0.00       -nan
           8       -722          0     0.00     0.00       -nan
          10       -728          0     0.00     0.00       -nan
          25       -730          0     0.00     0.00       -nan
         149       -732          0     0.00     0.02       -nan
         208       -734          0     0.00     0.02       -nan
         214       -736          0     0.00     0.02       -nan
         571       -740          0     0.00     0.06       -nan
       54307       -740         10     5.00     5.06          2
      108920       -740         22    10.00    10.06        2.2
      163136       -740         30    15.00    15.06          2
      218473       -740         41    20.01    20.07       2.05
      271231       -740         50    25.01    25.07          2
      326266       -740         64    30.01    30.07       2.13
      379849       -740         75    35.01    35.07       2.14
      433023       -740         85    40.01    40.07       2.12
      486352       -740         98    45.01    45.07       2.18
      539488       -740        110    50.01    50.07        2.2
      593029       -740        118    55.02    55.08       2.14
      651983       -740        127    60.53    60.59        2.1
      717469       -740        144    66.59    66.65       2.16
      790896       -740        160    73.26    73.32       2.18
      871765       -740        181    80.60    80.66       2.25
      960731       -740        203    88.67    88.73       2.29
     1057155       -740        230    97.55    97.61       2.36
     1161049       -740        258   107.32   107.38        2.4
     1278626       -740        285   118.06   118.12       2.41
     1406060       -740        309   129.88   129.94       2.38
     1546710       -740        350   142.88   142.94       2.45
     1701577       -740        382   157.18   157.24       2.43
     1868944       -740        421   172.91   172.97       2.43
     2055971       -740        474   190.21   190.27       2.49
     2184345       -740        500   202.08   202.14       2.47
Time to solution 0.40416s, assuming true minimum is -740
