N=8
Mode: 1
Seed: 281
Search strategy: 0
Initialising random weight matrix with 439 working nodes
439 working nodes out of 512
States are 0,1
Weight-choosing mode: 5
Min time to run: 0.5s
Max time to run: 1e+10s
Solutions are independent
           1       -766          0     0.00     0.00       -nan
           4       -774          0     0.00     0.00       -nan
           6       -782          0     0.00     0.00       -nan
         179       -788          0     0.00     0.02       -nan
         663       -792          0     0.00     0.06       -nan
        6106       -794          0     0.00     0.49       -nan
       65902       -794         41     5.00     5.49        8.2
      124295       -794         73    10.00    10.49        7.3
      183091       -794        119    15.00    15.49       7.93
      243599       -794        162    20.01    20.50        8.1
      304786       -794        197    25.01    25.50       7.88
      363845       -794        226    30.01    30.50       7.53
      424343       -794        263    35.01    35.50       7.51
      483450       -794        288    40.01    40.50        7.2
      543333       -794        315    45.01    45.50          7
      603291       -794        363    50.01    50.50       7.26
      664580       -794        398    55.07    55.56       7.23
      732529       -794        446    60.63    61.12       7.36
      806420       -794        493    66.75    67.24       7.39
      811713       -794        500    67.17    67.66       7.44
Time to solution 0.13434s, assuming true minimum is -794
