N=8
Mode: 1
Seed: 283
Search strategy: 0
Initialising random weight matrix with 439 working nodes
439 working nodes out of 512
States are 0,1
Weight-choosing mode: 5
Min time to run: 0.5s
Max time to run: 1e+10s
Solutions are independent
           1       -700          0     0.00     0.00       -nan
           3       -704          0     0.00     0.00       -nan
           6       -712          0     0.00     0.00       -nan
          10       -718          0     0.00     0.00       -nan
          13       -722          0     0.00     0.00       -nan
         225       -724          0     0.00     0.02       -nan
         640       -726          0     0.00     0.07       -nan
         920       -728          0     0.00     0.09       -nan
        1236       -732          0     0.00     0.12       -nan
       59263       -732          1     5.00     5.12        0.2
      118708       -732          5    10.01    10.13        0.5
      175279       -732         10    15.01    15.13      0.666
      234006       -732         14    20.02    20.14      0.699
      290955       -732         15    25.02    25.14        0.6
      348992       -732         18    30.02    30.14        0.6
      407428       -732         22    35.02    35.14      0.628
      464970       -732         24    40.02    40.14        0.6
      524110       -732         28    45.02    45.14      0.622
      582849       -732         30    50.02    50.14        0.6
      641147       -732         33    55.04    55.16        0.6
      705112       -732         36    60.56    60.68      0.594
      776378       -732         42    66.63    66.75       0.63
      854352       -732         46    73.31    73.43      0.627
      940220       -732         49    80.66    80.78      0.607
     1036225       -732         55    88.74    88.86       0.62
     1141171       -732         62    97.63    97.75      0.635
     1255606       -732         68   107.41   107.53      0.633
     1381182       -732         79   118.17   118.29      0.669
     1519137       -732         86   130.00   130.12      0.662
     1672107       -732         97   143.02   143.14      0.678
     1841017       -732        111   157.34   157.46      0.705
     2027053       -732        122   173.09   173.21      0.705
     2232002       -732        137   190.42   190.54      0.719
     2458298       -732        154   209.48   209.60      0.735
     2704880       -732        168   230.44   230.56      0.729
     2973281       -732        182   253.50   253.62      0.718
     3266810       -732        200   278.87   278.99      0.717
     3594303       -732        220   306.77   306.89      0.717
     3954862       -732        234   337.46   337.58      0.693
     4352627       -732        250   371.22   371.34      0.673
     4790565       -732        272   408.36   408.48      0.666
     5264364       -732        289   449.21   449.33      0.643
     5792742       -732        317   494.15   494.27      0.642
     6364040       -732        341   543.58   543.70      0.627
     7000193       -732        383   597.95   598.07      0.641
     7704004       -732        417   657.76   657.88      0.634
     8479344       -732        457   723.55   723.67      0.632
     9329116       -732        499   795.92   796.04      0.627
     9348736       -732        500   797.52   797.64      0.627
Time to solution 1.59504s, assuming true minimum is -732
