N=8
Mode: 1
Seed: 288
Search strategy: 0
Initialising random weight matrix with 439 working nodes
439 working nodes out of 512
States are 0,1
Weight-choosing mode: 5
Min time to run: 0.5s
Max time to run: 1e+10s
Solutions are independent
           1       -778          0     0.00     0.00       -nan
           4       -780          0     0.00     0.00       -nan
           5       -792          0     0.00     0.00       -nan
          84       -794          0     0.00     0.01       -nan
         283       -796          0     0.00     0.03       -nan
        3435       -798          0     0.00     0.33       -nan
        4959       -800          0     0.00     0.46       -nan
       10220       -802          0     0.00     0.95       -nan
       67414       -802          4     5.00     5.95        0.8
      123746       -802         12    10.00    10.95        1.2
      179762       -802         22    15.00    15.95       1.47
      235647       -802         27    20.00    20.95       1.35
      293696       -802         39    25.00    25.95       1.56
      349604       -802         46    30.00    30.95       1.53
      405384       -802         49    35.00    35.95        1.4
      462435       -802         52    40.00    40.95        1.3
      518812       -802         63    45.00    45.95        1.4
      573091       -802         71    50.00    50.95       1.42
      632345       -802         77    55.10    56.05        1.4
      694700       -802         85    60.71    61.66        1.4
      763336       -802         96    66.88    67.83       1.44
      838719       -802        106    73.67    74.62       1.44
      919756       -802        112    81.14    82.09       1.38
     1010095       -802        122    89.35    90.30       1.37
     1109879       -802        133    98.38    99.33       1.35
     1219448       -802        149   108.32   109.27       1.38
     1341015       -802        162   119.25   120.20       1.36
     1474687       -802        183   131.28   132.23       1.39
     1623921       -802        208   144.51   145.46       1.44
     1788812       -802        227   159.06   160.01       1.43
     1967364       -802        253   175.07   176.02       1.45
     2163893       -802        279   192.68   193.63       1.45
     2376620       -802        311   212.05   213.00       1.47
     2615004       -802        347   233.35   234.30       1.49
     2878643       -802        402   256.78   257.73       1.57
     3168740       -802        456   282.56   283.51       1.61
     3463731       -802        500   309.05   310.00       1.62
Time to solution 0.6181s, assuming true minimum is -802
