N=8
Mode: 1
Seed: 293
Search strategy: 0
Initialising random weight matrix with 439 working nodes
439 working nodes out of 512
States are 0,1
Weight-choosing mode: 5
Min time to run: 0.5s
Max time to run: 1e+10s
Solutions are independent
           1       -682          0     0.00     0.00       -nan
           2       -724          0     0.00     0.00       -nan
          14       -734          0     0.00     0.00       -nan
          32       -736          0     0.00     0.01       -nan
          90       -740          0     0.00     0.01       -nan
         111       -742          0     0.00     0.02       -nan
         488       -744          0     0.00     0.05       -nan
        1842       -746          0     0.00     0.18       -nan
        5208       -748          0     0.00     0.48       -nan
       57892       -748         19     5.00     5.48        3.8
      110462       -748         37    10.00    10.48        3.7
      163625       -748         60    15.00    15.48          4
      216244       -748         83    20.00    20.48       4.15
      268256       -748        105    25.00    25.48        4.2
      319683       -748        121    30.00    30.48       4.03
      373078       -748        143    35.01    35.49       4.08
      425855       -748        175    40.01    40.49       4.37
      478807       -748        193    45.01    45.49       4.29
      532011       -748        216    50.01    50.49       4.32
      585383       -748        241    55.06    55.54       4.38
      643644       -748        263    60.62    61.10       4.34
      708633       -748        282    66.74    67.22       4.23
      778948       -748        308    73.47    73.95       4.19
      856112       -748        331    80.87    81.35       4.09
      941238       -748        360    89.01    89.49       4.04
     1034366       -748        398    97.96    98.44       4.06
     1136847       -748        435   107.81   108.29       4.03
     1252617       -748        484   118.64   119.12       4.08
     1291343       -748        500   122.25   122.73       4.09
Time to solution 0.2445s, assuming true minimum is -748
