N=8
Mode: 1
Seed: 303
Search strategy: 0
Initialising random weight matrix with 439 working nodes
439 working nodes out of 512
States are 0,1
Weight-choosing mode: 5
Min time to run: 0.5s
Max time to run: 1e+10s
Solutions are independent
           1       -794          0     0.00     0.00       -nan
           2       -800          0     0.00     0.00       -nan
          11       -804          0     0.00     0.00       -nan
          51       -806          0     0.00     0.01       -nan
          63       -808          0     0.00     0.01       -nan
          65       -810          0     0.00     0.01       -nan
          83       -812          0     0.00     0.01       -nan
         568       -814          0     0.00     0.06       -nan
        3425       -816          0     0.00     0.31       -nan
       62876       -816         48     5.00     5.31        9.6
      121105       -816         87    10.00    10.31        8.7
      179954       -816        124    15.00    15.31       8.27
      238926       -816        157    20.01    20.32       7.85
      298013       -816        190    25.01    25.32        7.6
      355659       -816        217    30.01    30.32       7.23
      415325       -816        253    35.01    35.32       7.23
      474212       -816        284    40.01    40.32        7.1
      533218       -816        314    45.01    45.32       6.98
      591566       -816        346    50.01    50.32       6.92
      649758       -816        386    55.05    55.36       7.01
      713820       -816        422    60.59    60.90       6.96
      785380       -816        471    66.69    67.00       7.06
      843764       -816        500    71.72    72.03       6.97
Time to solution 0.14344s, assuming true minimum is -816
