N=8
Mode: 1
Seed: 307
Search strategy: 0
Initialising random weight matrix with 439 working nodes
439 working nodes out of 512
States are 0,1
Weight-choosing mode: 5
Min time to run: 0.5s
Max time to run: 1e+10s
Solutions are independent
           1       -760          0     0.00     0.00       -nan
           2       -764          0     0.00     0.00       -nan
           3       -776          0     0.00     0.00       -nan
           4       -788          0     0.00     0.00       -nan
           5       -796          0     0.00     0.00       -nan
         276       -798          0     0.00     0.03       -nan
         350       -800          0     0.00     0.04       -nan
        2915       -802          0     0.00     0.27       -nan
       60216       -802         12     5.00     5.27        2.4
      117722       -802         25    10.00    10.27        2.5
      173659       -802         47    15.00    15.27       3.13
      229904       -802         59    20.00    20.27       2.95
      283736       -802         65    25.00    25.27        2.6
      339595       -802         80    30.00    30.27       2.67
      395240       -802         98    35.00    35.27        2.8
      451274       -802        111    40.00    40.27       2.77
      507944       -802        123    45.00    45.27       2.73
      564473       -802        133    50.00    50.27       2.66
      620905       -802        146    55.03    55.30       2.65
      683086       -802        159    60.56    60.83       2.63
      751216       -802        173    66.65    66.92        2.6
      826873       -802        197    73.35    73.62       2.69
      909041       -802        224    80.72    80.99       2.78
      997954       -802        240    88.82    89.09        2.7
     1096470       -802        263    97.73    98.00       2.69
     1208399       -802        293   107.54   107.81       2.72
     1327978       -802        320   118.33   118.60        2.7
     1461274       -802        354   130.19   130.46       2.72
     1609200       -802        388   143.24   143.51       2.71
     1770557       -802        430   157.60   157.87       2.73
     1948688       -802        465   173.39   173.66       2.68
     2097451       -802        500   186.58   186.85       2.68
Time to solution 0.37316s, assuming true minimum is -802
