N=8
Mode: 1
Seed: 317
Search strategy: 0
Initialising random weight matrix with 439 working nodes
439 working nodes out of 512
States are 0,1
Weight-choosing mode: 5
Min time to run: 0.5s
Max time to run: 1e+10s
Solutions are independent
           1       -742          0     0.00     0.00       -nan
           2       -746          0     0.00     0.00       -nan
           3       -750          0     0.00     0.00       -nan
           6       -756          0     0.00     0.00       -nan
          34       -758          0     0.00     0.00       -nan
          89       -768          0     0.00     0.01       -nan
         110       -770          0     0.00     0.02       -nan
         685       -772          0     0.00     0.07       -nan
        4684       -774          0     0.00     0.43       -nan
       60433       -774         33     5.00     5.43        6.6
      116496       -774         62    10.00    10.43        6.2
      171961       -774         92    15.00    15.43       6.13
      228007       -774        127    20.00    20.43       6.35
      284009       -774        163    25.00    25.43       6.52
      340224       -774        193    30.00    30.43       6.43
      395492       -774        219    35.00    35.43       6.26
      451956       -774        245    40.00    40.43       6.12
      508488       -774        280    45.00    45.43       6.22
      563580       -774        304    50.00    50.43       6.08
      619156       -774        329    55.05    55.48       5.98
      679987       -774        360    60.60    61.03       5.94
      746636       -774        388    66.71    67.14       5.82
      819499       -774        419    73.43    73.86       5.71
      900544       -774        456    80.82    81.25       5.64
      980557       -774        500    87.89    88.32       5.69
Time to solution 0.17578s, assuming true minimum is -774
