N=8
Mode: 1
Seed: 344
Search strategy: 0
Initialising random weight matrix with 439 working nodes
439 working nodes out of 512
States are 0,1
Weight-choosing mode: 5
Min time to run: 0.5s
Max time to run: 1e+10s
Solutions are independent
           1       -816          0     0.00     0.00       -nan
           2       -836          0     0.00     0.00       -nan
         135       -840          0     0.00     0.02       -nan
        5637       -842          0     0.00     0.54       -nan
       59898       -842         13     5.00     5.54        2.6
      114556       -842         37    10.00    10.54        3.7
      169146       -842         55    15.00    15.54       3.67
      223018       -842         70    20.00    20.54        3.5
      275713       -842         85    25.00    25.54        3.4
      330476       -842        105    30.00    30.54        3.5
      385769       -842        117    35.00    35.54       3.34
      440468       -842        125    40.00    40.54       3.12
      495156       -842        140    45.00    45.54       3.11
      550323       -842        156    50.00    50.54       3.12
      605542       -842        178    55.06    55.60       3.23
      665507       -842        198    60.63    61.17       3.27
      731975       -842        214    66.75    67.29       3.21
      804337       -842        238    73.48    74.02       3.24
      885416       -842        273    80.89    81.43       3.37
      973181       -842        303    89.04    89.58        3.4
     1070765       -842        339    98.00    98.54       3.46
     1178093       -842        370   107.86   108.40       3.43
     1294386       -842        409   118.71   119.25       3.45
     1423382       -842        461   130.64   131.18       3.53
     1555736       -842        500   142.95   143.49        3.5
Time to solution 0.2859s, assuming true minimum is -842
