N=8
Mode: 1
Seed: 345
Search strategy: 0
Initialising random weight matrix with 439 working nodes
439 working nodes out of 512
States are 0,1
Weight-choosing mode: 5
Min time to run: 0.5s
Max time to run: 1e+10s
Solutions are independent
           1       -758          0     0.00     0.00       -nan
           3       -762          0     0.00     0.00       -nan
          10       -764          0     0.00     0.00       -nan
         773       -766          0     0.00     0.09       -nan
       19314       -768          0     0.00     1.79       -nan
       74567       -768         28     5.00     6.79        5.6
      130684       -768         60    10.00    11.79          6
      186586       -768         85    15.00    16.79       5.67
      242620       -768        101    20.00    21.79       5.05
      298565       -768        137    25.00    26.79       5.48
      354464       -768        167    30.00    31.79       5.57
      409314       -768        182    35.00    36.79        5.2
      464753       -768        211    40.00    41.79       5.28
      520312       -768        244    45.00    46.79       5.42
      575065       -768        271    50.00    51.79       5.42
      632077       -768        300    55.18    56.97       5.44
      695284       -768        331    60.88    62.67       5.44
      765499       -768        363    67.15    68.94       5.41
      842011       -768        399    74.05    75.84       5.39
      927921       -768        441    81.64    83.43        5.4
     1021458       -768        475    89.99    91.78       5.28
     1077254       -768        500    95.10    96.89       5.26
Time to solution 0.1902s, assuming true minimum is -768
