N=8
Mode: 1
Seed: 354
Search strategy: 0
Initialising random weight matrix with 439 working nodes
439 working nodes out of 512
States are 0,1
Weight-choosing mode: 5
Min time to run: 0.5s
Max time to run: 1e+10s
Solutions are independent
           1       -836          0     0.00     0.00       -nan
           5       -838          0     0.00     0.00       -nan
          25       -840          0     0.00     0.00       -nan
          27       -848          0     0.00     0.00       -nan
          28       -850          0     0.00     0.00       -nan
         334       -852          0     0.00     0.04       -nan
         481       -854          0     0.00     0.05       -nan
         519       -856          0     0.00     0.05       -nan
       56533       -856          7     5.00     5.05        1.4
      113885       -856         29    10.00    10.05        2.9
      170447       -856         45    15.00    15.05          3
      225115       -856         56    20.00    20.05        2.8
      281816       -856         63    25.00    25.05       2.52
      337422       -856         75    30.00    30.05        2.5
      393094       -856         92    35.00    35.05       2.63
      446893       -856         99    40.00    40.05       2.48
      502519       -856        110    45.00    45.05       2.44
      557520       -856        126    50.00    50.05       2.52
      613775       -856        137    55.01    55.06       2.49
      675722       -856        153    60.52    60.57       2.53
      742387       -856        175    66.58    66.63       2.63
      815231       -856        195    73.25    73.30       2.66
      895049       -856        214    80.59    80.64       2.66
      985508       -856        241    88.66    88.71       2.72
     1086137       -856        271    97.54    97.59       2.78
     1192693       -856        295   107.30   107.35       2.75
     1313855       -856        322   118.04   118.09       2.73
     1446069       -856        360   129.85   129.90       2.77
     1591226       -856        392   142.85   142.90       2.74
     1752456       -856        433   157.15   157.20       2.76
     1931273       -856        475   172.87   172.92       2.75
     2050982       -856        500   183.70   183.75       2.72
Time to solution 0.3674s, assuming true minimum is -856
