N=8
Mode: 1
Seed: 355
Search strategy: 0
Initialising random weight matrix with 439 working nodes
439 working nodes out of 512
States are 0,1
Weight-choosing mode: 5
Min time to run: 0.5s
Max time to run: 1e+10s
Solutions are independent
           1       -806          0     0.00     0.00       -nan
           5       -810          0     0.00     0.00       -nan
          10       -812          0     0.00     0.00       -nan
          16       -814          0     0.00     0.00       -nan
          17       -816          0     0.00     0.00       -nan
          35       -818          0     0.00     0.01       -nan
         146       -820          0     0.00     0.02       -nan
         344       -822          0     0.00     0.04       -nan
        1147       -830          0     0.00     0.12       -nan
       32902       -832          0     0.00     2.84       -nan
       88943       -832          3     5.00     7.84        0.6
      146838       -832         12    10.00    12.84        1.2
      205080       -832         23    15.00    17.84       1.53
      260946       -832         28    20.00    22.84        1.4
      319227       -832         40    25.00    27.84        1.6
      377818       -832         47    30.00    32.84       1.57
      436144       -832         56    35.00    37.84        1.6
      491768       -832         67    40.00    42.84       1.68
      549070       -832         77    45.00    47.84       1.71
      606746       -832         82    50.00    52.84       1.64
      667174       -832         89    55.29    58.13       1.61
      731855       -832         95    61.11    63.95       1.55
      805886       -832        104    67.51    70.35       1.54
      885037       -832        110    74.55    77.39       1.48
      975907       -832        130    82.29    85.13       1.58
     1071261       -832        142    90.81    93.65       1.56
     1179510       -832        154   100.18   103.02       1.54
     1298124       -832        173   110.49   113.33       1.57
     1427091       -832        185   121.83   124.67       1.52
     1571316       -832        209   134.30   137.14       1.56
     1727947       -832        226   148.02   150.86       1.53
     1899487       -832        247   163.11   165.95       1.51
     2089160       -832        273   179.71   182.55       1.52
     2295845       -832        305   197.97   200.81       1.54
     2525695       -832        336   218.06   220.90       1.54
     2775946       -832        370   240.16   243.00       1.54
     3056291       -832        400   264.46   267.30       1.51
     3364713       -832        450   291.20   294.04       1.55
     3698165       -832        496   320.61   323.45       1.55
     3720835       -832        500   322.60   325.44       1.55
Time to solution 0.6452s, assuming true minimum is -832
