N=8
Mode: 1
Seed: 360
Search strategy: 0
Initialising random weight matrix with 439 working nodes
439 working nodes out of 512
States are 0,1
Weight-choosing mode: 5
Min time to run: 0.5s
Max time to run: 1e+10s
Solutions are independent
           1       -852          0     0.00     0.00       -nan
          29       -854          0     0.00     0.00       -nan
         292       -856          0     0.00     0.03       -nan
        1200       -860          0     0.00     0.14       -nan
       54809       -860         26     5.00     5.14        5.2
      109081       -860         55    10.00    10.14        5.5
      162289       -860         79    15.00    15.14       5.27
      214769       -860        104    20.00    20.14        5.2
      267445       -860        135    25.00    25.14        5.4
      321101       -860        166    30.00    30.14       5.53
      375107       -860        186    35.00    35.14       5.31
      428059       -860        209    40.00    40.14       5.22
      481564       -860        232    45.00    45.14       5.16
      534544       -860        246    50.00    50.14       4.92
      587506       -860        263    55.02    55.16       4.78
      649232       -860        285    60.54    60.68       4.71
      714506       -860        314    66.61    66.75       4.71
      786199       -860        354    73.29    73.43       4.83
      864946       -860        389    80.64    80.78       4.82
      952181       -860        424    88.72    88.86       4.78
     1047893       -860        463    97.61    97.75       4.74
     1152812       -860        495   107.39   107.53       4.61
     1159300       -860        500   108.00   108.14       4.63
Time to solution 0.216s, assuming true minimum is -860
