N=8
Mode: 1
Seed: 374
Search strategy: 0
Initialising random weight matrix with 439 working nodes
439 working nodes out of 512
States are 0,1
Weight-choosing mode: 5
Min time to run: 0.5s
Max time to run: 1e+10s
Solutions are independent
           1       -834          0     0.00     0.00       -nan
          50       -840          0     0.00     0.00       -nan
        3275       -842          0     0.00     0.32       -nan
       12823       -844          0     0.00     1.19       -nan
       67410       -844          8     5.00     6.19        1.6
      120679       -844         16    10.01    11.20        1.6
      176411       -844         21    15.01    16.20        1.4
      230981       -844         28    20.01    21.20        1.4
      285465       -844         31    25.01    26.20       1.24
      339711       -844         35    30.01    31.20       1.17
      393455       -844         43    35.01    36.20       1.23
      449347       -844         49    40.01    41.20       1.22
      503538       -844         53    45.01    46.20       1.18
      556635       -844         56    50.01    51.20       1.12
      610616       -844         59    55.14    56.33       1.07
      672338       -844         69    60.78    61.97       1.14
      740437       -844         75    66.98    68.17       1.12
      813757       -844         81    73.80    74.99        1.1
      895930       -844         88    81.30    82.49       1.08
      985110       -844         95    89.55    90.74       1.06
     1084640       -844        105    98.63    99.82       1.06
     1194176       -844        115   108.62   109.81       1.06
     1313291       -844        129   119.61   120.80       1.08
     1445640       -844        149   131.69   132.88       1.13
     1589158       -844        164   144.98   146.17       1.13
     1747286       -844        176   159.60   160.79        1.1
     1921032       -844        194   175.68   176.87        1.1
     2111054       -844        220   193.37   194.56       1.14
     2325582       -844        250   212.83   214.02       1.17
     2560949       -844        279   234.24   235.43       1.19
     2818001       -844        300   257.79   258.98       1.16
     3103909       -844        339   283.69   284.88       1.19
     3412548       -844        364   312.18   313.37       1.17
     3751928       -844        413   343.52   344.71        1.2
     4129255       -844        463   378.00   379.19       1.22
     4435396       -844        500   406.15   407.34       1.23
Time to solution 0.8123s, assuming true minimum is -844
