N=8
Mode: 1
Seed: 388
Search strategy: 0
Initialising random weight matrix with 439 working nodes
439 working nodes out of 512
States are 0,1
Weight-choosing mode: 5
Min time to run: 0.5s
Max time to run: 1e+10s
Solutions are independent
           1       -742          0     0.00     0.00       -nan
           2       -762          0     0.00     0.00       -nan
           3       -778          0     0.00     0.00       -nan
          19       -780          0     0.00     0.00       -nan
          66       -782          0     0.00     0.01       -nan
         111       -784          0     0.00     0.02       -nan
         303       -786          0     0.00     0.04       -nan
         470       -788          0     0.00     0.06       -nan
       16130       -790          0     0.00     1.52       -nan
       66695       -790         17     5.00     6.52        3.4
      119291       -790         32    10.00    11.52        3.2
      173457       -790         48    15.00    16.52        3.2
      226110       -790         56    20.00    21.52        2.8
      278053       -790         69    25.00    26.52       2.76
      329449       -790         81    30.00    31.52        2.7
      383314       -790        103    35.00    36.52       2.94
      435260       -790        113    40.00    41.52       2.83
      487571       -790        130    45.00    46.52       2.89
      540238       -790        144    50.00    51.52       2.88
      592660       -790        161    55.16    56.68       2.92
      652581       -790        178    60.83    62.35       2.93
      716964       -790        191    67.07    68.59       2.85
      790202       -790        216    73.93    75.45       2.92
      869726       -790        247    81.48    83.00       3.03
      957404       -790        275    89.79    91.31       3.06
     1052355       -790        302    98.93   100.45       3.05
     1158400       -790        340   108.98   110.50       3.12
     1275834       -790        380   120.04   121.56       3.17
     1403896       -790        415   132.20   133.72       3.14
     1546506       -790        451   145.58   147.10        3.1
     1700356       -790        488   160.29   161.81       3.04
     1731440       -790        500   163.23   164.75       3.06
Time to solution 0.32646s, assuming true minimum is -790
