N=8
Mode: 1
Seed: 397
Search strategy: 0
Initialising random weight matrix with 439 working nodes
439 working nodes out of 512
States are 0,1
Weight-choosing mode: 5
Min time to run: 0.5s
Max time to run: 1e+10s
Solutions are independent
           1       -816          0     0.00     0.00       -nan
         114       -820          0     0.00     0.01       -nan
         205       -822          0     0.00     0.02       -nan
         252       -824          0     0.00     0.03       -nan
        3893       -826          0     0.00     0.37       -nan
       12550       -828          0     0.00     1.13       -nan
       72921       -828         12     5.00     6.13        2.4
      131901       -828         25    10.00    11.13        2.5
      192334       -828         43    15.01    16.14       2.86
      251118       -828         56    20.01    21.14        2.8
      309874       -828         68    25.01    26.14       2.72
      369180       -828         79    30.01    31.14       2.63
      428511       -828         96    35.01    36.14       2.74
      487731       -828        109    40.01    41.14       2.72
      547409       -828        122    45.01    46.14       2.71
      607336       -828        134    50.01    51.14       2.68
      667726       -828        147    55.13    56.26       2.67
      733639       -828        164    60.76    61.89        2.7
      805573       -828        180    66.95    68.08       2.69
      885753       -828        187    73.76    74.89       2.54
      972370       -828        203    81.25    82.38        2.5
     1069477       -828        219    89.49    90.62       2.45
     1178735       -828        236    98.56    99.69       2.39
     1297940       -828        261   108.53   109.66        2.4
     1428248       -828        282   119.50   120.63       2.36
     1570786       -828        321   131.57   132.70       2.44
     1726175       -828        358   144.84   145.97       2.47
     1897689       -828        394   159.44   160.57       2.47
     2087528       -828        435   175.50   176.63       2.48
     2295792       -828        475   193.17   194.30       2.46
     2382015       -828        500   200.40   201.53        2.5
Time to solution 0.4008s, assuming true minimum is -828
