N=8
Mode: 1
Seed: 405
Search strategy: 0
Initialising random weight matrix with 439 working nodes
439 working nodes out of 512
States are 0,1
Weight-choosing mode: 5
Min time to run: 0.5s
Max time to run: 1e+10s
Solutions are independent
           1       -716          0     0.00     0.00       -nan
           2       -754          0     0.00     0.00       -nan
          13       -756          0     0.00     0.00       -nan
          32       -758          0     0.00     0.01       -nan
          77       -760          0     0.00     0.01       -nan
         845       -762          0     0.00     0.07       -nan
       11752       -764          0     0.00     1.07       -nan
       70273       -764         31     5.00     6.07        6.2
      128009       -764         55    10.00    11.07        5.5
      186036       -764         86    15.00    16.07       5.73
      242863       -764        121    20.00    21.07       6.05
      299589       -764        145    25.00    26.07        5.8
      357162       -764        176    30.00    31.07       5.87
      414540       -764        206    35.00    36.07       5.89
      471892       -764        226    40.00    41.07       5.65
      529362       -764        252    45.00    46.07        5.6
      586862       -764        279    50.00    51.07       5.58
      646497       -764        305    55.11    56.18       5.53
      711763       -764        339    60.73    61.80       5.58
      783129       -764        378    66.91    67.98       5.65
      862158       -764        424    73.71    74.78       5.75
      948297       -764        471    81.19    82.26        5.8
      987074       -764        500    84.59    85.66       5.91
Time to solution 0.16918s, assuming true minimum is -764
