N=8
Mode: 1
Seed: 419
Search strategy: 0
Initialising random weight matrix with 439 working nodes
439 working nodes out of 512
States are 0,1
Weight-choosing mode: 5
Min time to run: 0.5s
Max time to run: 1e+10s
Solutions are independent
           1       -786          0     0.00     0.00       -nan
           2       -788          0     0.00     0.00       -nan
           3       -798          0     0.00     0.00       -nan
           6       -800          0     0.00     0.00       -nan
          19       -810          0     0.00     0.00       -nan
         117       -812          0     0.00     0.01       -nan
         294       -814          0     0.00     0.03       -nan
       57689       -814         27     5.00     5.03        5.4
      115923       -814         52    10.01    10.04       5.19
      174126       -814         86    15.01    15.04       5.73
      231457       -814        112    20.01    20.04        5.6
      291021       -814        149    25.01    25.04       5.96
      348750       -814        179    30.01    30.04       5.96
      406617       -814        217    35.01    35.04        6.2
      464197       -814        246    40.01    40.04       6.15
      522024       -814        276    45.01    45.04       6.13
      580184       -814        305    50.01    50.04        6.1
      638571       -814        337    55.02    55.05       6.13
      701793       -814        371    60.53    60.56       6.13
      772099       -814        407    66.59    66.62       6.11
      848720       -814        441    73.26    73.29       6.02
      934584       -814        498    80.59    80.62       6.18
      943098       -814        500    81.30    81.33       6.15
Time to solution 0.1626s, assuming true minimum is -814
