N=8
Mode: 1
Seed: 433
Search strategy: 0
Initialising random weight matrix with 439 working nodes
439 working nodes out of 512
States are 0,1
Weight-choosing mode: 5
Min time to run: 0.5s
Max time to run: 1e+10s
Solutions are independent
           1       -794          0     0.00     0.00       -nan
           2       -796          0     0.00     0.00       -nan
           5       -798          0     0.00     0.00       -nan
           6       -820          0     0.00     0.00       -nan
         149       -822          0     0.00     0.02       -nan
        1019       -824          0     0.00     0.10       -nan
        7936       -826          0     0.00     0.69       -nan
       66052       -826         18     5.00     5.69        3.6
      126319       -826         47    10.01    10.70        4.7
      185644       -826         67    15.01    15.70       4.46
      244630       -826         83    20.01    20.70       4.15
      303257       -826        106    25.01    25.70       4.24
      362150       -826        128    30.01    30.70       4.27
      421540       -826        150    35.01    35.70       4.28
      480905       -826        169    40.01    40.70       4.22
      540080       -826        188    45.01    45.70       4.18
      598803       -826        208    50.01    50.70       4.16
      658713       -826        230    55.09    55.78       4.17
      724952       -826        251    60.67    61.36       4.14
      797863       -826        284    66.81    67.50       4.25
      877498       -826        314    73.56    74.25       4.27
      963540       -826        351    80.99    81.68       4.33
     1059798       -826        388    89.16    89.85       4.35
     1166393       -826        428    98.15    98.84       4.36
     1282785       -826        465   108.04   108.73        4.3
     1389285       -826        500   117.17   117.86       4.27
Time to solution 0.23434s, assuming true minimum is -826
