N=8
Mode: 1
Seed: 438
Search strategy: 0
Initialising random weight matrix with 439 working nodes
439 working nodes out of 512
States are 0,1
Weight-choosing mode: 5
Min time to run: 0.5s
Max time to run: 1e+10s
Solutions are independent
           1       -744          0     0.00     0.00       -nan
           3       -748          0     0.00     0.00       -nan
          19       -752          0     0.00     0.00       -nan
          46       -758          0     0.00     0.00       -nan
          52       -762          0     0.00     0.01       -nan
        3615       -764          0     0.00     0.34       -nan
       57940       -764         30     5.00     5.34          6
      112324       -764         62    10.00    10.34        6.2
      166520       -764         93    15.00    15.34        6.2
      218743       -764        114    20.00    20.34        5.7
      273661       -764        153    25.00    25.34       6.12
      325977       -764        177    30.00    30.34        5.9
      379950       -764        199    35.00    35.34       5.69
      433719       -764        228    40.00    40.34        5.7
      487016       -764        267    45.00    45.34       5.93
      541424       -764        298    50.00    50.34       5.96
      595592       -764        341    55.04    55.38        6.2
      654943       -764        371    60.58    60.92       6.12
      720072       -764        421    66.68    67.02       6.31
      790913       -764        466    73.39    73.73       6.35
      843434       -764        500    78.34    78.68       6.38
Time to solution 0.15668s, assuming true minimum is -764
