N=8
Mode: 1
Seed: 439
Search strategy: 0
Initialising random weight matrix with 439 working nodes
439 working nodes out of 512
States are 0,1
Weight-choosing mode: 5
Min time to run: 0.5s
Max time to run: 1e+10s
Solutions are independent
           1       -824          0     0.00     0.00       -nan
           2       -832          0     0.00     0.00       -nan
           5       -834          0     0.00     0.00       -nan
           9       -838          0     0.00     0.00       -nan
          18       -842          0     0.00     0.00       -nan
          26       -844          0     0.00     0.01       -nan
          38       -850          0     0.00     0.01       -nan
          58       -852          0     0.00     0.01       -nan
        2867       -854          0     0.00     0.28       -nan
        3828       -856          0     0.00     0.36       -nan
       56370       -856         40     5.00     5.36          8
      111457       -856         93    10.00    10.36        9.3
      165522       -856        130    15.00    15.36       8.67
      219841       -856        165    20.00    20.36       8.25
      273125       -856        210    25.00    25.36        8.4
      326525       -856        254    30.00    30.36       8.47
      379574       -856        284    35.00    35.36       8.11
      433000       -856        314    40.00    40.36       7.85
      486502       -856        346    45.00    45.36       7.69
      539653       -856        388    50.00    50.36       7.76
      593982       -856        424    55.04    55.40        7.7
      654817       -856        466    60.59    60.95       7.69
      693741       -856        500    64.39    64.75       7.77
Time to solution 0.12878s, assuming true minimum is -856
