N=8
Mode: 1
Seed: 44
Search strategy: 0
Initialising random weight matrix with 439 working nodes
439 working nodes out of 512
States are 0,1
Weight-choosing mode: 5
Min time to run: 0.5s
Max time to run: 1e+10s
Solutions are independent
           1       -800          0     0.00     0.00       -nan
          51       -802          0     0.00     0.01       -nan
         310       -804          0     0.00     0.04       -nan
         594       -806          0     0.00     0.06       -nan
        1368       -808          0     0.00     0.14       -nan
        8001       -810          0     0.00     0.79       -nan
       60600       -810          9     5.00     5.79        1.8
      113874       -810         18    10.00    10.79        1.8
      166997       -810         25    15.00    15.79       1.67
      220524       -810         36    20.00    20.79        1.8
      273427       -810         47    25.00    25.79       1.88
      326487       -810         54    30.00    30.79        1.8
      377553       -810         62    35.00    35.79       1.77
      430863       -810         71    40.00    40.79       1.77
      482756       -810         84    45.00    45.79       1.87
      535529       -810         96    50.00    50.79       1.92
      589516       -810        106    55.08    55.87       1.92
      647183       -810        113    60.67    61.46       1.86
      711088       -810        128    66.82    67.61       1.92
      782299       -810        140    73.59    74.38        1.9
      860161       -810        155    81.03    81.82       1.91
      945893       -810        175    89.22    90.01       1.96
     1041890       -810        197    98.23    99.02       2.01
     1145656       -810        221   108.14   108.93       2.04
     1262608       -810        246   119.04   119.83       2.07
     1386606       -810        268   131.03   131.82       2.05
     1522803       -810        294   144.22   145.01       2.04
     1673827       -810        332   158.73   159.52       2.09
     1839995       -810        364   174.69   175.48       2.08
     2024790       -810        399   192.24   193.03       2.08
     2225493       -810        430   211.55   212.34       2.03
     2445732       -810        481   232.79   233.58       2.07
     2572102       -810        500   244.90   245.69       2.04
Time to solution 0.4898s, assuming true minimum is -810
