N=8
Mode: 1
Seed: 446
Search strategy: 0
Initialising random weight matrix with 439 working nodes
439 working nodes out of 512
States are 0,1
Weight-choosing mode: 5
Min time to run: 0.5s
Max time to run: 1e+10s
Solutions are independent
           1       -814          0     0.00     0.00       -nan
           2       -826          0     0.00     0.00       -nan
           3       -832          0     0.00     0.00       -nan
          24       -838          0     0.00     0.00       -nan
         375       -840          0     0.00     0.03       -nan
       11881       -842          0     0.00     1.13       -nan
       65538       -842         11     5.00     6.13        2.2
      119965       -842         31    10.00    11.13        3.1
      173572       -842         41    15.01    16.14       2.73
      227844       -842         57    20.01    21.14       2.85
      282294       -842         73    25.01    26.14       2.92
      337044       -842         84    30.01    31.14        2.8
      393122       -842        105    35.01    36.14          3
      447674       -842        122    40.01    41.14       3.05
      500835       -842        142    45.01    46.14       3.15
      552545       -842        155    50.01    51.14        3.1
      608545       -842        175    55.13    56.26       3.17
      669185       -842        197    60.76    61.89       3.24
      735379       -842        214    66.95    68.08        3.2
      810217       -842        241    73.76    74.89       3.27
      891300       -842        266    81.25    82.38       3.27
      981396       -842        293    89.49    90.62       3.27
     1079899       -842        324    98.56    99.69       3.29
     1188008       -842        352   108.53   109.66       3.24
     1305840       -842        401   119.50   120.63       3.36
     1435115       -842        443   131.57   132.70       3.37
     1578918       -842        484   144.84   145.97       3.34
     1640172       -842        500   150.64   151.77       3.32
Time to solution 0.30128s, assuming true minimum is -842
