N=8
Mode: 1
Seed: 448
Search strategy: 0
Initialising random weight matrix with 439 working nodes
439 working nodes out of 512
States are 0,1
Weight-choosing mode: 5
Min time to run: 0.5s
Max time to run: 1e+10s
Solutions are independent
           1       -746          0     0.00     0.00       -nan
           3       -762          0     0.00     0.00       -nan
           9       -766          0     0.00     0.00       -nan
          40       -768          0     0.00     0.01       -nan
          41       -770          0     0.00     0.01       -nan
          46       -772          0     0.00     0.01       -nan
         127       -774          0     0.00     0.02       -nan
         173       -776          0     0.00     0.02       -nan
         286       -778          0     0.00     0.03       -nan
         417       -782          0     0.00     0.04       -nan
       62291       -782         41     5.00     5.04        8.2
       76228       -784          0     0.00     6.15       -nan
      137085       -784          4     5.00    11.15        0.8
      199941       -784          8    10.00    16.15        0.8
      261940       -784         17    15.00    21.15       1.13
      323818       -784         22    20.00    26.15        1.1
      387381       -784         25    25.00    31.15          1
      448950       -784         28    30.00    36.15      0.933
      510432       -784         33    35.00    41.15      0.943
      571970       -784         40    40.00    46.15          1
      634533       -784         46    45.00    51.15       1.02
      697051       -784         54    50.12    56.27       1.08
      767207       -784         60    55.75    61.90       1.08
      844544       -784         68    61.94    68.09        1.1
      928330       -784         79    68.75    74.90       1.15
     1021477       -784         89    76.25    82.40       1.17
     1123676       -784         96    84.50    90.65       1.14
     1236732       -784        105    93.57    99.72       1.12
     1361114       -784        114   103.55   109.70        1.1
     1499405       -784        124   114.53   120.68       1.08
     1648055       -784        137   126.60   132.75       1.08
     1813980       -784        150   139.88   146.03       1.07
     1996891       -784        159   154.49   160.64       1.03
     2194662       -784        171   170.56   176.71          1
     2415453       -784        183   188.24   194.39      0.972
     2655308       -784        198   207.68   213.83      0.953
     2923016       -784        214   229.07   235.22      0.934
     3216973       -784        230   252.60   258.75      0.911
     3538026       -784        258   278.48   284.63      0.926
     3894417       -784        287   306.95   313.10      0.935
     4281711       -784        321   338.26   344.41      0.949
     4710771       -784        349   372.71   378.86      0.936
     5177936       -784        387   410.60   416.75      0.943
     5695833       -784        430   452.28   458.43      0.951
     6268359       -784        480   498.13   504.28      0.964
     6512547       -784        500   517.65   523.80      0.966
Time to solution 1.0353s, assuming true minimum is -784
