N=8
Mode: 1
Seed: 45
Search strategy: 0
Initialising random weight matrix with 439 working nodes
439 working nodes out of 512
States are 0,1
Weight-choosing mode: 5
Min time to run: 0.5s
Max time to run: 1e+10s
Solutions are independent
           1       -814          0     0.00     0.00       -nan
         158       -818          0     0.00     0.02       -nan
        3059       -820          0     0.00     0.26       -nan
       62738       -820         76     5.00     5.26       15.2
      111961       -822          0     0.00     9.39       -nan
      173287       -822         14     5.00    14.39        2.8
      232362       -822         27    10.00    19.39        2.7
      291638       -822         43    15.00    24.39       2.87
      351773       -822         60    20.00    29.39          3
      410577       -822         77    25.00    34.39       3.08
      470480       -822         93    30.00    39.39        3.1
      531168       -822        110    35.00    44.39       3.14
      589494       -822        119    40.00    49.39       2.98
      650774       -822        138    45.00    54.39       3.07
      716910       -822        161    50.44    59.83       3.19
      786599       -822        173    56.43    65.82       3.07
      864470       -822        193    63.02    72.41       3.06
      951669       -822        208    70.27    79.66       2.96
     1046380       -822        232    78.24    87.63       2.97
     1150568       -822        250    87.01    96.40       2.87
     1264776       -822        270    96.66   106.05       2.79
     1391443       -822        295   107.27   116.66       2.75
     1529550       -822        330   118.94   128.33       2.77
     1681436       -822        359   131.78   141.17       2.72
     1847444       -822        393   145.90   155.29       2.69
     2032368       -822        433   161.43   170.82       2.68
     2235537       -822        480   178.52   187.91       2.69
     2320513       -822        500   185.63   195.02       2.69
Time to solution 0.37126s, assuming true minimum is -822
