N=8
Mode: 1
Seed: 462
Search strategy: 0
Initialising random weight matrix with 439 working nodes
439 working nodes out of 512
States are 0,1
Weight-choosing mode: 5
Min time to run: 0.5s
Max time to run: 1e+10s
Solutions are independent
           1       -802          0     0.00     0.00       -nan
           2       -804          0     0.00     0.00       -nan
          22       -806          0     0.00     0.00       -nan
          24       -810          0     0.00     0.00       -nan
          29       -812          0     0.00     0.00       -nan
          34       -818          0     0.00     0.01       -nan
        3577       -820          0     0.00     0.35       -nan
       56271       -820         23     5.00     5.35        4.6
      109078       -820         48    10.00    10.35        4.8
      161660       -820         74    15.00    15.35       4.93
      214333       -820        110    20.00    20.35        5.5
      267456       -820        140    25.00    25.35        5.6
      319914       -820        165    30.00    30.35        5.5
      372335       -820        183    35.00    35.35       5.23
      424842       -820        207    40.00    40.35       5.17
      478001       -820        236    45.00    45.35       5.24
      530634       -820        262    50.00    50.35       5.24
      584186       -820        290    55.04    55.39       5.27
      643075       -820        326    60.58    60.93       5.38
      707341       -820        355    66.68    67.03       5.32
      778597       -820        389    73.39    73.74        5.3
      856440       -820        443    80.77    81.12       5.48
      942774       -820        492    88.89    89.24       5.53
      966295       -820        500    91.17    91.52       5.48
Time to solution 0.18234s, assuming true minimum is -820
