N=8
Mode: 1
Seed: 465
Search strategy: 0
Initialising random weight matrix with 439 working nodes
439 working nodes out of 512
States are 0,1
Weight-choosing mode: 5
Min time to run: 0.5s
Max time to run: 1e+10s
Solutions are independent
           1       -762          0     0.00     0.00       -nan
           5       -770          0     0.00     0.00       -nan
           6       -772          0     0.00     0.00       -nan
         159       -774          0     0.00     0.02       -nan
         172       -778          0     0.00     0.02       -nan
         647       -780          0     0.00     0.06       -nan
         867       -782          0     0.00     0.08       -nan
       12296       -784          0     0.00     1.05       -nan
       71538       -784         12     5.00     6.05        2.4
      130733       -784         21    10.00    11.05        2.1
      190366       -784         33    15.00    16.05        2.2
      249011       -784         44    20.00    21.05        2.2
      308280       -784         60    25.00    26.05        2.4
      367418       -784         71    30.00    31.05       2.37
      426517       -784         80    35.00    36.05       2.29
      486334       -784         93    40.00    41.05       2.33
      546055       -784        108    45.00    46.05        2.4
      605294       -784        119    50.00    51.05       2.38
      666811       -784        134    55.11    56.16       2.43
      733182       -784        152    60.73    61.78        2.5
      807904       -784        174    66.91    67.96        2.6
      887488       -784        187    73.71    74.76       2.54
      973966       -784        208    81.19    82.24       2.56
     1070963       -784        229    89.42    90.47       2.56
     1178712       -784        250    98.47    99.52       2.54
     1298518       -784        275   108.43   109.48       2.54
     1428439       -784        300   119.38   120.43       2.51
     1568837       -784        326   131.43   132.48       2.48
     1725483       -784        361   144.68   145.73        2.5
     1899022       -784        400   159.26   160.31       2.51
     2086430       -784        426   175.30   176.35       2.43
     2297131       -784        465   192.94   193.99       2.41
     2457256       -784        500   206.47   207.52       2.42
Time to solution 0.41294s, assuming true minimum is -784
