N=8
Mode: 1
Seed: 47
Search strategy: 0
Initialising random weight matrix with 439 working nodes
439 working nodes out of 512
States are 0,1
Weight-choosing mode: 5
Min time to run: 0.5s
Max time to run: 1e+10s
Solutions are independent
           1       -686          0     0.00     0.00       -nan
           3       -700          0     0.00     0.00       -nan
           9       -702          0     0.00     0.00       -nan
         404       -704          0     0.00     0.04       -nan
        1305       -706          0     0.00     0.13       -nan
        4639       -708          0     0.00     0.43       -nan
        6772       -710          0     0.00     0.62       -nan
       60524       -710         30     5.00     5.62          6
      113897       -710         57    10.01    10.63       5.69
      167559       -710         85    15.01    15.63       5.66
      221420       -710        119    20.02    20.64       5.94
      274214       -710        149    25.02    25.64       5.96
      326232       -710        177    30.02    30.64        5.9
      379525       -710        201    35.02    35.64       5.74
      432074       -710        227    40.02    40.64       5.67
      485558       -710        256    45.02    45.64       5.69
      539860       -710        288    50.02    50.64       5.76
      593654       -710        318    55.09    55.71       5.77
      654058       -710        355    60.67    61.29       5.85
      721127       -710        393    66.80    67.42       5.88
      793894       -710        429    73.55    74.17       5.83
      874448       -710        475    80.97    81.59       5.87
      918286       -710        500    85.06    85.68       5.88
Time to solution 0.17012s, assuming true minimum is -710
