N=8
Mode: 1
Seed: 473
Search strategy: 0
Initialising random weight matrix with 439 working nodes
439 working nodes out of 512
States are 0,1
Weight-choosing mode: 5
Min time to run: 0.5s
Max time to run: 1e+10s
Solutions are independent
           1       -812          0     0.00     0.00       -nan
           5       -816          0     0.00     0.00       -nan
          11       -818          0     0.00     0.00       -nan
         120       -820          0     0.00     0.02       -nan
         484       -822          0     0.00     0.05       -nan
         883       -824          0     0.00     0.09       -nan
        4609       -826          0     0.00     0.42       -nan
       62402       -826         24     5.00     5.42        4.8
      119727       -826         48    10.00    10.42        4.8
      176525       -826         71    15.00    15.42       4.73
      234894       -826         95    20.00    20.42       4.75
      293159       -826        120    25.00    25.42        4.8
      351211       -826        145    30.00    30.42       4.83
      409698       -826        176    35.00    35.42       5.03
      467261       -826        208    40.00    40.42        5.2
      524575       -826        232    45.00    45.42       5.16
      583236       -826        258    50.00    50.42       5.16
      642328       -826        288    55.05    55.47       5.23
      706760       -826        321    60.60    61.02        5.3
      777348       -826        352    66.71    67.13       5.28
      856242       -826        393    73.43    73.85       5.35
      941863       -826        433    80.82    81.24       5.36
     1035873       -826        470    88.95    89.37       5.28
     1102574       -826        500    94.77    95.19       5.28
Time to solution 0.18954s, assuming true minimum is -826
