N=8
Mode: 1
Seed: 475
Search strategy: 0
Initialising random weight matrix with 439 working nodes
439 working nodes out of 512
States are 0,1
Weight-choosing mode: 5
Min time to run: 0.5s
Max time to run: 1e+10s
Solutions are independent
           1       -782          0     0.00     0.00       -nan
          10       -784          0     0.00     0.00       -nan
          11       -790          0     0.00     0.00       -nan
          18       -794          0     0.00     0.00       -nan
          19       -796          0     0.00     0.00       -nan
          20       -804          0     0.00     0.00       -nan
        4537       -806          0     0.00     0.43       -nan
        5792       -808          0     0.00     0.55       -nan
       61180       -808          3     5.00     5.55        0.6
      115238       -808          7    10.00    10.55        0.7
      168201       -808         14    15.00    15.55      0.933
      222074       -808         17    20.00    20.55       0.85
      276348       -808         20    25.00    25.55        0.8
      330126       -808         25    30.00    30.55      0.833
      386045       -808         28    35.00    35.55        0.8
      439464       -808         29    40.00    40.55      0.725
      493844       -808         30    45.00    45.55      0.667
      546735       -808         34    50.00    50.55       0.68
      601116       -808         35    55.06    55.61      0.636
      661421       -808         38    60.63    61.18      0.627
      727168       -808         47    66.75    67.30      0.704
      799946       -808         50    73.48    74.03       0.68
      879015       -808         53    80.89    81.44      0.655
      967653       -808         59    89.04    89.59      0.663
     1065474       -808         64    98.00    98.55      0.653
     1170903       -808         73   107.86   108.41      0.677
     1288512       -808         76   118.71   119.26       0.64
     1419265       -808         86   130.64   131.19      0.658
     1561876       -808         98   143.76   144.31      0.682
     1717868       -808        114   158.20   158.75      0.721
     1892058       -808        125   174.08   174.63      0.718
     2080943       -808        138   191.55   192.10       0.72
     2288046       -808        154   210.76   211.31      0.731
     2517896       -808        174   231.90   232.45       0.75
     2771571       -808        186   255.15   255.70      0.729
     3049327       -808        201   280.72   281.27      0.716
     3352482       -808        222   308.85   309.40      0.719
     3687220       -808        248   339.79   340.34       0.73
     4052933       -808        274   373.83   374.38      0.733
     4459641       -808        300   411.27   411.82      0.729
     4909488       -808        341   452.46   453.01      0.754
     5400668       -808        371   497.77   498.32      0.745
     5938884       -808        423   547.61   548.16      0.772
     6530966       -808        467   602.43   602.98      0.775
     7067163       -808        500   652.34   652.89      0.766
Time to solution 1.30468s, assuming true minimum is -808
