N=8
Mode: 1
Seed: 492
Search strategy: 0
Initialising random weight matrix with 439 working nodes
439 working nodes out of 512
States are 0,1
Weight-choosing mode: 5
Min time to run: 0.5s
Max time to run: 1e+10s
Solutions are independent
           1       -802          0     0.00     0.00       -nan
           2       -808          0     0.00     0.00       -nan
          24       -810          0     0.00     0.00       -nan
          42       -812          0     0.00     0.00       -nan
         141       -814          0     0.00     0.01       -nan
         158       -816          0     0.00     0.02       -nan
         408       -822          0     0.00     0.04       -nan
       58406       -822         43     5.00     5.04        8.6
      116126       -822         79    10.00    10.04        7.9
      174741       -822        115    15.00    15.04       7.67
      232094       -822        146    20.00    20.04        7.3
      289575       -822        169    25.00    25.04       6.76
      347233       -822        197    30.00    30.04       6.57
      404893       -822        232    35.00    35.04       6.63
      462155       -822        270    40.00    40.04       6.75
      519122       -822        305    45.00    45.04       6.78
      576480       -822        342    50.00    50.04       6.84
      634281       -822        376    55.01    55.05       6.84
      696624       -822        408    60.52    60.56       6.74
      766120       -822        447    66.58    66.62       6.71
      843615       -822        486    73.25    73.29       6.63
      867189       -822        500    75.26    75.30       6.64
Time to solution 0.15052s, assuming true minimum is -822
