N=8
Mode: 1
Seed: 493
Search strategy: 0
Initialising random weight matrix with 439 working nodes
439 working nodes out of 512
States are 0,1
Weight-choosing mode: 5
Min time to run: 0.5s
Max time to run: 1e+10s
Solutions are independent
           1       -814          0     0.00     0.00       -nan
           2       -816          0     0.00     0.00       -nan
           4       -824          0     0.00     0.00       -nan
           6       -828          0     0.00     0.00       -nan
           8       -832          0     0.00     0.00       -nan
          32       -834          0     0.00     0.00       -nan
          44       -836          0     0.00     0.01       -nan
         121       -838          0     0.00     0.01       -nan
         348       -840          0     0.00     0.04       -nan
        9052       -842          0     0.00     0.83       -nan
       63322       -842         32     5.00     5.83        6.4
      117036       -842         73    10.00    10.83        7.3
      171872       -842        111    15.00    15.83        7.4
      226380       -842        145    20.00    20.83       7.25
      279821       -842        183    25.00    25.83       7.32
      333076       -842        224    30.00    30.83       7.47
      386682       -842        264    35.00    35.83       7.54
      440156       -842        299    40.00    40.83       7.47
      495154       -842        349    45.00    45.83       7.76
      548540       -842        394    50.00    50.83       7.88
      601630       -842        433    55.09    55.92       7.86
      663150       -842        472    60.69    61.52       7.78
      709915       -842        500    65.07    65.90       7.68
Time to solution 0.13014s, assuming true minimum is -842
