N=8
Mode: 1
Seed: 511
Search strategy: 0
Initialising random weight matrix with 439 working nodes
439 working nodes out of 512
States are 0,1
Weight-choosing mode: 5
Min time to run: 0.5s
Max time to run: 1e+10s
Solutions are independent
           1       -874          0     0.00     0.00       -nan
           2       -880          0     0.00     0.00       -nan
          23       -884          0     0.00     0.00       -nan
         104       -888          0     0.00     0.01       -nan
         257       -890          0     0.00     0.02       -nan
       29108       -892          0     0.00     2.73       -nan
       80684       -892          4     5.00     7.73        0.8
      135381       -892         16    10.00    12.73        1.6
      188573       -892         24    15.00    17.73        1.6
      243969       -892         27    20.00    22.73       1.35
      296953       -892         35    25.00    27.73        1.4
      352728       -892         39    30.01    32.74        1.3
      408927       -892         45    35.01    37.74       1.29
      462730       -892         49    40.01    42.74       1.22
      517030       -892         57    45.01    47.74       1.27
      571531       -892         64    50.01    52.74       1.28
      629215       -892         71    55.29    58.02       1.28
      692485       -892         75    61.10    63.83       1.23
      762655       -892         84    67.49    70.22       1.24
      839014       -892         92    74.52    77.25       1.23
      922067       -892        100    82.25    84.98       1.22
     1013128       -892        112    90.75    93.48       1.23
     1114851       -892        123   100.10   102.83       1.23
     1226646       -892        133   110.39   113.12        1.2
     1348078       -892        145   121.71   124.44       1.19
     1484840       -892        155   134.16   136.89       1.16
     1637465       -892        175   147.85   150.58       1.18
     1803310       -892        189   162.91   165.64       1.16
     1982052       -892        209   179.48   182.21       1.16
     2177976       -892        228   197.71   200.44       1.15
     2395577       -892        248   217.76   220.49       1.14
     2635701       -892        271   239.81   242.54       1.13
     2898130       -892        296   264.07   266.80       1.12
     3189935       -892        326   290.75   293.48       1.12
     3511148       -892        365   320.10   322.83       1.14
     3860738       -892        404   352.39   355.12       1.15
     4246422       -892        440   387.91   390.64       1.13
     4674055       -892        497   426.98   429.71       1.16
     4702055       -892        500   429.47   432.20       1.16
Time to solution 0.85894s, assuming true minimum is -892
