N=8
Mode: 1
Seed: 512
Search strategy: 0
Initialising random weight matrix with 439 working nodes
439 working nodes out of 512
States are 0,1
Weight-choosing mode: 5
Min time to run: 0.5s
Max time to run: 1e+10s
Solutions are independent
           1       -786          0     0.00     0.00       -nan
           3       -790          0     0.00     0.00       -nan
           5       -798          0     0.00     0.00       -nan
          15       -800          0     0.00     0.00       -nan
          19       -802          0     0.00     0.00       -nan
          62       -804          0     0.00     0.01       -nan
         228       -808          0     0.00     0.03       -nan
         631       -810          0     0.00     0.07       -nan
        8123       -812          0     0.00     0.75       -nan
       64757       -812         26     5.00     5.75        5.2
      121812       -812         46    10.00    10.75        4.6
      177169       -812         70    15.00    15.75       4.67
      234329       -812         97    20.00    20.75       4.85
      290127       -812        127    25.00    25.75       5.08
      348649       -812        152    30.00    30.75       5.07
      405644       -812        179    35.00    35.75       5.11
      461928       -812        202    40.00    40.75       5.05
      518777       -812        230    45.00    45.75       5.11
      576135       -812        252    50.00    50.75       5.04
      634086       -812        283    55.08    55.83       5.14
      696644       -812        304    60.67    61.42       5.01
      766132       -812        344    66.82    67.57       5.15
      842910       -812        386    73.58    74.33       5.25
      925632       -812        415    81.02    81.77       5.12
     1017750       -812        452    89.20    89.95       5.07
     1119365       -812        490    98.20    98.95       4.99
     1135599       -812        500    99.65   100.40       5.02
Time to solution 0.1993s, assuming true minimum is -812
