N=8
Mode: 1
Seed: 52
Search strategy: 0
Initialising random weight matrix with 439 working nodes
439 working nodes out of 512
States are 0,1
Weight-choosing mode: 5
Min time to run: 0.5s
Max time to run: 1e+10s
Solutions are independent
           1       -712          0     0.00     0.00       -nan
           9       -714          0     0.00     0.00       -nan
          13       -718          0     0.00     0.00       -nan
          63       -720          0     0.00     0.01       -nan
         205       -724          0     0.00     0.02       -nan
         357       -726          0     0.00     0.04       -nan
         703       -728          0     0.00     0.07       -nan
        2480       -730          0     0.00     0.24       -nan
        2514       -732          0     0.00     0.24       -nan
       58985       -732         32     5.00     5.24        6.4
      113008       -732         67    10.00    10.24        6.7
      167515       -732        101    15.00    15.24       6.73
      224567       -732        136    20.01    20.25        6.8
      280832       -732        173    25.01    25.25       6.92
      336326       -732        203    30.01    30.25       6.76
      391635       -732        240    35.01    35.25       6.86
      447572       -732        274    40.01    40.25       6.85
      503728       -732        308    45.01    45.25       6.84
      560283       -732        344    50.01    50.25       6.88
      616193       -732        381    55.04    55.28       6.92
      678132       -732        434    60.57    60.81       7.17
      744490       -732        489    66.66    66.90       7.34
      756499       -732        500    67.73    67.97       7.38
Time to solution 0.13546s, assuming true minimum is -732
