N=8
Mode: 1
Seed: 529
Search strategy: 0
Initialising random weight matrix with 439 working nodes
439 working nodes out of 512
States are 0,1
Weight-choosing mode: 5
Min time to run: 0.5s
Max time to run: 1e+10s
Solutions are independent
           1       -804          0     0.00     0.00       -nan
          28       -806          0     0.00     0.00       -nan
          42       -808          0     0.00     0.00       -nan
          60       -812          0     0.00     0.01       -nan
         113       -814          0     0.00     0.02       -nan
        1317       -816          0     0.00     0.13       -nan
        3234       -818          0     0.00     0.31       -nan
       60093       -818         58     5.00     5.31       11.6
      116047       -820          0     0.00    10.19       -nan
      172492       -820          3     5.00    15.19        0.6
      230203       -820          9    10.00    20.19        0.9
      286598       -820         13    15.00    25.19      0.867
      345187       -820         25    20.00    30.19       1.25
      403032       -820         33    25.00    35.19       1.32
      461048       -820         40    30.00    40.19       1.33
      517752       -820         48    35.00    45.19       1.37
      574373       -820         58    40.00    50.19       1.45
      631753       -820         61    45.02    55.21       1.35
      692865       -820         68    50.55    60.74       1.35
      762940       -820         74    56.63    66.82       1.31
      841874       -820         86    63.32    73.51       1.36
      924194       -820         95    70.68    80.87       1.34
     1019345       -820        114    78.77    88.96       1.45
     1118907       -820        123    87.67    97.86        1.4
     1230542       -820        136    97.46   107.65        1.4
     1352043       -820        151   108.23   118.42        1.4
     1485487       -820        163   120.08   130.27       1.36
     1633136       -820        183   133.11   143.30       1.37
     1794258       -820        206   147.45   157.64        1.4
     1974148       -820        233   163.22   173.41       1.43
     2170582       -820        257   180.57   190.76       1.42
     2387453       -820        289   199.65   209.84       1.45
     2625551       -820        319   220.64   230.83       1.45
     2889639       -820        348   243.73   253.92       1.43
     3181480       -820        384   269.13   279.32       1.43
     3498540       -820        420   297.07   307.26       1.41
     3848833       -820        450   327.80   337.99       1.37
     4233425       -820        492   361.60   371.79       1.36
     4315694       -820        500   368.80   378.99       1.36
Time to solution 0.7376s, assuming true minimum is -820
