N=8
Mode: 1
Seed: 53
Search strategy: 0
Initialising random weight matrix with 439 working nodes
439 working nodes out of 512
States are 0,1
Weight-choosing mode: 5
Min time to run: 0.5s
Max time to run: 1e+10s
Solutions are independent
           1       -786          0     0.00     0.00       -nan
           3       -800          0     0.00     0.00       -nan
          21       -802          0     0.00     0.00       -nan
         113       -806          0     0.00     0.01       -nan
        1380       -810          0     0.00     0.13       -nan
        3371       -812          0     0.00     0.31       -nan
       59696       -812          4     5.00     5.31        0.8
      113732       -812         14    10.00    10.31        1.4
      170543       -812         18    15.00    15.31        1.2
      227778       -812         26    20.01    20.32        1.3
      283183       -812         33    25.01    25.32       1.32
      339754       -812         41    30.01    30.32       1.37
      396608       -812         47    35.01    35.32       1.34
      451440       -812         50    40.01    40.32       1.25
      507531       -812         57    45.01    45.32       1.27
      563788       -812         63    50.01    50.32       1.26
      619529       -812         67    55.05    55.36       1.22
      683107       -812         79    60.59    60.90        1.3
      750805       -812         88    66.69    67.00       1.32
      824359       -812         93    73.39    73.70       1.27
      905598       -812        100    80.77    81.08       1.24
      996211       -812        111    88.88    89.19       1.25
     1096043       -812        126    97.80    98.11       1.29
     1205175       -812        139   107.62   107.93       1.29
     1325638       -812        151   118.42   118.73       1.28
     1459720       -812        164   130.30   130.61       1.26
     1604465       -812        188   143.37   143.68       1.31
     1763361       -812        201   157.74   158.05       1.27
     1940691       -812        213   173.55   173.86       1.23
     2133626       -812        238   190.94   191.25       1.25
     2346260       -812        265   210.07   210.38       1.26
     2585559       -812        287   231.11   231.42       1.24
     2848451       -812        316   254.26   254.57       1.24
     3134320       -812        341   279.72   280.03       1.22
     3445934       -812        371   307.73   308.04       1.21
     3792787       -812        415   338.54   338.85       1.23
     4170128       -812        466   372.43   372.74       1.25
     4430204       -812        500   395.76   396.07       1.26
Time to solution 0.79152s, assuming true minimum is -812
