N=8
Mode: 1
Seed: 532
Search strategy: 0
Initialising random weight matrix with 439 working nodes
439 working nodes out of 512
States are 0,1
Weight-choosing mode: 5
Min time to run: 0.5s
Max time to run: 1e+10s
Solutions are independent
           1       -758          0     0.00     0.00       -nan
           2       -776          0     0.00     0.00       -nan
          20       -778          0     0.00     0.00       -nan
         110       -782          0     0.00     0.01       -nan
        1667       -784          0     0.00     0.18       -nan
       17266       -786          0     0.00     1.74       -nan
       67363       -786          1     5.00     6.74        0.2
      117794       -786          6    10.00    11.74        0.6
      167337       -786         13    15.01    16.75      0.866
      215652       -786         19    20.01    21.75       0.95
      267372       -786         31    25.01    26.75       1.24
      318570       -786         42    30.01    31.75        1.4
      368484       -786         45    35.01    36.75       1.29
      418760       -786         54    40.01    41.75       1.35
      468861       -786         60    45.01    46.75       1.33
      520159       -786         66    50.01    51.75       1.32
      573867       -786         81    55.19    56.93       1.47
      631726       -786         90    60.89    62.63       1.48
      695606       -786        105    67.16    68.90       1.56
      764329       -786        114    74.05    75.79       1.54
      837638       -786        122    81.63    83.37       1.49
      922952       -786        135    89.97    91.71        1.5
     1013679       -786        150    99.15   100.89       1.51
     1114023       -786        163   109.24   110.98       1.49
     1225216       -786        188   120.34   122.08       1.56
     1344991       -786        202   132.55   134.29       1.52
     1482413       -786        229   145.98   147.72       1.57
     1635204       -786        271   160.76   162.50       1.69
     1801159       -786        307   177.02   178.76       1.73
     1981828       -786        336   194.90   196.64       1.72
     2179792       -786        370   214.57   216.31       1.72
     2396951       -786        412   236.21   237.95       1.74
     2636318       -786        444   260.01   261.75       1.71
     2884278       -786        500   284.34   286.08       1.76
Time to solution 0.56868s, assuming true minimum is -786
