N=8
Mode: 1
Seed: 534
Search strategy: 0
Initialising random weight matrix with 439 working nodes
439 working nodes out of 512
States are 0,1
Weight-choosing mode: 5
Min time to run: 0.5s
Max time to run: 1e+10s
Solutions are independent
           1       -780          0     0.00     0.00       -nan
           2       -804          0     0.00     0.00       -nan
         287       -806          0     0.00     0.03       -nan
        2203       -808          0     0.00     0.22       -nan
        3208       -810          0     0.00     0.30       -nan
       56007       -810         11     5.00     5.30        2.2
      109024       -810         20    10.00    10.30          2
      163836       -810         35    15.00    15.30       2.33
      218161       -810         49    20.00    20.30       2.45
      270778       -810         56    25.00    25.30       2.24
      325163       -810         69    30.00    30.30        2.3
      380371       -810         85    35.00    35.30       2.43
      434611       -810         98    40.00    40.30       2.45
      488633       -810        111    45.00    45.30       2.47
      542385       -810        125    50.00    50.30        2.5
      596213       -810        136    55.03    55.33       2.47
      658054       -810        149    60.57    60.87       2.46
      722255       -810        161    66.66    66.96       2.42
      795600       -810        181    73.36    73.66       2.47
      875993       -810        202    80.73    81.03        2.5
      965973       -810        227    88.84    89.14       2.56
     1063423       -810        251    97.76    98.06       2.57
     1170277       -810        276   107.57   107.87       2.57
     1286076       -810        296   118.36   118.66        2.5
     1415488       -810        334   130.23   130.53       2.56
     1558114       -810        363   143.29   143.59       2.53
     1713947       -810        399   157.65   157.95       2.53
     1884190       -810        431   173.45   173.75       2.48
     2072545       -810        474   190.83   191.13       2.48
     2139944       -810        500   196.94   197.24       2.54
Time to solution 0.39388s, assuming true minimum is -810
