N=8
Mode: 1
Seed: 536
Search strategy: 0
Initialising random weight matrix with 439 working nodes
439 working nodes out of 512
States are 0,1
Weight-choosing mode: 5
Min time to run: 0.5s
Max time to run: 1e+10s
Solutions are independent
           1       -768          0     0.00     0.00       -nan
           2       -776          0     0.00     0.00       -nan
          19       -778          0     0.00     0.00       -nan
          68       -782          0     0.00     0.00       -nan
         516       -788          0     0.00     0.04       -nan
       60842       -788         17     5.00     5.04        3.4
      120466       -788         36    10.00    10.04        3.6
      179032       -788         47    15.00    15.04       3.13
      240603       -788         62    20.00    20.04        3.1
      299744       -788         88    25.00    25.04       3.52
      359972       -788         99    30.00    30.04        3.3
      419126       -788        115    35.00    35.04       3.29
      478836       -788        131    40.00    40.04       3.27
      539776       -788        147    45.00    45.04       3.27
      599458       -788        166    50.00    50.04       3.32
      660398       -788        181    55.01    55.05       3.29
      726133       -788        198    60.52    60.56       3.27
      799498       -788        212    66.58    66.62       3.18
      878958       -788        231    73.25    73.29       3.15
      965850       -788        251    80.58    80.62       3.11
     1063012       -788        273    88.65    88.69       3.08
     1169214       -788        306    97.52    97.56       3.14
     1286204       -788        329   107.28   107.32       3.07
     1414504       -788        353   118.02   118.06       2.99
     1554821       -788        377   129.83   129.87        2.9
     1707976       -788        414   142.82   142.86        2.9
     1879174       -788        467   157.11   157.15       2.97
     1975544       -788        500   165.11   165.15       3.03
Time to solution 0.33022s, assuming true minimum is -788
