N=8
Mode: 1
Seed: 545
Search strategy: 0
Initialising random weight matrix with 439 working nodes
439 working nodes out of 512
States are 0,1
Weight-choosing mode: 5
Min time to run: 0.5s
Max time to run: 1e+10s
Solutions are independent
           1       -736          0     0.00     0.00       -nan
           2       -744          0     0.00     0.00       -nan
           3       -752          0     0.00     0.00       -nan
           4       -760          0     0.00     0.00       -nan
          21       -762          0     0.00     0.00       -nan
         158       -764          0     0.00     0.02       -nan
         683       -766          0     0.00     0.07       -nan
        7906       -768          0     0.00     0.70       -nan
       63694       -768         13     5.00     5.70        2.6
      120070       -768         28    10.00    10.70        2.8
      175287       -768         42    15.00    15.70        2.8
      232196       -768         57    20.00    20.70       2.85
      288370       -768         73    25.00    25.70       2.92
      343480       -768         96    30.00    30.70        3.2
      400531       -768        115    35.00    35.70       3.29
      455047       -768        136    40.00    40.70        3.4
      511377       -768        158    45.00    45.70       3.51
      568250       -768        176    50.00    50.70       3.52
      625041       -768        196    55.08    55.78       3.56
      687585       -768        214    60.66    61.36       3.53
      755904       -768        243    66.80    67.50       3.64
      832206       -768        264    73.55    74.25       3.59
      914180       -768        292    80.98    81.68       3.61
     1006009       -768        316    89.15    89.85       3.54
     1107713       -768        350    98.14    98.84       3.57
     1219259       -768        384   108.03   108.73       3.55
     1341381       -768        424   118.91   119.61       3.57
     1477674       -768        472   130.88   131.58       3.61
     1552730       -768        500   137.60   138.30       3.63
Time to solution 0.2752s, assuming true minimum is -768
