N=8
Mode: 1
Seed: 555
Search strategy: 0
Initialising random weight matrix with 439 working nodes
439 working nodes out of 512
States are 0,1
Weight-choosing mode: 5
Min time to run: 0.5s
Max time to run: 1e+10s
Solutions are independent
           1       -804          0     0.00     0.00       -nan
           2       -806          0     0.00     0.00       -nan
          70       -808          0     0.00     0.01       -nan
         173       -810          0     0.00     0.02       -nan
         582       -812          0     0.00     0.06       -nan
        3798       -814          0     0.00     0.38       -nan
       58934       -814         13     5.00     5.38        2.6
      113989       -814         33    10.00    10.38        3.3
      167757       -814         57    15.00    15.38        3.8
      222681       -814         73    20.01    20.39       3.65
      274916       -814         85    25.01    25.39        3.4
      325755       -814        101    30.01    30.39       3.37
      378483       -814        120    35.01    35.39       3.43
      432618       -814        134    40.01    40.39       3.35
      486450       -814        157    45.01    45.39       3.49
      540021       -814        168    50.01    50.39       3.36
      593329       -814        176    55.05    55.43        3.2
      651521       -814        196    60.60    60.98       3.23
      716499       -814        216    66.70    67.08       3.24
      787919       -814        236    73.41    73.79       3.21
      867017       -814        260    80.79    81.17       3.22
      954863       -814        293    88.91    89.29        3.3
     1050431       -814        337    97.84    98.22       3.44
     1155681       -814        373   107.67   108.05       3.46
     1272603       -814        415   118.48   118.86        3.5
     1399644       -814        451   130.37   130.75       3.46
     1538584       -814        497   143.45   143.83       3.46
     1541711       -814        500   143.77   144.15       3.48
Time to solution 0.28754s, assuming true minimum is -814
