N=8
Mode: 1
Seed: 560
Search strategy: 0
Initialising random weight matrix with 439 working nodes
439 working nodes out of 512
States are 0,1
Weight-choosing mode: 5
Min time to run: 0.5s
Max time to run: 1e+10s
Solutions are independent
           1       -776          0     0.00     0.00       -nan
           2       -798          0     0.00     0.00       -nan
          48       -800          0     0.00     0.00       -nan
          75       -804          0     0.00     0.01       -nan
         939       -806          0     0.00     0.09       -nan
        2192       -808          0     0.00     0.20       -nan
       58161       -808         34     5.00     5.20        6.8
      113693       -808         60    10.00    10.20          6
      170371       -808         96    15.00    15.20        6.4
      227540       -808        137    20.00    20.20       6.85
      284563       -808        173    25.00    25.20       6.92
      341854       -808        209    30.00    30.20       6.97
      399382       -808        261    35.00    35.20       7.46
      456006       -808        296    40.00    40.20        7.4
      511078       -808        328    45.00    45.20       7.29
      568381       -808        363    50.00    50.20       7.26
      625262       -808        400    55.03    55.23       7.27
      686792       -808        437    60.56    60.76       7.22
      755764       -808        483    66.64    66.84       7.25
      783978       -808        500    69.18    69.38       7.23
Time to solution 0.13836s, assuming true minimum is -808
