N=8
Mode: 1
Seed: 565
Search strategy: 0
Initialising random weight matrix with 439 working nodes
439 working nodes out of 512
States are 0,1
Weight-choosing mode: 5
Min time to run: 0.5s
Max time to run: 1e+10s
Solutions are independent
           1       -808          0     0.00     0.00       -nan
           2       -810          0     0.00     0.00       -nan
           8       -814          0     0.00     0.00       -nan
           9       -826          0     0.00     0.00       -nan
         115       -828          0     0.00     0.02       -nan
         662       -830          0     0.00     0.06       -nan
         665       -832          0     0.00     0.06       -nan
        1080       -836          0     0.00     0.10       -nan
       59461       -836         32     5.00     5.10        6.4
      118336       -836         63    10.00    10.10        6.3
      176751       -836         79    15.00    15.10       5.27
      234890       -836        101    20.00    20.10       5.05
      292491       -836        129    25.00    25.10       5.16
      349098       -836        162    30.00    30.10        5.4
      406257       -836        184    35.00    35.10       5.26
      462721       -836        209    40.00    40.10       5.22
      518863       -836        224    45.00    45.10       4.98
      576050       -836        243    50.00    50.10       4.86
      634202       -836        265    55.02    55.12       4.82
      698609       -836        293    60.54    60.64       4.84
      768313       -836        319    66.61    66.71       4.79
      845676       -836        354    73.29    73.39       4.83
      931396       -836        395    80.63    80.73        4.9
     1023642       -836        433    88.71    88.81       4.88
     1126800       -836        475    97.60    97.70       4.87
     1193349       -836        500   103.50   103.60       4.83
Time to solution 0.207s, assuming true minimum is -836
