N=8
Mode: 1
Seed: 569
Search strategy: 0
Initialising random weight matrix with 439 working nodes
439 working nodes out of 512
States are 0,1
Weight-choosing mode: 5
Min time to run: 0.5s
Max time to run: 1e+10s
Solutions are independent
           1       -738          0     0.00     0.00       -nan
          86       -744          0     0.00     0.01       -nan
         341       -746          0     0.00     0.04       -nan
        2036       -748          0     0.00     0.18       -nan
       58672       -748         26     5.00     5.18        5.2
      114729       -748         49    10.00    10.18        4.9
      170485       -748         89    15.00    15.18       5.93
      227347       -748        132    20.00    20.18        6.6
      284247       -748        163    25.00    25.18       6.52
      339379       -748        193    30.00    30.18       6.43
      394997       -748        217    35.00    35.18        6.2
      451722       -748        249    40.00    40.18       6.22
      507252       -748        276    45.00    45.18       6.13
      563459       -748        316    50.00    50.18       6.32
      620690       -748        345    55.02    55.20       6.27
      683111       -748        378    60.55    60.73       6.24
      752386       -748        418    66.63    66.81       6.27
      827470       -748        457    73.32    73.50       6.23
      904055       -748        500    80.03    80.21       6.25
Time to solution 0.16006s, assuming true minimum is -748
