N=8
Mode: 1
Seed: 574
Search strategy: 0
Initialising random weight matrix with 439 working nodes
439 working nodes out of 512
States are 0,1
Weight-choosing mode: 5
Min time to run: 0.5s
Max time to run: 1e+10s
Solutions are independent
           1       -768          0     0.00     0.00       -nan
           6       -778          0     0.00     0.00       -nan
          22       -780          0     0.00     0.00       -nan
          35       -782          0     0.00     0.00       -nan
          55       -788          0     0.00     0.01       -nan
          72       -790          0     0.00     0.01       -nan
        4870       -792          0     0.00     0.51       -nan
       55706       -792         26     5.00     5.51        5.2
      105578       -792         46    10.00    10.51        4.6
      154883       -792         61    15.00    15.51       4.07
      204787       -792         72    20.00    20.51        3.6
      254617       -792         93    25.00    25.51       3.72
      304373       -792        113    30.00    30.51       3.77
      354669       -792        132    35.01    35.52       3.77
      404498       -792        145    40.01    40.52       3.62
      454704       -792        164    45.01    45.52       3.64
      506040       -792        183    50.01    50.52       3.66
      556693       -792        197    55.07    55.58       3.58
      611827       -792        217    60.63    61.14       3.58
      673319       -792        237    66.75    67.26       3.55
      740991       -792        259    73.48    73.99       3.52
      815009       -792        284    80.88    81.39       3.51
      896174       -792        313    89.02    89.53       3.52
      984840       -792        335    97.98    98.49       3.42
     1083982       -792        374   107.83   108.34       3.47
     1195149       -792        418   118.67   119.18       3.52
     1317880       -792        466   130.59   131.10       3.57
     1402399       -792        500   138.87   139.38        3.6
Time to solution 0.27774s, assuming true minimum is -792
