N=8
Mode: 1
Seed: 575
Search strategy: 0
Initialising random weight matrix with 439 working nodes
439 working nodes out of 512
States are 0,1
Weight-choosing mode: 5
Min time to run: 0.5s
Max time to run: 1e+10s
Solutions are independent
           1       -666          0     0.00     0.00       -nan
          25       -670          0     0.00     0.01       -nan
          46       -676          0     0.00     0.01       -nan
         274       -678          0     0.00     0.03       -nan
        9299       -680          0     0.00     0.88       -nan
       64765       -680         21     5.00     5.88        4.2
      120192       -680         43    10.00    10.88        4.3
      176911       -680         71    15.00    15.88       4.73
      232515       -680         93    20.01    20.89       4.65
      289276       -680        116    25.01    25.89       4.64
      345173       -680        152    30.01    30.89       5.06
      402080       -680        175    35.01    35.89          5
      459137       -680        209    40.01    40.89       5.22
      513236       -680        237    45.01    45.89       5.27
      569742       -680        261    50.01    50.89       5.22
      625411       -680        279    55.10    55.98       5.06
      687757       -680        307    60.70    61.58       5.06
      757148       -680        343    66.86    67.74       5.13
      832594       -680        388    73.64    74.52       5.27
      917058       -680        429    81.10    81.98       5.29
     1010005       -680        477    89.30    90.18       5.34
     1060571       -680        500    93.78    94.66       5.33
Time to solution 0.18756s, assuming true minimum is -680
