N=8
Mode: 1
Seed: 578
Search strategy: 0
Initialising random weight matrix with 439 working nodes
439 working nodes out of 512
States are 0,1
Weight-choosing mode: 5
Min time to run: 0.5s
Max time to run: 1e+10s
Solutions are independent
           1       -718          0     0.00     0.00       -nan
           2       -724          0     0.00     0.00       -nan
           4       -734          0     0.00     0.00       -nan
           9       -738          0     0.00     0.00       -nan
          20       -740          0     0.00     0.00       -nan
          83       -744          0     0.00     0.01       -nan
        4055       -746          0     0.00     0.38       -nan
       26000       -748          0     0.00     2.36       -nan
       81905       -748         13     5.00     7.36        2.6
      137609       -748         30    10.00    12.36          3
      193504       -748         50    15.00    17.36       3.33
      248504       -748         67    20.00    22.36       3.35
      301453       -748         79    25.00    27.36       3.16
      354922       -748         88    30.00    32.36       2.93
      410335       -748        104    35.00    37.36       2.97
      463746       -748        121    40.00    42.36       3.02
      518741       -748        135    45.00    47.36          3
      573587       -748        152    50.00    52.36       3.04
      630976       -748        168    55.24    57.60       3.04
      693972       -748        181    61.01    63.37       2.97
      763486       -748        209    67.35    69.71        3.1
      840052       -748        228    74.33    76.69       3.07
      924893       -748        248    82.00    84.36       3.02
     1016255       -748        268    90.44    92.80       2.96
     1118481       -748        297    99.72   102.08       2.98
     1232370       -748        319   109.93   112.29        2.9
     1356062       -748        343   121.16   123.52       2.83
     1490172       -748        378   133.52   135.88       2.83
     1637184       -748        414   147.11   149.47       2.81
     1802223       -748        465   162.06   164.42       2.87
     1936935       -748        500   174.23   176.59       2.87
Time to solution 0.34846s, assuming true minimum is -748
