N=8
Mode: 1
Seed: 590
Search strategy: 0
Initialising random weight matrix with 439 working nodes
439 working nodes out of 512
States are 0,1
Weight-choosing mode: 5
Min time to run: 0.5s
Max time to run: 1e+10s
Solutions are independent
           1       -778          0     0.00     0.00       -nan
           2       -788          0     0.00     0.00       -nan
           5       -802          0     0.00     0.00       -nan
           7       -804          0     0.00     0.00       -nan
          18       -812          0     0.00     0.00       -nan
         115       -814          0     0.00     0.01       -nan
         132       -816          0     0.00     0.02       -nan
         291       -818          0     0.00     0.03       -nan
       47464       -818         29     5.00     5.03        5.8
       93955       -818         62    10.01    10.04       6.19
      140701       -818        103    15.01    15.04       6.86
      187858       -818        137    20.01    20.04       6.85
      234406       -818        173    25.01    25.04       6.92
      281116       -818        208    30.01    30.04       6.93
      327032       -818        239    35.01    35.04       6.83
      374435       -818        274    40.01    40.04       6.85
      420660       -818        301    45.01    45.04       6.69
      468195       -818        325    50.01    50.04        6.5
      514007       -818        352    55.02    55.05        6.4
      565222       -818        382    60.53    60.56       6.31
      622281       -818        416    66.59    66.62       6.25
      684670       -818        470    73.26    73.29       6.42
      719614       -818        500    76.85    76.88       6.51
Time to solution 0.1537s, assuming true minimum is -818
