N=8
Mode: 1
Seed: 591
Search strategy: 0
Initialising random weight matrix with 439 working nodes
439 working nodes out of 512
States are 0,1
Weight-choosing mode: 5
Min time to run: 0.5s
Max time to run: 1e+10s
Solutions are independent
           1       -806          0     0.00     0.00       -nan
           2       -812          0     0.00     0.00       -nan
           4       -818          0     0.00     0.00       -nan
         473       -820          0     0.00     0.05       -nan
        5176       -822          0     0.00     0.48       -nan
       60481       -822         12     5.00     5.48        2.4
      113778       -822         23    10.00    10.48        2.3
      167681       -822         34    15.00    15.48       2.27
      223068       -822         43    20.00    20.48       2.15
      277329       -822         60    25.00    25.48        2.4
      331455       -822         69    30.00    30.48        2.3
      386011       -822         84    35.01    35.49        2.4
      440588       -822         98    40.01    40.49       2.45
      494904       -822        109    45.01    45.49       2.42
      549300       -822        122    50.01    50.49       2.44
      603466       -822        133    55.06    55.54       2.42
      663129       -822        143    60.62    61.10       2.36
      729391       -822        160    66.74    67.22        2.4
      802213       -822        179    73.47    73.95       2.44
      881744       -822        196    80.87    81.35       2.42
      970541       -822        215    89.01    89.49       2.42
     1067008       -822        237    97.96    98.44       2.42
     1174116       -822        257   107.81   108.29       2.38
     1291891       -822        279   118.64   119.12       2.35
     1419679       -822        304   130.56   131.04       2.33
     1562024       -822        334   143.67   144.15       2.32
     1718627       -822        369   158.09   158.57       2.33
     1888963       -822        407   173.95   174.43       2.34
     2076237       -822        453   191.40   191.88       2.37
     2256534       -822        500   207.92   208.40        2.4
Time to solution 0.41584s, assuming true minimum is -822
