N=8
Mode: 1
Seed: 603
Search strategy: 0
Initialising random weight matrix with 439 working nodes
439 working nodes out of 512
States are 0,1
Weight-choosing mode: 5
Min time to run: 0.5s
Max time to run: 1e+10s
Solutions are independent
           1       -746          0     0.00     0.00       -nan
           2       -754          0     0.00     0.00       -nan
           3       -766          0     0.00     0.00       -nan
          29       -768          0     0.00     0.00       -nan
         106       -772          0     0.00     0.01       -nan
         107       -776          0     0.00     0.01       -nan
         169       -778          0     0.00     0.02       -nan
         567       -780          0     0.00     0.06       -nan
        5949       -782          0     0.00     0.53       -nan
       62154       -782         43     5.00     5.53        8.6
      120502       -782         86    10.01    10.54       8.59
      178217       -782        121    15.01    15.54       8.06
      235800       -782        158    20.01    20.54        7.9
      292953       -782        195    25.01    25.54        7.8
      349659       -782        238    30.01    30.54       7.93
      408341       -782        286    35.01    35.54       8.17
      466119       -782        323    40.01    40.54       8.07
      523537       -782        362    45.01    45.54       8.04
      579940       -782        404    50.01    50.54       8.08
      638716       -782        454    55.07    55.60       8.24
      703859       -782        498    60.64    61.17       8.21
      705642       -782        500    60.80    61.33       8.22
Time to solution 0.1216s, assuming true minimum is -782
