N=8
Mode: 1
Seed: 609
Search strategy: 0
Initialising random weight matrix with 439 working nodes
439 working nodes out of 512
States are 0,1
Weight-choosing mode: 5
Min time to run: 0.5s
Max time to run: 1e+10s
Solutions are independent
           1       -768          0     0.00     0.00       -nan
           2       -780          0     0.00     0.00       -nan
           3       -784          0     0.00     0.00       -nan
         136       -788          0     0.00     0.02       -nan
         217       -790          0     0.00     0.02       -nan
        2700       -792          0     0.00     0.26       -nan
       57938       -792         16     5.00     5.26        3.2
      112967       -792         35    10.00    10.26        3.5
      166664       -792         48    15.00    15.26        3.2
      222223       -792         59    20.00    20.26       2.95
      277814       -792         78    25.00    25.26       3.12
      332305       -792         89    30.00    30.26       2.97
      387857       -792        109    35.01    35.27       3.11
      442015       -792        118    40.01    40.27       2.95
      495299       -792        136    45.01    45.27       3.02
      550715       -792        159    50.01    50.27       3.18
      607010       -792        177    55.04    55.30       3.22
      667838       -792        197    60.57    60.83       3.25
      734471       -792        214    66.66    66.92       3.21
      808552       -792        236    73.36    73.62       3.22
      889870       -792        262    80.73    80.99       3.25
      979428       -792        289    88.83    89.09       3.25
     1078089       -792        320    97.74    98.00       3.27
     1185110       -792        355   107.55   107.81        3.3
     1302861       -792        392   118.34   118.60       3.31
     1431081       -792        440   130.20   130.46       3.38
     1573026       -792        480   143.25   143.51       3.35
     1642080       -792        500   149.63   149.89       3.34
Time to solution 0.29926s, assuming true minimum is -792
