N=8
Mode: 1
Seed: 618
Search strategy: 0
Initialising random weight matrix with 439 working nodes
439 working nodes out of 512
States are 0,1
Weight-choosing mode: 5
Min time to run: 0.5s
Max time to run: 1e+10s
Solutions are independent
           1       -842          0     0.00     0.00       -nan
           2       -868          0     0.00     0.00       -nan
           3       -870          0     0.00     0.00       -nan
          20       -876          0     0.00     0.00       -nan
          27       -878          0     0.00     0.00       -nan
         917       -880          0     0.00     0.10       -nan
       43465       -880         24     5.00     5.10        4.8
       87993       -880         47    10.00    10.10        4.7
      131890       -880         75    15.00    15.10          5
      175545       -880         96    20.00    20.10        4.8
      220031       -880        133    25.00    25.10       5.32
      263806       -880        157    30.00    30.10       5.23
      306425       -880        177    35.00    35.10       5.06
      350462       -880        206    40.00    40.10       5.15
      393162       -880        227    45.00    45.10       5.04
      437468       -880        255    50.00    50.10        5.1
      482578       -880        280    55.02    55.12       5.09
      530109       -880        312    60.54    60.64       5.15
      583803       -880        348    66.61    66.71       5.22
      642733       -880        384    73.29    73.39       5.24
      707422       -880        416    80.63    80.73       5.16
      776737       -880        455    88.71    88.81       5.13
      849533       -880        500    96.89    96.99       5.16
Time to solution 0.19378s, assuming true minimum is -880
