N=8
Mode: 1
Seed: 628
Search strategy: 0
Initialising random weight matrix with 439 working nodes
439 working nodes out of 512
States are 0,1
Weight-choosing mode: 5
Min time to run: 0.5s
Max time to run: 1e+10s
Solutions are independent
           1       -806          0     0.00     0.00       -nan
           4       -820          0     0.00     0.00       -nan
           7       -822          0     0.00     0.00       -nan
          13       -826          0     0.00     0.00       -nan
          50       -830          0     0.00     0.01       -nan
         252       -832          0     0.00     0.03       -nan
        2918       -834          0     0.00     0.28       -nan
        4677       -836          0     0.00     0.45       -nan
       60535       -836         19     5.00     5.45        3.8
      116062       -836         38    10.00    10.45        3.8
      171275       -836         59    15.00    15.45       3.93
      226482       -836         81    20.00    20.45       4.05
      280392       -836         97    25.00    25.45       3.88
      336519       -836        114    30.00    30.45        3.8
      392198       -836        135    35.00    35.45       3.86
      447520       -836        153    40.00    40.45       3.83
      502425       -836        172    45.00    45.45       3.82
      557569       -836        188    50.00    50.45       3.76
      612368       -836        210    55.05    55.50       3.81
      674734       -836        240    60.61    61.06       3.96
      742564       -836        264    66.72    67.17       3.96
      817443       -836        296    73.44    73.89       4.03
      900446       -836        323    80.83    81.28          4
      992100       -836        350    88.96    89.41       3.93
     1091527       -836        384    97.91    98.36       3.92
     1200217       -836        422   107.75   108.20       3.92
     1320949       -836        466   118.58   119.03       3.93
     1419375       -836        500   127.40   127.85       3.92
Time to solution 0.2548s, assuming true minimum is -836
