N=8
Mode: 1
Seed: 631
Search strategy: 0
Initialising random weight matrix with 439 working nodes
439 working nodes out of 512
States are 0,1
Weight-choosing mode: 5
Min time to run: 0.5s
Max time to run: 1e+10s
Solutions are independent
           1       -736          0     0.00     0.00       -nan
           3       -740          0     0.00     0.00       -nan
           7       -742          0     0.00     0.00       -nan
          28       -752          0     0.00     0.00       -nan
        1916       -754          0     0.00     0.17       -nan
       10066       -756          0     0.00     0.87       -nan
       71499       -756         10     5.00     5.87          2
      133609       -756         21    10.01    10.88        2.1
      197523       -756         31    15.01    15.88       2.07
      259528       -756         41    20.02    20.89       2.05
      321973       -756         55    25.02    25.89        2.2
      384154       -756         70    30.02    30.89       2.33
      446501       -756         83    35.02    35.89       2.37
      508547       -756         91    40.02    40.89       2.27
      569480       -756        105    45.02    45.89       2.33
      631974       -756        118    50.02    50.89       2.36
      695069       -756        128    55.11    55.98       2.32
      763927       -756        138    60.71    61.58       2.27
      841283       -756        153    66.87    67.74       2.29
      924976       -756        173    73.65    74.52       2.35
     1017189       -756        181    81.11    81.98       2.23
     1117660       -756        203    89.31    90.18       2.27
     1227270       -756        232    98.33    99.20       2.36
     1349473       -756        250   108.26   109.13       2.31
     1482049       -756        273   119.18   120.05       2.29
     1629263       -756        302   131.19   132.06        2.3
     1790771       -756        328   144.40   145.27       2.27
     1969921       -756        362   158.93   159.80       2.28
     2164977       -756        395   174.92   175.79       2.26
     2379837       -756        444   192.50   193.37       2.31
     2618304       -756        480   211.84   212.71       2.27
     2791845       -756        500   226.12   226.99       2.21
Time to solution 0.45224s, assuming true minimum is -756
