N=8
Mode: 1
Seed: 637
Search strategy: 0
Initialising random weight matrix with 439 working nodes
439 working nodes out of 512
States are 0,1
Weight-choosing mode: 5
Min time to run: 0.5s
Max time to run: 1e+10s
Solutions are independent
           1       -730          0     0.00     0.00       -nan
           3       -744          0     0.00     0.00       -nan
          17       -746          0     0.00     0.00       -nan
          42       -748          0     0.00     0.01       -nan
         225       -750          0     0.00     0.03       -nan
        2243       -752          0     0.00     0.22       -nan
       41417       -754          0     0.00     3.88       -nan
       96511       -754         24     5.00     8.88        4.8
      151071       -754         56    10.00    13.88        5.6
      207106       -754         85    15.01    18.89       5.66
      261390       -754        112    20.01    23.89        5.6
      315625       -754        140    25.01    28.89        5.6
      370522       -754        161    30.01    33.89       5.36
      426469       -754        196    35.01    38.89        5.6
      481786       -754        222    40.01    43.89       5.55
      535909       -754        250    45.01    48.89       5.55
      589619       -754        279    50.01    53.89       5.58
      647654       -754        297    55.40    59.28       5.36
      712079       -754        322    61.33    65.21       5.25
      784412       -754        355    67.86    71.74       5.23
      862523       -754        395    75.04    78.92       5.26
      948533       -754        440    82.94    86.82       5.31
     1042828       -754        487    91.63    95.51       5.31
     1061662       -754        500    93.29    97.17       5.36
Time to solution 0.18658s, assuming true minimum is -754
