N=8
Mode: 1
Seed: 638
Search strategy: 0
Initialising random weight matrix with 439 working nodes
439 working nodes out of 512
States are 0,1
Weight-choosing mode: 5
Min time to run: 0.5s
Max time to run: 1e+10s
Solutions are independent
           1       -776          0     0.00     0.00       -nan
           3       -784          0     0.00     0.00       -nan
          10       -786          0     0.00     0.00       -nan
          42       -790          0     0.00     0.01       -nan
         365       -792          0     0.00     0.04       -nan
       22396       -794          0     0.00     2.24       -nan
       74426       -794         12     5.00     7.24        2.4
      125295       -794         22    10.00    12.24        2.2
      175311       -794         29    15.01    17.25       1.93
      226929       -794         39    20.01    22.25       1.95
      277228       -794         53    25.01    27.25       2.12
      328003       -794         66    30.01    32.25        2.2
      378426       -794         74    35.01    37.25       2.11
      427441       -794         88    40.01    42.25        2.2
      477415       -794         90    45.01    47.25          2
      527741       -794        102    50.01    52.25       2.04
      582123       -794        116    55.24    57.48        2.1
      640239       -794        123    60.99    63.23       2.02
      702580       -794        134    67.32    69.56       1.99
      773403       -794        141    74.28    76.52        1.9
      851073       -794        151    81.94    84.18       1.84
      935139       -794        171    90.36    92.60       1.89
     1027832       -794        187    99.62   101.86       1.88
     1131626       -794        208   109.81   112.05       1.89
     1244476       -794        230   121.02   123.26        1.9
     1367106       -794        253   133.35   135.59        1.9
     1505223       -794        279   146.91   149.15        1.9
     1655397       -794        317   161.83   164.07       1.96
     1821265       -794        356   178.24   180.48          2
     2001675       -794        402   196.29   198.53       2.05
     2201968       -794        445   216.15   218.39       2.06
     2422200       -794        490   237.99   240.23       2.06
     2487798       -794        500   244.37   246.61       2.05
Time to solution 0.48874s, assuming true minimum is -794
