N=8
Mode: 1
Seed: 644
Search strategy: 0
Initialising random weight matrix with 439 working nodes
439 working nodes out of 512
States are 0,1
Weight-choosing mode: 5
Min time to run: 0.5s
Max time to run: 1e+10s
Solutions are independent
           1       -770          0     0.00     0.00       -nan
           3       -776          0     0.00     0.00       -nan
          72       -778          0     0.00     0.01       -nan
          97       -782          0     0.00     0.02       -nan
         518       -784          0     0.00     0.06       -nan
         914       -786          0     0.00     0.09       -nan
        1021       -788          0     0.00     0.10       -nan
       60160       -788         30     5.00     5.10          6
      117608       -788         52    10.00    10.10        5.2
      175253       -788         77    15.00    15.10       5.13
      234135       -788        112    20.00    20.10        5.6
      293146       -788        140    25.00    25.10        5.6
      353565       -788        168    30.00    30.10        5.6
      413192       -788        193    35.00    35.10       5.51
      471515       -788        218    40.00    40.10       5.45
      529930       -788        240    45.00    45.10       5.33
      588189       -788        264    50.00    50.10       5.28
      647142       -788        286    55.02    55.12        5.2
      713228       -788        312    60.54    60.64       5.15
      785244       -788        345    66.61    66.71       5.18
      863107       -788        385    73.29    73.39       5.25
      949248       -788        428    80.63    80.73       5.31
     1044438       -788        478    88.71    88.81       5.39
     1094598       -788        500    93.00    93.10       5.38
Time to solution 0.186s, assuming true minimum is -788
