N=8
Mode: 1
Seed: 646
Search strategy: 0
Initialising random weight matrix with 439 working nodes
439 working nodes out of 512
States are 0,1
Weight-choosing mode: 5
Min time to run: 0.5s
Max time to run: 1e+10s
Solutions are independent
           1       -790          0     0.00     0.00       -nan
           2       -792          0     0.00     0.00       -nan
           3       -812          0     0.00     0.00       -nan
           4       -822          0     0.00     0.00       -nan
          61       -826          0     0.00     0.00       -nan
         153       -832          0     0.00     0.01       -nan
       15564       -834          0     0.00     1.34       -nan
       71396       -834          7     5.00     6.34        1.4
      128315       -834         18    10.00    11.34        1.8
      185616       -834         23    15.00    16.34       1.53
      242713       -834         30    20.00    21.34        1.5
      300279       -834         39    25.00    26.34       1.56
      356181       -834         47    30.00    31.34       1.57
      411825       -834         56    35.00    36.34        1.6
      468835       -834         63    40.00    41.34       1.57
      525741       -834         71    45.00    46.34       1.58
      581797       -834         80    50.00    51.34        1.6
      639879       -834         92    55.14    56.48       1.67
      705426       -834        106    60.79    62.13       1.74
      777042       -834        120    67.01    68.35       1.79
      854736       -834        141    73.85    75.19       1.91
      941014       -834        152    81.37    82.71       1.87
     1037395       -834        170    89.65    90.99        1.9
     1141495       -834        184    98.75   100.09       1.86
     1256524       -834        204   108.76   110.10       1.88
     1382777       -834        234   119.77   121.11       1.95
     1519556       -834        258   131.89   133.23       1.96
     1671054       -834        283   145.22   146.56       1.95
     1838658       -834        325   159.88   161.22       2.03
     2022445       -834        358   176.01   177.35       2.03
     2223303       -834        397   193.75   195.09       2.05
     2447197       -834        430   213.26   214.60       2.02
     2685820       -834        471   234.72   236.06       2.01
     2846900       -834        500   248.79   250.13       2.01
Time to solution 0.49758s, assuming true minimum is -834
