N=8
Mode: 1
Seed: 652
Search strategy: 0
Initialising random weight matrix with 439 working nodes
439 working nodes out of 512
States are 0,1
Weight-choosing mode: 5
Min time to run: 0.5s
Max time to run: 1e+10s
Solutions are independent
           1       -766          0     0.00     0.00       -nan
           2       -774          0     0.00     0.00       -nan
          19       -778          0     0.00     0.00       -nan
          22       -780          0     0.00     0.00       -nan
          24       -782          0     0.00     0.00       -nan
          89       -784          0     0.00     0.01       -nan
        1206       -786          0     0.00     0.11       -nan
       23552       -788          0     0.00     2.14       -nan
       76800       -788         13     5.01     7.15       2.59
      129705       -788         20    10.01    12.15          2
      180881       -788         26    15.01    17.15       1.73
      234543       -788         31    20.01    22.15       1.55
      287068       -788         41    25.01    27.15       1.64
      338699       -788         56    30.01    32.15       1.87
      391196       -788         70    35.01    37.15          2
      443348       -788         82    40.01    42.15       2.05
      496103       -788         89    45.01    47.15       1.98
      548400       -788         99    50.01    52.15       1.98
      602423       -788        110    55.23    57.37       1.99
      663059       -788        124    60.97    63.11       2.03
      729343       -788        138    67.29    69.43       2.05
      802758       -788        157    74.24    76.38       2.11
      882711       -788        172    81.88    84.02        2.1
      970415       -788        186    90.29    92.43       2.06
     1067278       -788        200    99.54   101.68       2.01
     1172818       -788        218   109.71   111.85       1.99
     1285863       -788        234   120.90   123.04       1.94
     1416444       -788        265   133.21   135.35       1.99
     1559184       -788        291   146.75   148.89       1.98
     1716198       -788        323   161.64   163.78          2
     1888121       -788        360   178.02   180.16       2.02
     2075885       -788        384   196.04   198.18       1.96
     2282679       -788        427   215.86   218.00       1.98
     2511818       -788        473   237.66   239.80       1.99
     2638798       -788        500   249.87   252.01          2
Time to solution 0.49974s, assuming true minimum is -788
