N=8
Mode: 1
Seed: 673
Search strategy: 0
Initialising random weight matrix with 439 working nodes
439 working nodes out of 512
States are 0,1
Weight-choosing mode: 5
Min time to run: 0.5s
Max time to run: 1e+10s
Solutions are independent
           1       -818          0     0.00     0.00       -nan
           6       -822          0     0.00     0.00       -nan
           9       -828          0     0.00     0.00       -nan
          18       -830          0     0.00     0.00       -nan
        1552       -832          0     0.00     0.16       -nan
        2963       -834          0     0.00     0.27       -nan
       56486       -834         10     5.00     5.27          2
      109946       -834         19    10.00    10.27        1.9
      164396       -834         27    15.00    15.27        1.8
      218377       -834         38    20.00    20.27        1.9
      271588       -834         53    25.00    25.27       2.12
      327622       -834         65    30.00    30.27       2.17
      382376       -834         76    35.00    35.27       2.17
      436174       -834         91    40.00    40.27       2.27
      490982       -834        100    45.00    45.27       2.22
      544802       -834        109    50.00    50.27       2.18
      599934       -834        118    55.03    55.30       2.14
      658574       -834        133    60.56    60.83        2.2
      722760       -834        153    66.65    66.92        2.3
      793563       -834        164    73.35    73.62       2.24
      873185       -834        182    80.72    80.99       2.25
      960639       -834        198    88.82    89.09       2.23
     1054674       -834        211    97.73    98.00       2.16
     1159073       -834        229   107.54   107.81       2.13
     1274209       -834        250   118.33   118.60       2.11
     1401147       -834        277   130.19   130.46       2.13
     1542536       -834        310   143.24   143.51       2.16
     1697340       -834        342   157.60   157.87       2.17
     1864611       -834        383   173.39   173.66       2.21
     2047764       -834        413   190.76   191.03       2.17
     2252059       -834        449   209.87   210.14       2.14
     2477437       -834        491   230.89   231.16       2.13
     2518753       -834        500   234.68   234.95       2.13
Time to solution 0.46936s, assuming true minimum is -834
