N=8
Mode: 1
Seed: 699
Search strategy: 0
Initialising random weight matrix with 439 working nodes
439 working nodes out of 512
States are 0,1
Weight-choosing mode: 5
Min time to run: 0.5s
Max time to run: 1e+10s
Solutions are independent
           1       -728          0     0.00     0.00       -nan
           2       -740          0     0.00     0.00       -nan
           3       -754          0     0.00     0.00       -nan
           5       -756          0     0.00     0.00       -nan
          23       -758          0     0.00     0.00       -nan
         320       -760          0     0.00     0.03       -nan
         551       -766          0     0.00     0.04       -nan
       64075       -766         24     5.00     5.04        4.8
      126599       -766         62    10.00    10.04        6.2
      187568       -766         87    15.00    15.04        5.8
      249001       -766        112    20.00    20.04        5.6
      311353       -766        140    25.00    25.04        5.6
      374342       -766        179    30.00    30.04       5.97
      436842       -766        217    35.00    35.04        6.2
      499926       -766        241    40.00    40.04       6.03
      561935       -766        271    45.00    45.04       6.02
      624876       -766        301    50.00    50.04       6.02
      687832       -766        330    55.01    55.05          6
      757164       -766        361    60.52    60.56       5.96
      832943       -766        393    66.58    66.62        5.9
      915893       -766        432    73.25    73.29        5.9
     1007260       -766        475    80.58    80.62       5.89
     1053180       -766        500    84.22    84.26       5.94
Time to solution 0.16844s, assuming true minimum is -766
