N=8
Mode: 1
Seed: 703
Search strategy: 0
Initialising random weight matrix with 439 working nodes
439 working nodes out of 512
States are 0,1
Weight-choosing mode: 5
Min time to run: 0.5s
Max time to run: 1e+10s
Solutions are independent
           1       -804          0     0.00     0.00       -nan
           2       -826          0     0.00     0.00       -nan
          34       -834          0     0.00     0.00       -nan
         421       -836          0     0.00     0.04       -nan
        1776       -838          0     0.00     0.18       -nan
        4834       -840          0     0.00     0.46       -nan
       59354       -840         14     5.00     5.46        2.8
      113667       -840         32    10.00    10.46        3.2
      167699       -840         48    15.00    15.46        3.2
      221266       -840         66    20.00    20.46        3.3
      275526       -840         89    25.00    25.46       3.56
      330159       -840        108    30.00    30.46        3.6
      384693       -840        127    35.00    35.46       3.63
      441447       -840        139    40.00    40.46       3.48
      494025       -840        158    45.00    45.46       3.51
      547421       -840        174    50.00    50.46       3.48
      601373       -840        191    55.05    55.51       3.47
      662692       -840        210    60.61    61.07       3.46
      729147       -840        231    66.72    67.18       3.46
      801038       -840        256    73.44    73.90       3.49
      881403       -840        283    80.83    81.29        3.5
      970783       -840        316    88.96    89.42       3.55
     1066609       -840        346    97.91    98.37       3.53
     1174081       -840        382   107.75   108.21       3.55
     1291771       -840        420   118.58   119.04       3.54
     1419378       -840        449   130.49   130.95       3.44
     1561594       -840        499   143.59   144.05       3.48
     1561687       -840        500   143.60   144.06       3.48
Time to solution 0.2872s, assuming true minimum is -840
