N=8
Mode: 1
Seed: 708
Search strategy: 0
Initialising random weight matrix with 439 working nodes
439 working nodes out of 512
States are 0,1
Weight-choosing mode: 5
Min time to run: 0.5s
Max time to run: 1e+10s
Solutions are independent
           1       -766          0     0.00     0.00       -nan
           3       -768          0     0.00     0.00       -nan
           5       -778          0     0.00     0.00       -nan
           9       -784          0     0.00     0.00       -nan
        2433       -786          0     0.00     0.22       -nan
       59748       -786         26     5.00     5.22        5.2
      115584       -786         47    10.00    10.22        4.7
      172068       -786         65    15.00    15.22       4.33
      227992       -786         78    20.00    20.22        3.9
      285148       -786        100    25.00    25.22          4
      341381       -786        114    30.00    30.22        3.8
      399194       -786        135    35.00    35.22       3.86
      454062       -786        150    40.00    40.22       3.75
      511937       -786        170    45.00    45.22       3.78
      569119       -786        194    50.00    50.22       3.88
      627084       -786        214    55.03    55.25       3.89
      688228       -786        233    60.56    60.78       3.85
      757830       -786        257    66.64    66.86       3.86
      834312       -786        284    73.33    73.55       3.87
      918497       -786        307    80.69    80.91        3.8
     1010066       -786        337    88.79    89.01        3.8
     1113394       -786        369    97.70    97.92       3.78
     1224117       -786        406   107.50   107.72       3.78
     1345840       -786        451   118.28   118.50       3.81
     1479604       -786        492   130.14   130.36       3.78
     1498841       -786        500   131.78   132.00       3.79
Time to solution 0.26356s, assuming true minimum is -786
