N=8
Mode: 1
Seed: 710
Search strategy: 0
Initialising random weight matrix with 439 working nodes
439 working nodes out of 512
States are 0,1
Weight-choosing mode: 5
Min time to run: 0.5s
Max time to run: 1e+10s
Solutions are independent
           1       -792          0     0.00     0.00       -nan
           4       -796          0     0.00     0.00       -nan
           8       -798          0     0.00     0.00       -nan
          11       -806          0     0.00     0.00       -nan
          20       -810          0     0.00     0.00       -nan
          21       -814          0     0.00     0.00       -nan
         480       -816          0     0.00     0.04       -nan
       57214       -816        112     5.00     5.04       22.4
       77297       -818          0     0.00     6.86       -nan
      132278       -818          8     5.00    11.86        1.6
      188518       -818         17    10.00    16.86        1.7
      243495       -818         21    15.00    21.86        1.4
      298884       -818         28    20.00    26.86        1.4
      353385       -818         35    25.00    31.86        1.4
      407193       -818         39    30.00    36.86        1.3
      461409       -818         46    35.00    41.86       1.31
      516088       -818         50    40.00    46.86       1.25
      571879       -818         59    45.00    51.86       1.31
      628385       -818         62    50.19    57.05       1.24
      690299       -818         70    55.90    62.76       1.25
      759631       -818         80    62.18    69.04       1.29
      834011       -818         87    69.09    75.95       1.26
      917636       -818         98    76.69    83.55       1.28
     1009221       -818        116    85.05    91.91       1.36
     1109783       -818        126    94.25   101.11       1.34
     1221089       -818        148   104.37   111.23       1.42
     1343404       -818        158   115.50   122.36       1.37
     1477528       -818        173   127.74   134.60       1.35
     1623244       -818        190   141.20   148.06       1.35
     1786723       -818        213   156.01   162.87       1.37
     1965530       -818        238   172.30   179.16       1.38
     2162416       -818        258   190.22   197.08       1.36
     2377232       -818        286   209.93   216.79       1.36
     2618469       -818        317   231.61   238.47       1.37
     2878736       -818        348   255.46   262.32       1.36
     3162018       -818        376   281.70   288.56       1.33
     3482191       -818        417   310.56   317.42       1.34
     3831115       -818        454   342.31   349.17       1.33
     4148006       -818        500   371.12   377.98       1.35
Time to solution 0.74224s, assuming true minimum is -818
