N=8
Mode: 1
Seed: 72
Search strategy: 0
Initialising random weight matrix with 439 working nodes
439 working nodes out of 512
States are 0,1
Weight-choosing mode: 5
Min time to run: 0.5s
Max time to run: 1e+10s
Solutions are independent
           1       -818          0     0.00     0.00       -nan
          23       -822          0     0.00     0.00       -nan
         134       -824          0     0.00     0.01       -nan
         648       -826          0     0.00     0.06       -nan
        1388       -828          0     0.00     0.13       -nan
        2276       -830          0     0.00     0.21       -nan
        3829       -832          0     0.00     0.34       -nan
       63549       -832         19     5.00     5.34        3.8
      123044       -832         38    10.00    10.34        3.8
      181916       -832         59    15.00    15.34       3.93
      240194       -832         87    20.00    20.34       4.35
      300177       -832        109    25.00    25.34       4.36
      359534       -832        126    30.00    30.34        4.2
      418766       -832        148    35.00    35.34       4.23
      477644       -832        176    40.00    40.34        4.4
      536530       -832        198    45.00    45.34        4.4
      596327       -832        224    50.00    50.34       4.48
      654682       -832        243    55.04    55.38       4.41
      720079       -832        269    60.58    60.92       4.44
      791492       -832        296    66.68    67.02       4.44
      870752       -832        321    73.39    73.73       4.37
      958573       -832        358    80.77    81.11       4.43
     1053528       -832        385    88.89    89.23       4.33
     1159901       -832        414    97.82    98.16       4.23
     1277289       -832        454   107.64   107.98       4.22
     1393406       -832        500   117.32   117.66       4.26
Time to solution 0.23464s, assuming true minimum is -832
