N=8
Mode: 1
Seed: 725
Search strategy: 0
Initialising random weight matrix with 439 working nodes
439 working nodes out of 512
States are 0,1
Weight-choosing mode: 5
Min time to run: 0.5s
Max time to run: 1e+10s
Solutions are independent
           1       -738          0     0.00     0.00       -nan
           2       -742          0     0.00     0.00       -nan
           3       -744          0     0.00     0.00       -nan
          10       -746          0     0.00     0.00       -nan
          42       -748          0     0.00     0.00       -nan
         158       -750          0     0.00     0.02       -nan
       34318       -752          0     0.00     3.50       -nan
       81097       -752         12     5.00     8.50        2.4
      129842       -752         22    10.00    13.50        2.2
      177315       -752         28    15.00    18.50       1.87
      222903       -752         34    20.00    23.50        1.7
      269918       -752         41    25.00    28.50       1.64
      318917       -752         52    30.00    33.50       1.73
      365826       -752         62    35.00    38.50       1.77
      413102       -752         71    40.00    43.50       1.77
      460196       -752         81    45.00    48.50        1.8
      506787       -752         93    50.00    53.50       1.86
      556025       -752         98    55.35    58.85       1.77
      612956       -752        115    61.24    64.74       1.88
      673974       -752        133    67.72    71.22       1.96
      740617       -752        152    74.85    78.35       2.03
      814847       -752        165    82.69    86.19          2
      894701       -752        178    91.31    94.81       1.95
      984636       -752        201   100.80   104.30       1.99
     1081580       -752        215   111.23   114.73       1.93
     1187119       -752        235   122.71   126.21       1.92
     1305795       -752        261   135.34   138.84       1.93
     1436333       -752        296   149.23   152.73       1.98
     1580394       -752        323   164.51   168.01       1.96
     1737054       -752        357   181.32   184.82       1.97
     1910365       -752        394   199.81   203.31       1.97
     2102274       -752        434   220.15   223.65       1.97
     2310069       -752        474   242.52   246.02       1.95
     2442427       -752        500   256.90   260.40       1.95
Time to solution 0.5138s, assuming true minimum is -752
