N=8
Mode: 1
Seed: 733
Search strategy: 0
Initialising random weight matrix with 439 working nodes
439 working nodes out of 512
States are 0,1
Weight-choosing mode: 5
Min time to run: 0.5s
Max time to run: 1e+10s
Solutions are independent
           1       -734          0     0.00     0.00       -nan
           2       -746          0     0.00     0.00       -nan
           4       -764          0     0.00     0.00       -nan
        2175       -766          0     0.00     0.18       -nan
        9486       -768          0     0.00     0.82       -nan
       64160       -768         13     5.00     5.82        2.6
      120629       -768         37    10.00    10.82        3.7
      175849       -768         58    15.00    15.82       3.87
      231581       -768         80    20.00    20.82          4
      287329       -768        105    25.00    25.82        4.2
      343988       -768        125    30.00    30.82       4.17
      400974       -768        143    35.00    35.82       4.09
      457185       -768        163    40.00    40.82       4.08
      512518       -768        179    45.00    45.82       3.98
      568792       -768        210    50.00    50.82        4.2
      625992       -768        231    55.09    55.91       4.19
      689459       -768        260    60.69    61.51       4.28
      758685       -768        289    66.85    67.67       4.32
      833124       -768        309    73.62    74.44        4.2
      915723       -768        332    81.07    81.89        4.1
     1007853       -768        358    89.26    90.08       4.01
     1108589       -768        387    98.27    99.09       3.94
     1219756       -768        420   108.18   109.00       3.88
     1341282       -768        463   119.08   119.90       3.89
     1457779       -768        500   129.54   130.36       3.86
Time to solution 0.25908s, assuming true minimum is -768
