N=8
Mode: 1
Seed: 734
Search strategy: 0
Initialising random weight matrix with 439 working nodes
439 working nodes out of 512
States are 0,1
Weight-choosing mode: 5
Min time to run: 0.5s
Max time to run: 1e+10s
Solutions are independent
           1       -814          0     0.00     0.00       -nan
          30       -816          0     0.00     0.00       -nan
          43       -818          0     0.00     0.00       -nan
          99       -820          0     0.00     0.01       -nan
         166       -822          0     0.00     0.02       -nan
        1156       -824          0     0.00     0.10       -nan
        4092       -826          0     0.00     0.36       -nan
       59951       -826         23     5.00     5.36        4.6
      116929       -826         52    10.00    10.36        5.2
      174942       -826         81    15.00    15.36        5.4
      230724       -826         99    20.00    20.36       4.95
      286105       -826        116    25.00    25.36       4.64
      343112       -826        136    30.00    30.36       4.53
      399475       -826        156    35.00    35.36       4.46
      456029       -826        179    40.00    40.36       4.47
      512054       -826        198    45.00    45.36        4.4
      569182       -826        215    50.00    50.36        4.3
      626026       -826        236    55.04    55.40       4.29
      689107       -826        261    60.59    60.95       4.31
      757382       -826        285    66.69    67.05       4.27
      833522       -826        309    73.40    73.76       4.21
      915331       -826        333    80.78    81.14       4.12
     1006944       -826        362    88.90    89.26       4.07
     1105304       -826        387    97.83    98.19       3.96
     1215651       -826        427   107.65   108.01       3.97
     1334890       -826        470   118.46   118.82       3.97
     1428794       -826        500   126.95   127.31       3.94
Time to solution 0.2539s, assuming true minimum is -826
