N=8
Mode: 1
Seed: 747
Search strategy: 0
Initialising random weight matrix with 439 working nodes
439 working nodes out of 512
States are 0,1
Weight-choosing mode: 5
Min time to run: 0.5s
Max time to run: 1e+10s
Solutions are independent
           1       -788          0     0.00     0.00       -nan
           2       -794          0     0.00     0.00       -nan
          32       -798          0     0.00     0.00       -nan
          89       -800          0     0.00     0.01       -nan
         154       -802          0     0.00     0.02       -nan
         263       -810          0     0.00     0.04       -nan
       29894       -812          0     0.00     2.63       -nan
       85493       -812          4     5.00     7.63        0.8
      140945       -812          6    10.00    12.63        0.6
      198351       -812          6    15.01    17.64        0.4
      254682       -812          8    20.01    22.64        0.4
      311428       -812         10    25.01    27.64        0.4
      367853       -812         15    30.01    32.64        0.5
      424113       -812         16    35.01    37.64      0.457
      483113       -812         17    40.01    42.64      0.425
      540036       -812         18    45.01    47.64        0.4
      598158       -812         20    50.01    52.64        0.4
      657709       -812         21    55.28    57.91       0.38
      725368       -812         22    61.08    63.71       0.36
      798161       -812         25    67.46    70.09      0.371
      879275       -812         29    74.47    77.10      0.389
      967229       -812         30    82.18    84.81      0.365
     1067565       -812         33    90.67    93.30      0.364
     1175145       -812         37   100.01   102.64       0.37
     1294063       -812         41   110.28   112.91      0.372
     1424047       -812         44   121.58   124.21      0.362
     1566492       -812         51   134.01   136.64      0.381
     1723236       -812         53   147.68   150.31      0.359
     1895677       -812         58   162.72   165.35      0.356
     2086181       -812         64   179.26   181.89      0.357
     2295095       -812         68   197.45   200.08      0.344
     2524992       -812         78   217.46   220.09      0.359
     2775545       -812         85   239.47   242.10      0.355
     3052020       -812         92   263.68   266.31      0.349
     3358465       -812         99   290.32   292.95      0.341
     3694474       -812        108   319.62   322.25      0.338
     4063539       -812        118   351.85   354.48      0.335
     4469600       -812        126   387.30   389.93      0.325
     4916783       -812        135   426.30   428.93      0.317
     5405815       -812        153   469.20   471.83      0.326
     5941552       -812        168   516.39   519.02      0.325
     6538186       -812        183   568.30   570.93      0.322
     7195163       -812        198   625.40   628.03      0.317
     7912571       -812        217   688.21   690.84      0.315
     8701944       -812        247   757.30   759.93      0.326
     9572806       -812        277   833.30   835.93      0.332
    10532941       -812        314   916.90   919.53      0.342
    11586899       -812        346  1008.86  1011.49      0.343
    12740810       -812        374  1110.01  1112.64      0.337
    14017537       -812        409  1221.28  1223.91      0.335
    15424920       -812        446  1343.68  1346.31      0.332
    16952143       -812        497  1478.32  1480.95      0.336
    17138728       -812        500  1494.29  1496.92      0.335
Time to solution 2.98858s, assuming true minimum is -812
