N=8
Mode: 1
Seed: 75
Search strategy: 0
Initialising random weight matrix with 439 working nodes
439 working nodes out of 512
States are 0,1
Weight-choosing mode: 5
Min time to run: 0.5s
Max time to run: 1e+10s
Solutions are independent
           1       -704          0     0.00     0.00       -nan
           2       -718          0     0.00     0.00       -nan
           4       -730          0     0.00     0.00       -nan
         680       -732          0     0.00     0.07       -nan
        2033       -734          0     0.00     0.19       -nan
        2737       -736          0     0.00     0.25       -nan
       60737       -736         14     5.00     5.25        2.8
      120961       -736         29    10.00    10.25        2.9
      178553       -736         43    15.00    15.25       2.87
      237662       -736         61    20.00    20.25       3.05
      296338       -736         71    25.00    25.25       2.84
      353849       -736         88    30.00    30.25       2.93
      412226       -736        103    35.00    35.25       2.94
      470878       -736        116    40.00    40.25        2.9
      529184       -736        128    45.00    45.25       2.84
      587985       -736        139    50.00    50.25       2.78
      646795       -736        152    55.03    55.28       2.76
      710414       -736        172    60.56    60.81       2.84
      781575       -736        197    66.65    66.90       2.96
      859269       -736        217    73.35    73.60       2.96
      946181       -736        242    80.71    80.96          3
     1041283       -736        263    88.81    89.06       2.96
     1146167       -736        294    97.72    97.97       3.01
     1259604       -736        323   107.52   107.77          3
     1385733       -736        357   118.30   118.55       3.02
     1523547       -736        393   130.16   130.41       3.02
     1676862       -736        439   143.21   143.46       3.07
     1847030       -736        487   157.56   157.81       3.09
     1912510       -736        500   163.28   163.53       3.06
Time to solution 0.32656s, assuming true minimum is -736
