N=8
Mode: 1
Seed: 750
Search strategy: 0
Initialising random weight matrix with 439 working nodes
439 working nodes out of 512
States are 0,1
Weight-choosing mode: 5
Min time to run: 0.5s
Max time to run: 1e+10s
Solutions are independent
           1       -734          0     0.00     0.00       -nan
           2       -744          0     0.00     0.00       -nan
           3       -748          0     0.00     0.00       -nan
           4       -750          0     0.00     0.00       -nan
           5       -752          0     0.00     0.00       -nan
          27       -754          0     0.00     0.00       -nan
          29       -760          0     0.00     0.00       -nan
         268       -762          0     0.00     0.02       -nan
         282       -764          0     0.00     0.02       -nan
         363       -766          0     0.00     0.03       -nan
       30572       -768          0     0.00     2.63       -nan
       90266       -768          7     5.00     7.63        1.4
      150382       -768         10    10.00    12.63          1
      211814       -768         22    15.01    17.64       1.47
      271602       -768         33    20.01    22.64       1.65
      333903       -768         46    25.01    27.64       1.84
      396206       -768         54    30.01    32.64        1.8
      456104       -768         58    35.01    37.64       1.66
      516489       -768         71    40.01    42.64       1.77
      577278       -768         81    45.01    47.64        1.8
      638151       -768         94    50.01    52.64       1.88
      701846       -768        104    55.28    57.91       1.88
      771551       -768        109    61.08    63.71       1.78
      848366       -768        121    67.46    70.09       1.79
      934670       -768        138    74.47    77.10       1.85
     1027418       -768        157    82.18    84.81       1.91
     1132049       -768        181    90.67    93.30          2
     1246303       -768        199   100.01   102.64       1.99
     1371299       -768        221   110.28   112.91          2
     1508068       -768        241   121.58   124.21       1.98
     1659250       -768        268   134.01   136.64          2
     1824914       -768        297   147.68   150.31       2.01
     2006227       -768        321   162.72   165.35       1.97
     2209312       -768        345   179.26   181.89       1.92
     2428699       -768        379   197.45   200.08       1.92
     2672083       -768        414   217.46   220.09        1.9
     2936598       -768        461   239.47   242.10       1.93
     3190651       -768        500   260.46   263.09       1.92
Time to solution 0.52092s, assuming true minimum is -768
