N=8
Mode: 1
Seed: 762
Search strategy: 0
Initialising random weight matrix with 439 working nodes
439 working nodes out of 512
States are 0,1
Weight-choosing mode: 5
Min time to run: 0.5s
Max time to run: 1e+10s
Solutions are independent
           1       -764          0     0.00     0.00       -nan
           3       -778          0     0.00     0.00       -nan
           4       -780          0     0.00     0.00       -nan
           6       -782          0     0.00     0.00       -nan
          20       -784          0     0.00     0.00       -nan
         171       -786          0     0.00     0.02       -nan
         531       -788          0     0.00     0.06       -nan
         916       -790          0     0.00     0.10       -nan
       16205       -792          0     0.00     1.38       -nan
       75129       -792         57     5.00     6.38       11.4
       79480       -794          0     0.00     6.73       -nan
      137781       -794          8     5.00    11.73        1.6
      195683       -794         14    10.00    16.73        1.4
      255130       -794         23    15.00    21.73       1.53
      314010       -794         29    20.00    26.73       1.45
      372632       -794         32    25.00    31.73       1.28
      431566       -794         35    30.01    36.74       1.17
      488884       -794         38    35.01    41.74       1.09
      546979       -794         41    40.01    46.74       1.02
      606072       -794         50    45.01    51.74       1.11
      668023       -794         57    50.19    56.92       1.14
      736672       -794         65    55.89    62.62       1.16
      811177       -794         72    62.16    68.89       1.16
      893571       -794         82    69.05    75.78       1.19
      983737       -794         85    76.63    83.36       1.11
     1081010       -794         94    84.97    91.70       1.11
     1187459       -794        103    94.14   100.87       1.09
     1305251       -794        111   104.23   110.96       1.06
     1435894       -794        122   115.33   122.06       1.06
     1577388       -794        132   127.54   134.27       1.03
     1736775       -794        143   140.97   147.70       1.01
     1911398       -794        156   155.74   162.47          1
     2101000       -794        177   171.99   178.72       1.03
     2309509       -794        198   189.87   196.60       1.04
     2538431       -794        218   209.54   216.27       1.04
     2793335       -794        244   231.17   237.90       1.06
     3076010       -794        274   254.97   261.70       1.07
     3380447       -794        309   281.14   287.87        1.1
     3720944       -794        340   309.93   316.66        1.1
     4093691       -794        373   341.60   348.33       1.09
     4505588       -794        405   376.44   383.17       1.08
     4956731       -794        441   414.76   421.49       1.06
     5448700       -794        483   456.91   463.64       1.06
     5645211       -794        500   473.49   480.22       1.06
Time to solution 0.94698s, assuming true minimum is -794
