N=8
Mode: 1
Seed: 767
Search strategy: 0
Initialising random weight matrix with 439 working nodes
439 working nodes out of 512
States are 0,1
Weight-choosing mode: 5
Min time to run: 0.5s
Max time to run: 1e+10s
Solutions are independent
           1       -882          0     0.00     0.00       -nan
           5       -890          0     0.00     0.00       -nan
          18       -892          0     0.00     0.00       -nan
         205       -894          0     0.00     0.03       -nan
         458       -896          0     0.00     0.06       -nan
        2992       -898          0     0.00     0.33       -nan
        4884       -900          0     0.00     0.51       -nan
       58066       -900         31     5.00     5.51        6.2
      110884       -900         64    10.00    10.51        6.4
      164295       -900         90    15.00    15.51          6
      216216       -900        106    20.00    20.51        5.3
      270221       -900        127    25.00    25.51       5.08
      324886       -900        154    30.00    30.51       5.13
      380183       -900        182    35.01    35.52        5.2
      432539       -900        199    40.01    40.52       4.97
      485681       -900        222    45.01    45.52       4.93
      539585       -900        249    50.01    50.52       4.98
      593815       -900        276    55.07    55.58       5.01
      652008       -900        306    60.63    61.14       5.05
      717393       -900        338    66.75    67.26       5.06
      788581       -900        367    73.48    73.99       4.99
      866962       -900        397    80.88    81.39       4.91
      954542       -900        432    89.02    89.53       4.85
     1050263       -900        486    97.98    98.49       4.96
     1093336       -900        500   102.05   102.56        4.9
Time to solution 0.2041s, assuming true minimum is -900
