N=8
Mode: 1
Seed: 777
Search strategy: 0
Initialising random weight matrix with 439 working nodes
439 working nodes out of 512
States are 0,1
Weight-choosing mode: 5
Min time to run: 0.5s
Max time to run: 1e+10s
Solutions are independent
           1       -782          0     0.00     0.00       -nan
           3       -790          0     0.00     0.00       -nan
           9       -802          0     0.00     0.00       -nan
          27       -806          0     0.00     0.00       -nan
       11082       -808          0     0.00     1.04       -nan
       61864       -808         25     5.00     6.04          5
      111994       -808         53    10.00    11.04        5.3
      162211       -808         87    15.00    16.04        5.8
      213698       -808        110    20.00    21.04        5.5
      264535       -808        134    25.00    26.04       5.36
      316103       -808        161    30.00    31.04       5.37
      367530       -808        189    35.00    36.04        5.4
      417161       -808        215    40.00    41.04       5.38
      467398       -808        238    45.00    46.04       5.29
      518290       -808        265    50.00    51.04        5.3
      569194       -808        292    55.11    56.15        5.3
      625720       -808        319    60.73    61.77       5.25
      689093       -808        358    66.91    67.95       5.35
      759507       -808        399    73.71    74.75       5.41
      837026       -808        454    81.19    82.23       5.59
      902369       -808        500    87.55    88.59       5.71
Time to solution 0.1751s, assuming true minimum is -808
