N=8
Mode: 1
Seed: 785
Search strategy: 0
Initialising random weight matrix with 439 working nodes
439 working nodes out of 512
States are 0,1
Weight-choosing mode: 5
Min time to run: 0.5s
Max time to run: 1e+10s
Solutions are independent
           1       -738          0     0.00     0.00       -nan
           2       -748          0     0.00     0.00       -nan
          15       -750          0     0.00     0.00       -nan
          41       -754          0     0.00     0.00       -nan
          42       -756          0     0.00     0.00       -nan
          90       -758          0     0.00     0.01       -nan
        1057       -764          0     0.00     0.11       -nan
       11451       -766          0     0.00     1.02       -nan
       66663       -766         11     5.00     6.02        2.2
      122660       -766         30    10.00    11.02          3
      179099       -766         41    15.00    16.02       2.73
      233600       -766         48    20.00    21.02        2.4
      289735       -766         61    25.00    26.02       2.44
      344351       -766         72    30.00    31.02        2.4
      400719       -766         89    35.00    36.02       2.54
      456565       -766        107    40.00    41.02       2.67
      511186       -766        116    45.00    46.02       2.58
      567532       -766        132    50.00    51.02       2.64
      623992       -766        145    55.11    56.13       2.63
      684196       -766        153    60.73    61.75       2.52
      752128       -766        166    66.91    67.93       2.48
      828399       -766        180    73.71    74.73       2.44
      910110       -766        188    81.19    82.21       2.32
     1003916       -766        209    89.42    90.44       2.34
     1102531       -766        226    98.47    99.49        2.3
     1214423       -766        255   108.42   109.44       2.35
     1336550       -766        283   119.37   120.39       2.37
     1470284       -766        314   131.41   132.43       2.39
     1615997       -766        346   144.66   145.68       2.39
     1777182       -766        387   159.23   160.25       2.43
     1954805       -766        426   175.26   176.28       2.43
     2148878       -766        469   192.89   193.91       2.43
     2242334       -766        500   201.30   202.32       2.48
Time to solution 0.4026s, assuming true minimum is -766
