N=8
Mode: 1
Seed: 789
Search strategy: 0
Initialising random weight matrix with 439 working nodes
439 working nodes out of 512
States are 0,1
Weight-choosing mode: 5
Min time to run: 0.5s
Max time to run: 1e+10s
Solutions are independent
           1       -778          0     0.00     0.00       -nan
           3       -790          0     0.00     0.00       -nan
          32       -792          0     0.00     0.00       -nan
          34       -794          0     0.00     0.00       -nan
          36       -796          0     0.00     0.00       -nan
          38       -800          0     0.00     0.00       -nan
          89       -802          0     0.00     0.01       -nan
         390       -804          0     0.00     0.05       -nan
        1688       -806          0     0.00     0.19       -nan
       51268       -806         25     5.00     5.19          5
      100148       -806         48    10.01    10.20        4.8
      150098       -806         87    15.01    15.20        5.8
      200420       -806        127    20.01    20.20       6.35
      249944       -806        160    25.01    25.20        6.4
      300846       -806        198    30.01    30.20        6.6
      350565       -806        228    35.01    35.20       6.51
      399926       -806        262    40.01    40.20       6.55
      448954       -806        296    45.01    45.20       6.58
      498516       -806        331    50.01    50.20       6.62
      548140       -806        352    55.04    55.23        6.4
      602738       -806        397    60.57    60.76       6.55
      664439       -806        441    66.65    66.84       6.62
      730696       -806        482    73.34    73.53       6.57
      753876       -806        500    75.62    75.81       6.61
Time to solution 0.15124s, assuming true minimum is -806
