N=8
Mode: 1
Seed: 791
Search strategy: 0
Initialising random weight matrix with 439 working nodes
439 working nodes out of 512
States are 0,1
Weight-choosing mode: 5
Min time to run: 0.5s
Max time to run: 1e+10s
Solutions are independent
           1       -700          0     0.00     0.00       -nan
           2       -714          0     0.00     0.00       -nan
           5       -722          0     0.00     0.00       -nan
           8       -724          0     0.00     0.00       -nan
          59       -728          0     0.00     0.00       -nan
        6032       -730          0     0.00     0.54       -nan
       61097       -730         31     5.00     5.54        6.2
      116199       -730         59    10.00    10.54        5.9
      170254       -730         81    15.00    15.54        5.4
      226037       -730        121    20.00    20.54       6.05
      281874       -730        153    25.00    25.54       6.12
      336242       -730        179    30.00    30.54       5.97
      391048       -730        218    35.00    35.54       6.23
      446307       -730        253    40.00    40.54       6.33
      501854       -730        280    45.00    45.54       6.22
      556315       -730        303    50.00    50.54       6.06
      612265       -730        340    55.06    55.60       6.18
      673729       -730        369    60.63    61.17       6.09
      741253       -730        404    66.75    67.29       6.05
      815207       -730        447    73.48    74.02       6.08
      894835       -730        500    80.73    81.27       6.19
Time to solution 0.16146s, assuming true minimum is -730
