N=8
Mode: 1
Seed: 801
Search strategy: 0
Initialising random weight matrix with 439 working nodes
439 working nodes out of 512
States are 0,1
Weight-choosing mode: 5
Min time to run: 0.5s
Max time to run: 1e+10s
Solutions are independent
           1       -720          0     0.00     0.00       -nan
           6       -722          0     0.00     0.00       -nan
           8       -730          0     0.00     0.00       -nan
         101       -732          0     0.00     0.01       -nan
         649       -734          0     0.00     0.07       -nan
         827       -736          0     0.00     0.08       -nan
        1112       -740          0     0.00     0.11       -nan
        1605       -742          0     0.00     0.15       -nan
        2693       -744          0     0.00     0.24       -nan
       63550       -744         14     5.00     5.24        2.8
      125216       -744         30    10.00    10.24          3
      184532       -744         44    15.00    15.24       2.93
      244851       -744         55    20.01    20.25       2.75
      305424       -744         69    25.01    25.25       2.76
      364573       -744         83    30.01    30.25       2.77
      423959       -744         96    35.01    35.25       2.74
      483853       -744        108    40.01    40.25        2.7
      545091       -744        119    45.01    45.25       2.64
      604228       -744        134    50.01    50.25       2.68
      664803       -744        147    55.04    55.28       2.67
      730946       -744        156    60.57    60.81       2.58
      801969       -744        166    66.66    66.90       2.49
      882137       -744        184    73.36    73.60       2.51
      971248       -744        204    80.72    80.96       2.53
     1068347       -744        224    88.82    89.06       2.52
     1174668       -744        240    97.73    97.97       2.46
     1290938       -744        260   107.53   107.77       2.42
     1418940       -744        280   118.31   118.55       2.37
     1559785       -744        302   130.17   130.41       2.32
     1712806       -744        325   143.22   143.46       2.27
     1886313       -744        350   157.57   157.81       2.22
     2075592       -744        383   173.36   173.60       2.21
     2283762       -744        412   190.72   190.96       2.16
     2513562       -744        462   209.82   210.06        2.2
     2675081       -744        500   223.09   223.33       2.24
Time to solution 0.44618s, assuming true minimum is -744
