N=8
Mode: 1
Seed: 802
Search strategy: 0
Initialising random weight matrix with 439 working nodes
439 working nodes out of 512
States are 0,1
Weight-choosing mode: 5
Min time to run: 0.5s
Max time to run: 1e+10s
Solutions are independent
           1       -764          0     0.00     0.00       -nan
           3       -778          0     0.00     0.00       -nan
           5       -790          0     0.00     0.00       -nan
          42       -792          0     0.00     0.00       -nan
         140       -794          0     0.00     0.02       -nan
         210       -798          0     0.00     0.02       -nan
        4405       -800          0     0.00     0.40       -nan
       61910       -800         48     5.00     5.40        9.6
      119644       -800         74    10.00    10.40        7.4
      176651       -800        112    15.00    15.40       7.47
      232680       -800        140    20.00    20.40          7
      289323       -800        173    25.00    25.40       6.92
      345598       -800        225    30.00    30.40        7.5
      402145       -800        262    35.00    35.40       7.49
      459349       -800        285    40.00    40.40       7.12
      515529       -800        316    45.00    45.40       7.02
      572141       -800        354    50.00    50.40       7.08
      629057       -800        387    55.05    55.45       7.03
      693233       -800        411    60.60    61.00       6.78
      762664       -800        448    66.71    67.11       6.72
      840478       -800        492    73.43    73.83        6.7
      857729       -800        500    74.96    75.36       6.67
Time to solution 0.14992s, assuming true minimum is -800
