N=8
Mode: 1
Seed: 820
Search strategy: 0
Initialising random weight matrix with 439 working nodes
439 working nodes out of 512
States are 0,1
Weight-choosing mode: 5
Min time to run: 0.5s
Max time to run: 1e+10s
Solutions are independent
           1       -746          0     0.00     0.00       -nan
           2       -774          0     0.00     0.00       -nan
          34       -780          0     0.00     0.01       -nan
         240       -784          0     0.00     0.02       -nan
         398       -786          0     0.00     0.04       -nan
        1601       -788          0     0.00     0.15       -nan
        3501       -790          0     0.00     0.30       -nan
       10921       -792          0     0.00     0.89       -nan
       71326       -792         40     5.00     5.89          8
      132053       -792         67    10.00    10.89        6.7
      193593       -792         95    15.00    15.89       6.33
      252969       -792        128    20.00    20.89        6.4
      313445       -792        165    25.00    25.89        6.6
      373188       -792        197    30.00    30.89       6.57
      434032       -792        229    35.00    35.89       6.54
      494619       -792        262    40.00    40.89       6.55
      555965       -792        287    45.00    45.89       6.38
      616337       -792        309    50.00    50.89       6.18
      678206       -792        341    55.09    55.98       6.19
      744859       -792        378    60.69    61.58       6.23
      819239       -792        419    66.85    67.74       6.27
      899876       -792        460    73.63    74.52       6.25
      969741       -792        500    79.31    80.20        6.3
Time to solution 0.15862s, assuming true minimum is -792
