N=8
Mode: 1
Seed: 822
Search strategy: 0
Initialising random weight matrix with 439 working nodes
439 working nodes out of 512
States are 0,1
Weight-choosing mode: 5
Min time to run: 0.5s
Max time to run: 1e+10s
Solutions are independent
           1       -810          0     0.00     0.00       -nan
           2       -826          0     0.00     0.00       -nan
          15       -828          0     0.00     0.00       -nan
          16       -834          0     0.00     0.00       -nan
         109       -836          0     0.00     0.01       -nan
         873       -838          0     0.00     0.09       -nan
        1032       -840          0     0.00     0.11       -nan
        5538       -842          0     0.00     0.52       -nan
       60998       -842         33     5.00     5.52        6.6
      116895       -842         62    10.00    10.52        6.2
      173126       -842        103    15.00    15.52       6.87
      228406       -842        134    20.00    20.52        6.7
      283492       -842        163    25.00    25.52       6.52
      338382       -842        209    30.00    30.52       6.97
      393351       -842        242    35.00    35.52       6.91
      449198       -842        282    40.00    40.52       7.05
      503820       -842        309    45.00    45.52       6.87
      557675       -842        340    50.00    50.52        6.8
      613284       -842        373    55.06    55.58       6.77
      674736       -842        406    60.62    61.14        6.7
      742935       -842        445    66.74    67.26       6.67
      818516       -842        491    73.47    73.99       6.68
      834974       -842        500    74.92    75.44       6.67
Time to solution 0.14984s, assuming true minimum is -842
