N=8
Mode: 1
Seed: 826
Search strategy: 0
Initialising random weight matrix with 439 working nodes
439 working nodes out of 512
States are 0,1
Weight-choosing mode: 5
Min time to run: 0.5s
Max time to run: 1e+10s
Solutions are independent
           1       -840          0     0.00     0.00       -nan
           2       -848          0     0.00     0.00       -nan
           3       -850          0     0.00     0.00       -nan
           7       -856          0     0.00     0.00       -nan
          10       -858          0     0.00     0.00       -nan
          12       -862          0     0.00     0.00       -nan
          13       -864          0     0.00     0.00       -nan
          65       -868          0     0.00     0.01       -nan
         811       -870          0     0.00     0.08       -nan
       52738       -870         17     5.00     5.08        3.4
      104291       -870         38    10.00    10.08        3.8
      156910       -870         67    15.00    15.08       4.47
      209495       -870         90    20.00    20.08        4.5
      262076       -870        114    25.00    25.08       4.56
      315266       -870        150    30.00    30.08          5
      367428       -870        182    35.00    35.08        5.2
      421079       -870        206    40.00    40.08       5.15
      473520       -870        240    45.00    45.08       5.33
      525920       -870        262    50.00    50.08       5.24
      578849       -870        284    55.01    55.09       5.16
      637435       -870        312    60.52    60.60       5.16
      699646       -870        340    66.59    66.67       5.11
      769427       -870        371    73.26    73.34       5.06
      846993       -870        407    80.60    80.68       5.05
      930483       -870        451    88.67    88.75       5.09
     1023013       -870        498    97.55    97.63       5.11
     1030709       -870        500    98.34    98.42       5.08
Time to solution 0.19668s, assuming true minimum is -870
