N=8
Mode: 1
Seed: 847
Search strategy: 0
Initialising random weight matrix with 439 working nodes
439 working nodes out of 512
States are 0,1
Weight-choosing mode: 5
Min time to run: 0.5s
Max time to run: 1e+10s
Solutions are independent
           1       -746          0     0.00     0.00       -nan
           2       -752          0     0.00     0.00       -nan
           3       -760          0     0.00     0.00       -nan
           4       -764          0     0.00     0.00       -nan
          51       -766          0     0.00     0.01       -nan
          69       -768          0     0.00     0.01       -nan
          81       -770          0     0.00     0.01       -nan
         101       -776          0     0.00     0.02       -nan
        1499       -778          0     0.00     0.15       -nan
       11816       -780          0     0.00     1.04       -nan
       67822       -780         38     5.00     6.04        7.6
      124932       -780         78    10.00    11.04        7.8
      181267       -780        111    15.00    16.04        7.4
      237919       -780        131    20.00    21.04       6.55
      294151       -780        165    25.00    26.04        6.6
      351155       -780        210    30.00    31.04          7
      408280       -780        256    35.00    36.04       7.31
      465328       -780        288    40.00    41.04        7.2
      521523       -780        317    45.00    46.04       7.04
      578483       -780        351    50.00    51.04       7.02
      637122       -780        396    55.11    56.15       7.19
      700994       -780        433    60.73    61.77       7.13
      772014       -780        465    66.91    67.95       6.95
      825531       -780        500    71.56    72.60       6.99
Time to solution 0.14312s, assuming true minimum is -780
