N=8
Mode: 1
Seed: 853
Search strategy: 0
Initialising random weight matrix with 439 working nodes
439 working nodes out of 512
States are 0,1
Weight-choosing mode: 5
Min time to run: 0.5s
Max time to run: 1e+10s
Solutions are independent
           1       -820          0     0.00     0.00       -nan
           2       -826          0     0.00     0.00       -nan
           3       -834          0     0.00     0.00       -nan
          21       -838          0     0.00     0.00       -nan
          25       -842          0     0.00     0.00       -nan
         504       -844          0     0.00     0.05       -nan
         908       -846          0     0.00     0.08       -nan
        7187       -848          0     0.00     0.64       -nan
       61147       -848         21     5.00     5.64        4.2
      115513       -848         49    10.00    10.64        4.9
      171018       -848         80    15.00    15.64       5.33
      225265       -848        102    20.00    20.64        5.1
      280534       -848        126    25.00    25.64       5.04
      334820       -848        154    30.00    30.64       5.13
      389719       -848        189    35.00    35.64        5.4
      444897       -848        219    40.00    40.64       5.47
      498762       -848        253    45.00    45.64       5.62
      554306       -848        285    50.00    50.64        5.7
      610725       -848        320    55.07    55.71       5.81
      672407       -848        352    60.65    61.29        5.8
      740048       -848        382    66.78    67.42       5.72
      815903       -848        424    73.53    74.17       5.77
      896008       -848        475    80.95    81.59       5.87
      944067       -848        500    85.27    85.91       5.86
Time to solution 0.17054s, assuming true minimum is -848
