N=8
Mode: 1
Seed: 855
Search strategy: 0
Initialising random weight matrix with 439 working nodes
439 working nodes out of 512
States are 0,1
Weight-choosing mode: 5
Min time to run: 0.5s
Max time to run: 1e+10s
Solutions are independent
           1       -742          0     0.00     0.00       -nan
           2       -756          0     0.00     0.00       -nan
           3       -766          0     0.00     0.00       -nan
           4       -770          0     0.00     0.00       -nan
          37       -774          0     0.00     0.00       -nan
          86       -780          0     0.00     0.01       -nan
         165       -782          0     0.00     0.02       -nan
       26206       -784          0     0.00     2.19       -nan
       85805       -784         41     5.00     7.19        8.2
      145677       -784         80    10.01    12.20       7.99
      205901       -784        120    15.01    17.20       7.99
      265385       -784        155    20.01    22.20       7.75
      324478       -784        197    25.01    27.20       7.88
      384757       -784        240    30.01    32.20          8
      445347       -784        265    35.01    37.20       7.57
      505012       -784        304    40.01    42.20        7.6
      565104       -784        332    45.01    47.20       7.38
      625202       -784        363    50.01    52.20       7.26
      688613       -784        399    55.24    57.43       7.22
      757411       -784        437    60.99    63.18       7.17
      832216       -784        482    67.31    69.50       7.16
      856062       -784        500    69.27    71.46       7.22
Time to solution 0.13854s, assuming true minimum is -784
