N=8
Mode: 1
Seed: 864
Search strategy: 0
Initialising random weight matrix with 439 working nodes
439 working nodes out of 512
States are 0,1
Weight-choosing mode: 5
Min time to run: 0.5s
Max time to run: 1e+10s
Solutions are independent
           1       -814          0     0.00     0.00       -nan
           2       -834          0     0.00     0.00       -nan
           3       -838          0     0.00     0.00       -nan
           6       -848          0     0.00     0.00       -nan
        1859       -850          0     0.00     0.19       -nan
       55028       -850          9     5.00     5.19        1.8
      108430       -850         17    10.01    10.20        1.7
      160401       -850         27    15.01    15.20        1.8
      215920       -850         47    20.01    20.20       2.35
      270110       -850         56    25.01    25.20       2.24
      325172       -850         72    30.01    30.20        2.4
      378727       -850         91    35.01    35.20        2.6
      434535       -850        108    40.01    40.20        2.7
      489719       -850        117    45.01    45.20        2.6
      542621       -850        131    50.01    50.20       2.62
      597348       -850        145    55.04    55.23       2.63
      656916       -850        157    60.57    60.76       2.59
      721369       -850        169    66.65    66.84       2.54
      794176       -850        182    73.34    73.53       2.48
      873391       -850        198    80.70    80.89       2.45
      959436       -850        213    88.79    88.98        2.4
     1054490       -850        228    97.69    97.88       2.33
     1160543       -850        260   107.48   107.67       2.42
     1276843       -850        291   118.25   118.44       2.46
     1403769       -850        324   130.10   130.29       2.49
     1543670       -850        346   143.13   143.32       2.42
     1697521       -850        376   157.47   157.66       2.39
     1865714       -850        421   173.24   173.43       2.43
     2052425       -850        467   190.59   190.78       2.45
     2256843       -850        498   209.67   209.86       2.38
     2264571       -850        500   210.36   210.55       2.38
Time to solution 0.42072s, assuming true minimum is -850
