N=8
Mode: 1
Seed: 877
Search strategy: 0
Initialising random weight matrix with 439 working nodes
439 working nodes out of 512
States are 0,1
Weight-choosing mode: 5
Min time to run: 0.5s
Max time to run: 1e+10s
Solutions are independent
           1       -770          0     0.00     0.00       -nan
           2       -772          0     0.00     0.00       -nan
           3       -786          0     0.00     0.00       -nan
          50       -788          0     0.00     0.01       -nan
         254       -790          0     0.00     0.03       -nan
         553       -792          0     0.00     0.06       -nan
        2416       -794          0     0.00     0.24       -nan
        8534       -796          0     0.00     0.80       -nan
       62321       -796         26     5.00     5.80        5.2
      117531       -796         53    10.00    10.80        5.3
      170700       -796         73    15.00    15.80       4.87
      224378       -796         95    20.00    20.80       4.75
      279519       -796        127    25.00    25.80       5.08
      331958       -796        149    30.00    30.80       4.97
      385186       -796        169    35.00    35.80       4.83
      439287       -796        190    40.00    40.80       4.75
      491809       -796        207    45.00    45.80        4.6
      545747       -796        232    50.00    50.80       4.64
      600823       -796        262    55.08    55.88       4.76
      661504       -796        299    60.67    61.47       4.93
      727386       -796        330    66.82    67.62       4.94
      800397       -796        377    73.59    74.39       5.12
      879949       -796        412    81.03    81.83       5.08
      967334       -796        452    89.22    90.02       5.07
     1063246       -796        481    98.23    99.03        4.9
     1106539       -796        500   102.23   103.03       4.89
Time to solution 0.20446s, assuming true minimum is -796
