N=8
Mode: 1
Seed: 887
Search strategy: 0
Initialising random weight matrix with 439 working nodes
439 working nodes out of 512
States are 0,1
Weight-choosing mode: 5
Min time to run: 0.5s
Max time to run: 1e+10s
Solutions are independent
           1       -780          0     0.00     0.00       -nan
           4       -784          0     0.00     0.00       -nan
          14       -788          0     0.00     0.00       -nan
         128       -790          0     0.00     0.02       -nan
         340       -792          0     0.00     0.04       -nan
         462       -794          0     0.00     0.05       -nan
         596       -796          0     0.00     0.06       -nan
       54909       -796         32     5.00     5.06        6.4
      110856       -796         66    10.00    10.06        6.6
      166386       -796         96    15.00    15.06        6.4
      221606       -796        129    20.01    20.07       6.45
      276793       -796        163    25.01    25.07       6.52
      330888       -796        195    30.01    30.07        6.5
      385917       -796        236    35.01    35.07       6.74
      441237       -796        276    40.01    40.07        6.9
      495447       -796        305    45.01    45.07       6.78
      550355       -796        335    50.01    50.07        6.7
      605590       -796        371    55.02    55.08       6.74
      665648       -796        406    60.53    60.59       6.71
      732052       -796        454    66.59    66.65       6.82
      806010       -796        489    73.26    73.32       6.67
      818523       -796        500    74.36    74.42       6.72
Time to solution 0.14872s, assuming true minimum is -796
