N=8
Mode: 1
Seed: 889
Search strategy: 0
Initialising random weight matrix with 439 working nodes
439 working nodes out of 512
States are 0,1
Weight-choosing mode: 5
Min time to run: 0.5s
Max time to run: 1e+10s
Solutions are independent
           1       -774          0     0.00     0.00       -nan
          14       -776          0     0.00     0.00       -nan
          77       -778          0     0.00     0.01       -nan
          88       -782          0     0.00     0.01       -nan
         321       -784          0     0.00     0.04       -nan
         925       -786          0     0.00     0.09       -nan
        2123       -788          0     0.00     0.20       -nan
        5830       -790          0     0.00     0.52       -nan
       62732       -790         20     5.00     5.52          4
      119579       -790         41    10.00    10.52        4.1
      174143       -790         56    15.00    15.52       3.73
      231388       -790         77    20.00    20.52       3.85
      287403       -790         98    25.00    25.52       3.92
      343927       -790        116    30.00    30.52       3.87
      401028       -790        132    35.00    35.52       3.77
      458189       -790        157    40.00    40.52       3.92
      513406       -790        178    45.00    45.52       3.96
      569963       -790        193    50.00    50.52       3.86
      628208       -790        213    55.06    55.58       3.87
      690894       -790        233    60.62    61.14       3.84
      761132       -790        261    66.74    67.26       3.91
      836566       -790        289    73.47    73.99       3.93
      918480       -790        316    80.87    81.39       3.91
     1011069       -790        348    89.01    89.53       3.91
     1111451       -790        377    97.97    98.49       3.85
     1223132       -790        418   107.82   108.34       3.88
     1345825       -790        463   118.66   119.18        3.9
     1466676       -790        500   129.38   129.90       3.86
Time to solution 0.25876s, assuming true minimum is -790
