N=8
Mode: 1
Seed: 892
Search strategy: 0
Initialising random weight matrix with 439 working nodes
439 working nodes out of 512
States are 0,1
Weight-choosing mode: 5
Min time to run: 0.5s
Max time to run: 1e+10s
Solutions are independent
           1       -726          0     0.00     0.00       -nan
           2       -752          0     0.00     0.00       -nan
          70       -756          0     0.00     0.01       -nan
        1826       -760          0     0.00     0.19       -nan
       55951       -760         15     5.00     5.19          3
      110231       -760         27    10.01    10.20        2.7
      166386       -760         36    15.01    15.20        2.4
      221672       -760         48    20.01    20.20        2.4
      276217       -760         56    25.01    25.20       2.24
      330338       -760         60    30.01    30.20          2
      386161       -760         71    35.01    35.20       2.03
      441547       -760         79    40.01    40.20       1.97
      496691       -760         88    45.01    45.20       1.96
      552342       -760         99    50.01    50.20       1.98
      608039       -760        117    55.04    55.23       2.13
      669796       -760        132    60.57    60.76       2.18
      736962       -760        145    66.65    66.84       2.18
      808641       -760        158    73.34    73.53       2.15
      889614       -760        183    80.70    80.89       2.27
      978900       -760        204    88.79    88.98        2.3
     1077900       -760        227    97.69    97.88       2.32
     1184088       -760        244   107.48   107.67       2.27
     1305363       -760        271   118.25   118.44       2.29
     1434470       -760        296   130.10   130.29       2.28
     1576603       -760        329   143.13   143.32        2.3
     1734274       -760        361   157.47   157.66       2.29
     1906890       -760        389   173.24   173.43       2.25
     2094930       -760        421   190.59   190.78       2.21
     2303940       -760        468   209.67   209.86       2.23
     2470688       -760        500   224.80   224.99       2.22
Time to solution 0.4496s, assuming true minimum is -760
