N=8
Mode: 1
Seed: 896
Search strategy: 0
Initialising random weight matrix with 439 working nodes
439 working nodes out of 512
States are 0,1
Weight-choosing mode: 5
Min time to run: 0.5s
Max time to run: 1e+10s
Solutions are independent
           1       -732          0     0.00     0.00       -nan
           2       -744          0     0.00     0.00       -nan
           4       -746          0     0.00     0.00       -nan
           6       -752          0     0.00     0.00       -nan
         347       -756          0     0.00     0.04       -nan
         627       -758          0     0.00     0.07       -nan
        4968       -762          0     0.00     0.47       -nan
       62859       -762          2     5.00     5.47        0.4
      119604       -762          7    10.00    10.47        0.7
      177513       -762         13    15.00    15.47      0.867
      233183       -762         14    20.00    20.47        0.7
      290728       -762         20    25.00    25.47        0.8
      348571       -762         25    30.00    30.47      0.833
      405178       -762         28    35.00    35.47        0.8
      461798       -762         34    40.00    40.47       0.85
      518338       -762         39    45.00    45.47      0.867
      575778       -762         44    50.00    50.47       0.88
      633778       -762         46    55.05    55.52      0.836
      697997       -762         50    60.61    61.08      0.825
      768505       -762         57    66.72    67.19      0.854
      846336       -762         62    73.44    73.91      0.844
      931366       -762         70    80.84    81.31      0.866
     1024807       -762         78    88.98    89.45      0.877
     1128695       -762         88    97.93    98.40      0.899
     1240670       -762         94   107.78   108.25      0.872
     1364779       -762        104   118.61   119.08      0.877
     1501280       -762        113   130.52   130.99      0.866
     1652690       -762        128   143.62   144.09      0.891
     1816851       -762        141   158.03   158.50      0.892
     2000329       -762        156   173.89   174.36      0.897
     2198160       -762        166   191.33   191.80      0.868
     2416276       -762        183   210.52   210.99      0.869
     2657549       -762        204   231.62   232.09      0.881
     2922325       -762        225   254.83   255.30      0.883
     3212957       -762        241   280.37   280.84       0.86
     3534362       -762        271   308.46   308.93      0.879
     3889564       -762        304   339.36   339.83      0.896
     4282770       -762        338   373.35   373.82      0.905
     4710929       -762        369   410.74   411.21      0.898
     5183612       -762        400   451.87   452.34      0.885
     5706014       -762        441   497.11   497.58      0.887
     6277850       -762        480   546.87   547.34      0.878
     6486906       -762        500   564.87   565.34      0.885
Time to solution 1.12974s, assuming true minimum is -762
