N=8
Mode: 1
Seed: 907
Search strategy: 0
Initialising random weight matrix with 439 working nodes
439 working nodes out of 512
States are 0,1
Weight-choosing mode: 5
Min time to run: 0.5s
Max time to run: 1e+10s
Solutions are independent
           1       -824          0     0.00     0.00       -nan
           6       -828          0     0.00     0.00       -nan
          16       -834          0     0.00     0.00       -nan
          22       -836          0     0.00     0.00       -nan
          62       -840          0     0.00     0.00       -nan
        1104       -842          0     0.00     0.11       -nan
        2188       -844          0     0.00     0.21       -nan
       57147       -844         22     5.00     5.21        4.4
      112546       -844         52    10.00    10.21        5.2
      169273       -844         92    15.00    15.21       6.13
      226234       -844        117    20.00    20.21       5.85
      282238       -844        152    25.00    25.21       6.08
      337929       -844        183    30.00    30.21        6.1
      394493       -844        212    35.00    35.21       6.06
      450773       -844        242    40.00    40.21       6.05
      506878       -844        275    45.00    45.21       6.11
      562739       -844        313    50.00    50.21       6.26
      617909       -844        332    55.03    55.24       6.03
      679762       -844        361    60.56    60.77       5.96
      749174       -844        404    66.64    66.85       6.06
      824314       -844        435    73.33    73.54       5.93
      907621       -844        480    80.69    80.90       5.95
      952407       -844        500    84.61    84.82       5.91
Time to solution 0.16922s, assuming true minimum is -844
