N=8
Mode: 1
Seed: 918
Search strategy: 0
Initialising random weight matrix with 439 working nodes
439 working nodes out of 512
States are 0,1
Weight-choosing mode: 5
Min time to run: 0.5s
Max time to run: 1e+10s
Solutions are independent
           1       -766          0     0.00     0.00       -nan
           2       -774          0     0.00     0.00       -nan
          14       -780          0     0.00     0.00       -nan
         331       -782          0     0.00     0.03       -nan
        6436       -784          0     0.00     0.57       -nan
       62669       -784         32     5.00     5.57        6.4
      118754       -784         60    10.00    10.57          6
      174921       -784         86    15.00    15.57       5.73
      231182       -784        111    20.00    20.57       5.55
      269022       -786          0     0.00    23.86       -nan
      325311       -786          1     5.00    28.86        0.2
      381332       -786          4    10.00    33.86        0.4
      438402       -786          5    15.00    38.86      0.333
      496648       -786          6    20.00    43.86        0.3
      555194       -786          9    25.00    48.86       0.36
      614192       -786          9    30.00    53.86        0.3
      676632       -786          9    35.39    59.25      0.254
      744767       -786         12    41.32    65.18       0.29
      816892       -786         15    47.84    71.70      0.314
      898814       -786         18    55.01    78.87      0.327
      987774       -786         22    62.90    86.76       0.35
     1087198       -786         23    71.58    95.44      0.321
     1197676       -786         29    81.13   104.99      0.357
     1317856       -786         33    91.63   115.49       0.36
     1450083       -786         37   103.18   127.04      0.359
     1595091       -786         51   115.89   139.75       0.44
     1758578       -786         61   129.87   153.73       0.47
     1932124       -786         64   145.25   169.11      0.441
     2123304       -786         66   162.17   186.03      0.407
     2336736       -786         71   180.78   204.64      0.393
     2574094       -786         77   201.25   225.11      0.383
     2834891       -786         85   223.77   247.63       0.38
     3123825       -786         95   248.54   272.40      0.382
     3433415       -786        106   275.78   299.64      0.384
     3775797       -786        119   305.75   329.61      0.389
     4155578       -786        129   338.72   362.58      0.381
     4568379       -786        140   374.98   398.84      0.373
     5017789       -786        154   414.87   438.73      0.371
     5518823       -786        176   458.75   482.61      0.384
     6071764       -786        193   507.02   530.88      0.381
     6683052       -786        219   560.11   583.97      0.391
     7352907       -786        245   618.51   642.37      0.396
     8085770       -786        279   682.75   706.61      0.409
     8898447       -786        320   753.42   777.28      0.425
     9788395       -786        362   831.15   855.01      0.436
    10764049       -786        391   916.66   940.52      0.427
    11843823       -786        426  1010.72  1034.58      0.421
    13023746       -786        463  1114.18  1138.04      0.416
    14004803       -786        500  1194.01  1217.87      0.419
Time to solution 2.38802s, assuming true minimum is -786
