N=8
Mode: 1
Seed: 929
Search strategy: 0
Initialising random weight matrix with 439 working nodes
439 working nodes out of 512
States are 0,1
Weight-choosing mode: 5
Min time to run: 0.5s
Max time to run: 1e+10s
Solutions are independent
           1       -750          0     0.00     0.00       -nan
           3       -766          0     0.00     0.00       -nan
         107       -768          0     0.00     0.01       -nan
         121       -776          0     0.00     0.01       -nan
        2470       -778          0     0.00     0.22       -nan
       12591       -780          0     0.00     1.14       -nan
       69624       -780         11     5.00     6.14        2.2
      126904       -780         22    10.00    11.14        2.2
      183434       -780         30    15.00    16.14          2
      241314       -780         37    20.00    21.14       1.85
      299161       -780         48    25.00    26.14       1.92
      355740       -780         55    30.00    31.14       1.83
      412362       -780         67    35.00    36.14       1.91
      470200       -780         77    40.00    41.14       1.93
      527424       -780         86    45.00    46.14       1.91
      585458       -780         95    50.00    51.14        1.9
      642367       -780        102    55.12    56.26       1.85
      706006       -780        112    60.75    61.89       1.84
      776996       -780        132    66.94    68.08       1.97
      855083       -780        146    73.75    74.89       1.98
      939545       -780        158    81.24    82.38       1.94
     1034634       -780        174    89.48    90.62       1.94
     1139297       -780        198    98.55    99.69       2.01
     1253239       -780        226   108.52   109.66       2.08
     1377665       -780        251   119.49   120.63        2.1
     1517686       -780        282   131.56   132.70       2.14
     1670168       -780        302   144.83   145.97       2.09
     1836707       -780        325   159.43   160.57       2.04
     2019849       -780        357   175.49   176.63       2.03
     2222690       -780        392   193.16   194.30       2.03
     2444219       -780        431   212.60   213.74       2.03
     2691169       -780        480   233.98   235.12       2.05
     2781706       -780        500   241.84   242.98       2.07
Time to solution 0.48368s, assuming true minimum is -780
