N=8
Mode: 1
Seed: 957
Search strategy: 0
Initialising random weight matrix with 439 working nodes
439 working nodes out of 512
States are 0,1
Weight-choosing mode: 5
Min time to run: 0.5s
Max time to run: 1e+10s
Solutions are independent
           1       -830          0     0.00     0.00       -nan
           3       -838          0     0.00     0.00       -nan
           5       -848          0     0.00     0.00       -nan
          72       -850          0     0.00     0.01       -nan
         489       -852          0     0.00     0.05       -nan
         564       -854          0     0.00     0.06       -nan
       57765       -854         24     5.00     5.06        4.8
      114367       -854         39    10.00    10.06        3.9
      171643       -854         70    15.00    15.06       4.67
      228986       -854         94    20.01    20.07        4.7
      285531       -854        117    25.01    25.07       4.68
      340821       -854        140    30.01    30.07       4.67
      397706       -854        169    35.01    35.07       4.83
      454830       -854        197    40.01    40.07       4.92
      511342       -854        225    45.01    45.07          5
      568555       -854        255    50.01    50.07        5.1
      626264       -854        283    55.02    55.08       5.14
      690175       -854        310    60.53    60.59       5.12
      757939       -854        335    66.59    66.65       5.03
      834097       -854        365    73.26    73.32       4.98
      916905       -854        392    80.60    80.66       4.86
     1008945       -854        429    88.67    88.73       4.84
     1110194       -854        480    97.55    97.61       4.92
     1148870       -854        500   100.82   100.88       4.96
Time to solution 0.20164s, assuming true minimum is -854
