N=8
Mode: 1
Seed: 958
Search strategy: 0
Initialising random weight matrix with 439 working nodes
439 working nodes out of 512
States are 0,1
Weight-choosing mode: 5
Min time to run: 0.5s
Max time to run: 1e+10s
Solutions are independent
           1       -762          0     0.00     0.00       -nan
           2       -764          0     0.00     0.00       -nan
           3       -780          0     0.00     0.00       -nan
          65       -782          0     0.00     0.01       -nan
         595       -784          0     0.00     0.05       -nan
       58165       -784         29     5.00     5.05        5.8
      115792       -784         53    10.00    10.05        5.3
      173753       -784         83    15.00    15.05       5.53
      230713       -784        103    20.00    20.05       5.15
      288200       -784        125    25.00    25.05          5
      346707       -784        150    30.00    30.05          5
      405152       -784        175    35.00    35.05          5
      462975       -784        201    40.00    40.05       5.03
      520813       -784        231    45.00    45.05       5.13
      579025       -784        260    50.00    50.05        5.2
      637528       -784        279    55.01    55.06       5.07
      701658       -784        312    60.52    60.57       5.16
      774106       -784        337    66.58    66.63       5.06
      852276       -784        360    73.25    73.30       4.91
      936640       -784        396    80.59    80.64       4.91
     1030910       -784        455    88.66    88.71       5.13
     1108691       -784        500    95.23    95.28       5.25
Time to solution 0.19046s, assuming true minimum is -784
