N=8
Mode: 1
Seed: 971
Search strategy: 0
Initialising random weight matrix with 439 working nodes
439 working nodes out of 512
States are 0,1
Weight-choosing mode: 5
Min time to run: 0.5s
Max time to run: 1e+10s
Solutions are independent
           1       -722          0     0.00     0.00       -nan
           2       -726          0     0.00     0.00       -nan
           3       -738          0     0.00     0.00       -nan
          79       -742          0     0.00     0.01       -nan
         262       -744          0     0.00     0.03       -nan
         269       -746          0     0.00     0.04       -nan
         697       -748          0     0.00     0.08       -nan
        7376       -750          0     0.00     0.71       -nan
       61095       -750         14     5.00     5.71        2.8
      116004       -750         30    10.00    10.71          3
      169578       -750         47    15.00    15.71       3.13
      224957       -750         65    20.00    20.71       3.25
      279073       -750         83    25.00    25.71       3.32
      333528       -750        103    30.00    30.71       3.43
      386807       -750        115    35.00    35.71       3.29
      441180       -750        130    40.00    40.71       3.25
      496789       -750        149    45.00    45.71       3.31
      551648       -750        165    50.00    50.71        3.3
      606362       -750        184    55.08    55.79       3.34
      667376       -750        209    60.66    61.37       3.45
      732843       -750        232    66.80    67.51       3.47
      806381       -750        257    73.56    74.27       3.49
      886914       -750        274    80.99    81.70       3.38
      975299       -750        313    89.16    89.87       3.51
     1072847       -750        343    98.15    98.86       3.49
     1179843       -750        389   108.04   108.75        3.6
     1295805       -750        425   118.92   119.63       3.57
     1427005       -750        465   130.89   131.60       3.55
     1513159       -750        500   138.86   139.57        3.6
Time to solution 0.27772s, assuming true minimum is -750
