N=8
Mode: 1
Seed: 98
Search strategy: 0
Initialising random weight matrix with 439 working nodes
439 working nodes out of 512
States are 0,1
Weight-choosing mode: 5
Min time to run: 0.5s
Max time to run: 1e+10s
Solutions are independent
           1       -784          0     0.00     0.00       -nan
           3       -792          0     0.00     0.00       -nan
           4       -812          0     0.00     0.00       -nan
          11       -814          0     0.00     0.00       -nan
          60       -816          0     0.00     0.00       -nan
         167       -818          0     0.00     0.01       -nan
         587       -820          0     0.00     0.06       -nan
        1567       -822          0     0.00     0.16       -nan
        3728       -824          0     0.00     0.35       -nan
       10344       -826          0     0.00     0.96       -nan
       64798       -826         18     5.00     5.96        3.6
      118810       -826         50    10.00    10.96          5
      173554       -826         73    15.00    15.96       4.87
      227076       -826         96    20.00    20.96        4.8
      281117       -826        118    25.00    25.96       4.72
      336701       -826        143    30.00    30.96       4.77
      390636       -826        176    35.00    35.96       5.03
      444682       -826        199    40.00    40.96       4.97
      501086       -826        236    45.00    45.96       5.24
      556589       -826        259    50.00    50.96       5.18
      614402       -826        282    55.10    56.06       5.12
      680202       -826        313    60.71    61.67       5.16
      751276       -826        338    66.88    67.84       5.05
      830053       -826        376    73.67    74.63        5.1
      916087       -826        412    81.14    82.10       5.08
     1015059       -826        455    89.35    90.31       5.09
     1101692       -826        500    96.53    97.49       5.18
Time to solution 0.19306s, assuming true minimum is -826
